2.515881128659986365e-01 -7.233180848587611607e-05 5.321812809348335227e-01 -7.233180848587611607e-05 2.320042757184476445e-01 -1.808295212146902902e-05 5.321812809348335227e-01 -1.808295212146902902e-05 -2.322212711439052835e-01
1.954947953852016751e-01 -5.542424825230257701e-02 5.854717408368027565e-01 -5.542424825230257701e-02 1.042482189802689529e-01 5.352553827954832644e-03 5.854717408368027565e-01 5.352553827954832644e-03 -4.968291095373615907e-01
1.538859225537014264e-01 -1.094561091912520379e-01 6.373878963775403417e-01 -1.094561091912520379e-01 -9.366969198920957126e-03 1.191666544804809158e-02 6.373878963775403417e-01 1.191666544804809158e-02 -7.416180324056877993e-01
1.269423238927125941e-01 -1.618966703435122112e-01 6.878935816528033431e-01 -1.618966703435122112e-01 -1.082264684469921440e-01 1.971041781240124094e-02 6.878935816528033431e-01 1.971041781240124094e-02 -9.657743069034179229e-01
1.138321836046475438e-01 -2.123661897145322774e-01 7.369887966625917608e-01 -2.123661897145322774e-01 -1.926557719021310400e-01 2.858914730404253646e-02 7.369887966625917608e-01 2.858914730404253646e-02 -1.169478762551766637e+00
1.128737871422096917e-01 -2.606476718788545699e-01 7.847639561675129327e-01 -2.606476718788545699e-01 -2.638121885001116773e-01 3.853477097085050013e-02 7.847639561675129327e-01 3.853477097085050013e-02 -1.354503528658637546e+00
1.225120006229526853e-01 -3.064879555067785977e-01 8.313456408324171321e-01 -3.064879555067785977e-01 -3.227264465118577230e-01 4.951112290858220716e-02 8.313456408324171321e-01 4.951112290858220716e-02 -1.522240992537384319e+00
1.408119481698793252e-01 -3.496881281249680784e-01 8.768965972263976782e-01 -3.496881281249680784e-01 -3.708994309634512376e-01 6.148203721299470154e-02 8.768965972263976782e-01 6.148203721299470154e-02 -1.674770693681975509e+00
1.654770948635630734e-01 -3.900492772600869795e-01 9.216519037270335390e-01 -3.900492772600869795e-01 -4.101394370670390921e-01 7.433901617135918460e-02 9.216519037270335390e-01 7.433901617135918460e-02 -1.814877406719117792e+00
1.941566569282129617e-01 -4.274629051994063844e-01 9.659370534725112423e-01 -4.274629051994063844e-01 -4.423451747953753843e-01 8.817247454428298048e-02 9.659370534725112423e-01 8.817247454428298048e-02 -1.945852228934918049e+00
1.080969177836456474e+01 7.282909021428790375e+00 -1.899447767977696344e+01 7.282909021428790375e+00 -6.532263569532439362e+00 7.878260859203595423e+00 -1.899447767977696344e+01 7.878260859203595423e+00 4.151561285084106601e+01
1.081606243135226642e+01 7.186740793462762511e+00 -1.877959340709068314e+01 7.186740793462762511e+00 -6.631223431953752190e+00 7.926112336982003015e+00 -1.877959340709068314e+01 7.926112336982003015e+00 4.134099253664446394e+01
1.075758126853258290e+01 7.080783949810575351e+00 -1.850955645881986555e+01 7.080783949810575351e+00 -6.768335631930624707e+00 7.958395084144399334e+00 -1.850955645881986555e+01 7.958395084144399334e+00 4.101800400918654788e+01
1.063408723407155421e+01 6.966470097885195223e+00 -1.818527948469027677e+01 6.966470097885195223e+00 -6.942866470663910050e+00 7.974160660779692655e+00 -1.818527948469027677e+01 7.974160660779692655e+00 4.054682621939392817e+01
1.044509716046730752e+01 6.845356110748225476e+00 -1.780833725285618385e+01 6.845356110748225476e+00 -7.154601207041662470e+00 7.972532207347442501e+00 -1.780833725285618385e+01 7.972532207347442501e+00 3.992969605384937637e+01
1.019052157225652877e+01 6.718891490905291697e+00 -1.738062664313976313e+01 6.718891490905291697e+00 -7.403378785229927317e+00 7.952561283936560699e+00 -1.738062664313976313e+01 7.952561283936560699e+00 3.916897566478426995e+01
9.870467839995193060e+00 6.588758377066631589e+00 -1.690445612249442320e+01 6.588758377066631589e+00 -7.689181310136037339e+00 7.913424716284585436e+00 -1.690445612249442320e+01 7.913424716284585436e+00 3.826742089646857892e+01
9.485615977204458815e+00 6.456621012849818264e+00 -1.638240258426350948e+01 6.456621012849818264e+00 -8.011794040648050341e+00 7.854406700685040654e+00 -1.638240258426350948e+01 7.854406700685040654e+00 3.722918341039991219e+01
9.037039689444050339e+00 6.323964690945804712e+00 -1.581747240401424293e+01 6.323964690945804712e+00 -8.371073816024670933e+00 7.774988279450720796e+00 -1.581747240401424293e+01 7.774988279450720796e+00 3.605789591038865893e+01
8.526277954682907279e+00 6.192364179508854427e+00 -1.521288669842580532e+01 6.192364179508854427e+00 -8.766949055895246090e+00 7.674811550728385612e+00 -1.521288669842580532e+01 7.674811550728385612e+00 3.475975009849591402e+01
-3.688215922926615065e+01 -9.248361189058890375e+00 -2.626815536729850464e+00 -9.248361189058890375e+00 -2.755587166575912761e+01 -1.778156424682438441e+01 -2.626815536729850464e+00 -1.778156424682438441e+01 -3.851514843608695315e+01
-3.677335386630370806e+01 -9.236433682765808229e+00 -2.761880346086738491e+00 -9.236433682765808229e+00 -2.750325811022187139e+01 -1.760963776325697339e+01 -2.761880346086738491e+00 -1.760963776325697339e+01 -3.829678040817521634e+01
-3.661134803876419141e+01 -9.218523490776515672e+00 -2.894256733390265346e+00 -9.218523490776515672e+00 -2.740363503385013644e+01 -1.741374267180537316e+01 -2.894256733390265346e+00 -1.741374267180537316e+01 -3.794065914885322854e+01
-3.639625534194563983e+01 -9.194611680541338927e+00 -3.023868968441744354e+00 -9.194611680541338927e+00 -2.725702136919360186e+01 -1.719368964697286728e+01 -3.023868968441744354e+00 -1.719368964697286728e+01 -3.744881044093585132e+01
-3.612921172882832366e+01 -9.164755049709293999e+00 -3.150338400247745252e+00 -9.164755049709293999e+00 -2.706474239472926513e+01 -1.694959228405748064e+01 -3.150338400247745252e+00 -1.694959228405748064e+01 -3.682333579743662000e+01
-3.581131528729320479e+01 -9.129048261028737343e+00 -3.273134917417463985e+00 -9.129048261028737343e+00 -2.682789619833808814e+01 -1.668150738070823280e+01 -3.273134917417463985e+00 -1.668150738070823280e+01 -3.606779453769379273e+01
-3.544472432800284878e+01 -9.087604909797699193e+00 -3.391879868957469846e+00 -9.087604909797699193e+00 -2.654866002323229424e+01 -1.638954853222315577e+01 -3.391879868957469846e+00 -1.638954853222315577e+01 -3.518616249713839750e+01
-3.502996896234805035e+01 -9.040690051711582242e+00 -3.506005278377615220e+00 -9.040690051711582242e+00 -2.622790476669677417e+01 -1.607415118724468783e+01 -3.506005278377615220e+00 -1.607415118724468783e+01 -3.418290775749292010e+01
-3.457164979989899933e+01 -8.988227956571694932e+00 -3.615170359783813403e+00 -8.988227956571694932e+00 -2.586962519671222793e+01 -1.573497455987874361e+01 -3.615170359783813403e+00 -1.573497455987874361e+01 -3.306435379034765276e+01
-3.407173582582153415e+01 -8.930521545172789288e+00 -3.718845001785259452e+00 -8.930521545172789288e+00 -2.547594175884187351e+01 -1.537254876151612670e+01 -3.718845001785259452e+00 -1.537254876151612670e+01 -3.183773282967715446e+01
-2.676913286867674913e+01 -3.428906096824450855e-02 9.640519689031739503e+00 -3.428906096824450855e-02 1.087972488707961105e+01 1.246498950226051683e+01 9.640519689031739503e+00 1.246498950226051683e+01 -1.103834842766988622e+01
-2.675523041286750825e+01 4.471132362365643625e-02 9.752984878318610384e+00 4.471132362365643625e-02 1.068589644521745008e+01 1.246011723184515674e+01 9.752984878318610384e+00 1.246011723184515674e+01 -1.128036838630953120e+01
-2.669967554004876220e+01 1.244810140706141544e-01 9.854826320083267532e+00 1.244810140706141544e-01 1.049364324867755016e+01 1.243139647992303765e+01 9.854826320083267532e+00 1.243139647992303765e+01 -1.147392207608059955e+01
-2.660213854771120978e+01 2.044155557722268646e-01 9.945897479877130465e+00 2.044155557722268646e-01 1.030479697806718598e+01 1.237954160193099717e+01 9.945897479877130465e+00 1.237954160193099717e+01 -1.161813029029159772e+01
-2.646401151311637179e+01 2.839104941280928829e-01 1.002575875435445241e+01 2.839104941280928829e-01 1.012001703840497946e+01 1.230502883482692766e+01 1.002575875435445241e+01 1.230502883482692766e+01 -1.171306629616681683e+01
-2.628688799839259005e+01 3.623430577317376389e-01 1.009386063933304989e+01 3.623430577317376389e-01 9.939706399424530048e+00 1.220827946515050222e+01 1.009386063933304989e+01 1.220827946515050222e+01 -1.175927959788844213e+01
-2.607241651608640609e+01 4.390538415645410253e-01 1.014959868021252021e+01 4.390538415645410253e-01 9.764139813216933916e+00 1.208969646263532383e+01 1.014959868021252021e+01 1.208969646263532383e+01 -1.175737465005687277e+01
-2.582244706361117537e+01 5.134383910261013373e-01 1.019225852155602396e+01 5.134383910261013373e-01 9.593592031873276582e+00 1.194949962895426410e+01 1.019225852155602396e+01 1.194949962895426410e+01 -1.170801085769072891e+01
-2.553945240978672260e+01 5.848739347099440877e-01 1.022103422389636229e+01 5.848739347099440877e-01 9.427586818435669258e+00 1.178778054813768783e+01 1.022103422389636229e+01 1.178778054813768783e+01 -1.161347782154911279e+01
-2.522553898731141686e+01 6.527560180156675163e-01 1.023508321415418543e+01 6.527560180156675163e-01 9.265886054425166662e+00 1.160470407144024918e+01 1.023508321415418543e+01 1.160470407144024918e+01 -1.147542405417856770e+01
3.552718938207988231e+00 -9.568445233586345466e+00 1.214363914900753727e+01 -9.568445233586345466e+00 1.050485145179433744e+01 1.235738463601805215e+01 1.214363914900753727e+01 1.235738463601805215e+01 -1.797529779347137691e+01
3.379622326581090519e+00 -9.493346933355608641e+00 1.204815315138564102e+01 -9.493346933355608641e+00 1.041120902255355496e+01 1.224763809474223031e+01 1.204815315138564102e+01 1.224763809474223031e+01 -1.835709719036044163e+01
3.243324785777244479e+00 -9.413657786371897984e+00 1.193571355433740599e+01 -9.413657786371897984e+00 1.034679257441340106e+01 1.211799185947025315e+01 1.193571355433740599e+01 1.211799185947025315e+01 -1.866336450622321408e+01
3.144296244991635625e+00 -9.329594683032992108e+00 1.180630228366302248e+01 -9.329594683032992108e+00 1.031156595897424211e+01 1.196833748500322692e+01 1.180630228366302248e+01 1.196833748500322692e+01 -1.889317795686913826e+01
3.082139071828338128e+00 -9.241591404134446464e+00 1.165995548776211344e+01 -9.241591404134446464e+00 1.030469776304459550e+01 1.179856652614226320e+01 1.165995548776211344e+01 1.179856652614226320e+01 -1.904657369069784068e+01
3.056184520894201562e+00 -9.150045582072189987e+00 1.149654664723598074e+01 -9.150045582072189987e+00 1.032513968303520180e+01 1.160858861188828683e+01 1.149654664723598074e+01 1.160858861188828683e+01 -1.912481690169636295e+01
3.065420436999594322e+00 -9.055282552442887933e+00 1.131598539108554569e+01 -9.055282552442887933e+00 1.037159037655938576e+01 1.139825914864278111e+01 1.131598539108554569e+01 1.139825914864278111e+01 -1.912949811944841016e+01
3.108527403558031033e+00 -8.957681873442652432e+00 1.111807290311284824e+01 -8.957681873442652432e+00 1.044236894303437069e+01 1.116745161700704259e+01 1.111807290311284824e+01 1.116745161700704259e+01 -1.906309350932862046e+01
3.183860668386360171e+00 -8.857695400066857516e+00 1.090239347672214443e+01 -8.857695400066857516e+00 1.053563181407904104e+01 1.091589490398384399e+01 1.090239347672214443e+01 1.091589490398384399e+01 -1.892847686910755556e+01
3.289522440504021539e+00 -8.755648467912168442e+00 1.066856755371732390e+01 -8.755648467912168442e+00 1.064935467931412738e+01 1.064329982237615191e+01 1.066856755371732390e+01 1.064329982237615191e+01 -1.872900999995077953e+01
-3.813224368388947028e+01 1.216842951834154363e+01 1.220160092149218123e+01 1.216842951834154363e+01 -1.314498887655637738e+01 1.960270538454340894e+01 1.220160092149218123e+01 1.960270538454340894e+01 -2.827497401920668096e+01
-3.799340757935169677e+01 1.212584486229004632e+01 1.217872409173311965e+01 1.212584486229004632e+01 -1.305436287801085271e+01 1.960999971796658414e+01 1.217872409173311965e+01 1.960999971796658414e+01 -2.793622817527436908e+01
-3.780433620684299711e+01 1.207592836981577022e+01 1.213402051620394140e+01 1.207592836981577022e+01 -1.293530960576472744e+01 1.958097239627230124e+01 1.213402051620394140e+01 1.958097239627230124e+01 -2.749613047490949569e+01
-3.756587338385450181e+01 1.201856753191989746e+01 1.206711516490859104e+01 1.201856753191989746e+01 -1.278762279332017116e+01 1.951609220695562641e+01 1.206711516490859104e+01 1.951609220695562641e+01 -2.695841246657276713e+01
-3.727965049086901672e+01 1.195364983960361371e+01 1.197783927434884887e+01 1.195364983960361371e+01 -1.261203374916948405e+01 1.941592169501062415e+01 1.197783927434884887e+01 1.941592169501062415e+01 -2.632568060873672877e+01
-3.694743016886797449e+01 1.188113778986731361e+01 1.186606158402609701e+01 1.188113778986731361e+01 -1.240919877580575026e+01 1.928121092042940532e+01 1.186606158402609701e+01 1.928121092042940532e+01 -2.560114140786760828e+01
-3.657127508282965778e+01 1.180121889770902222e+01 1.173187585143934797e+01 1.180121889770902222e+01 -1.217973667272245564e+01 1.911285995520248449e+01 1.173187585143934797e+01 1.911285995520248449e+01 -2.479034530790695001e+01
-3.615396045472483877e+01 1.171366814513111088e+01 1.157535708258780893e+01 1.171366814513111088e+01 -1.192574760789748112e+01 1.891133758682492783e+01 1.157535708258780893e+01 1.891133758682492783e+01 -2.389299228485791460e+01
-3.569794273102763071e+01 1.161874805313081538e+01 1.139691781046714070e+01 1.161874805313081538e+01 -1.164811290182154302e+01 1.867769389928567492e+01 1.139691781046714070e+01 1.867769389928567492e+01 -2.291630166614446296e+01
-3.520633466070527362e+01 1.151660863370655186e+01 1.119702682257240056e+01 1.151660863370655186e+01 -1.134872645597469543e+01 1.841290397057445460e+01 1.119702682257240056e+01 1.841290397057445460e+01 -2.186539261121268396e+01
-2.228867435325637469e+00 -5.520835448346899987e+00 -7.797982474508566852e+00 -5.520835448346899987e+00 -3.609222458148214230e+01 1.763370627561472048e+01 -7.797982474508566852e+00 1.763370627561472048e+01 -2.464800653713120582e+01
-2.127634833946736137e+00 -5.589987164646558426e+00 -7.933120642764602160e+00 -5.589987164646558426e+00 -3.611367390220836882e+01 1.767556224175409341e+01 -7.933120642764602160e+00 1.767556224175409341e+01 -2.454103922153036166e+01
-2.001843505104386800e+00 -5.652678017845520486e+00 -8.054089598283955098e+00 -5.652678017845520486e+00 -3.608697396651270140e+01 1.769315738766232471e+01 -8.054089598283955098e+00 1.769315738766232471e+01 -2.434389911055007616e+01
-1.852796792939938708e+00 -5.708572862307440765e+00 -8.160423861016141700e+00 -5.708572862307440765e+00 -3.601279506566783795e+01 1.768617518690508916e+01 -8.160423861016141700e+00 1.768617518690508916e+01 -2.405954665731142228e+01
-1.681946995210897633e+00 -5.757243456385874758e+00 -8.251322805274334371e+00 -5.757243456385874758e+00 -3.589191920615857612e+01 1.765416877863392386e+01 -8.251322805274334371e+00 1.765416877863392386e+01 -2.369008583164257331e+01
-1.490876744088903472e+00 -5.798242939232361337e+00 -8.325948566967666054e+00 -5.798242939232361337e+00 -3.572535182489397698e+01 1.759650510998017126e+01 -8.325948566967666054e+00 1.759650510998017126e+01 -2.323847708666459511e+01
-1.281354863765788776e+00 -5.831217546008529595e+00 -8.383444662803245961e+00 -5.831217546008529595e+00 -3.551413559718710644e+01 1.751260698568123431e+01 -8.383444662803245961e+00 1.751260698568123431e+01 -2.270769949470058435e+01
-1.055112940029348190e+00 -5.855776273471978932e+00 -8.423196659114438489e+00 -5.855776273471978932e+00 -3.525979729760354786e+01 1.740156206483816348e+01 -8.423196659114438489e+00 1.740156206483816348e+01 -2.209972669116458022e+01
-8.138639394653568448e-01 -5.871602595188378793e+00 -8.444236357396240678e+00 -5.871602595188378793e+00 -3.496343545906244543e+01 1.726268143697625135e+01 -8.444236357396240678e+00 1.726268143697625135e+01 -2.141891556932909779e+01
-5.594139246696860912e-01 -5.878361365521382886e+00 -8.445967943184033544e+00 -5.878361365521382886e+00 -3.462674442894755344e+01 1.709497828438846767e+01 -8.445967943184033544e+00 1.709497828438846767e+01 -2.066751905263847533e+01
-2.828023076300647976e+00 -1.404270215768443464e+01 1.897805525083377276e+01 -1.404270215768443464e+01 -3.906398450428654190e+00 -1.954252093704850068e+01 1.897805525083377276e+01 -1.954252093704850068e+01 -2.714846122334170175e+01
-2.609630685231679958e+00 -1.416029383500856476e+01 1.903278610158460182e+01 -1.416029383500856476e+01 -3.940712807841519894e+00 -1.950851786249370434e+01 1.903278610158460182e+01 -1.950851786249370434e+01 -2.690201675353393185e+01
-2.349727809501577891e+00 -1.426201008657124802e+01 1.905891555090592249e+01 -1.426201008657124802e+01 -3.934157557065743216e+00 -1.944300197624864879e+01 1.905891555090592249e+01 -1.944300197624864879e+01 -2.655504623132668485e+01
-2.050603293654955639e+00 -1.434699030682370768e+01 1.905466745543111884e+01 -1.434699030682370768e+01 -3.886769319614037599e+00 -1.934588172453155153e+01 1.905466745543111884e+01 -1.934588172453155153e+01 -2.611035120244255836e+01
-1.715003751145351973e+00 -1.441424571492266971e+01 1.901797269969185322e+01 -1.441424571492266971e+01 -3.798841067588115017e+00 -1.921691906750977452e+01 1.901797269969185322e+01 -1.921691906750977452e+01 -2.557223469462543619e+01
-1.346389914924223552e+00 -1.446302556985749987e+01 1.894679878973251164e+01 -1.446302556985749987e+01 -3.671233406536749122e+00 -1.905585765459431613e+01 1.894679878973251164e+01 -1.905585765459431613e+01 -2.494472507427383334e+01
-9.480943426485306524e-01 -1.449254250910485275e+01 1.883913154235382947e+01 -1.449254250910485275e+01 -3.504770320496002345e+00 -1.886233127065804638e+01 1.883913154235382947e+01 -1.886233127065804638e+01 -2.423315077148762242e+01
-5.239439823968684573e-01 -1.450217396694859140e+01 1.869277366679297714e+01 -1.450217396694859140e+01 -3.300605387116360312e+00 -1.863590045754838798e+01 1.869277366679297714e+01 -1.863590045754838798e+01 -2.344300501317387031e+01
-7.761929619697788274e-02 -1.449137062069801019e+01 1.850587577665791272e+01 -1.449137062069801019e+01 -3.059965427073735977e+00 -1.837619900013821450e+01 1.850587577665791272e+01 -1.837619900013821450e+01 -2.257945143262523402e+01
3.866682419890498101e-01 -1.445980287673868148e+01 1.827644199950572457e+01 -1.445980287673868148e+01 -2.784663205247464912e+00 -1.808264095422409667e+01 1.827644199950572457e+01 -1.808264095422409667e+01 -2.164827622885049507e+01
1.078338481151214978e+01 4.087412522789153790e+00 -3.336477846009827442e+00 4.087412522789153790e+00 -8.781305084978203723e+00 -1.527628275786933720e+01 -3.336477846009827442e+00 -1.527628275786933720e+01 -2.590778352420540642e+01
1.084688075510752192e+01 4.025081976495218150e+00 -3.283251966133352351e+00 4.025081976495218150e+00 -8.707739380325120848e+00 -1.527120235400839121e+01 -3.283251966133352351e+00 -1.527120235400839121e+01 -2.572035486133556148e+01
1.094453740710120471e+01 3.958035212997037533e+00 -3.223980587755682858e+00 3.958035212997037533e+00 -8.582950822407404701e+00 -1.524895054928411930e+01 -3.223980587755682858e+00 -1.524895054928411930e+01 -2.543151842390803807e+01
1.107611804616634821e+01 3.886600000285640011e+00 -3.158936850869343171e+00 3.886600000285640011e+00 -8.407922715198139940e+00 -1.520950913436367813e+01 -3.158936850869343171e+00 -1.520950913436367813e+01 -2.504274916788246230e+01
1.124053011233285382e+01 3.811176943683395546e+00 -3.088375686134022580e+00 3.811176943683395546e+00 -8.184475991980816545e+00 -1.515271422525156098e+01 -3.088375686134022580e+00 -1.515271422525156098e+01 -2.455706984250943492e+01
1.143666283629779379e+01 3.732166648512670992e+00 -3.012442768212399979e+00 3.732166648512670992e+00 -7.914486214037437684e+00 -1.507812879795972272e+01 -3.012442768212399979e+00 -1.507812879795972272e+01 -2.397777633703207911e+01
1.166264065677916761e+01 3.649987929428670785e+00 -2.931356609098494381e+00 3.649987929428670785e+00 -7.600611943961894212e+00 -1.498533403783296158e+01 -2.931356609098494381e+00 -1.498533403783296158e+01 -2.330832842468902655e+01
1.191706145514869242e+01 3.565041391753762223e+00 -2.845244674122150652e+00 3.565041391753762223e+00 -7.245202185689897156e+00 -1.487343768756236884e+01 -2.845244674122150652e+00 -1.487343768756236884e+01 -2.255389755600539203e+01
1.219832281011689012e+01 3.477673012811808739e+00 -2.754452940607232225e+00 3.477673012811808739e+00 -6.850806245818333196e+00 -1.474185704849722534e+01 -2.754452940607232225e+00 -1.474185704849722534e+01 -2.171905427352274742e+01
1.250343839109883426e+01 3.388501909919198418e+00 -2.658526175232866162e+00 3.388501909919198418e+00 -6.421357340239544520e+00 -1.458911716467790320e+01 -2.658526175232866162e+00 -1.458911716467790320e+01 -2.080731297847822958e+01
-2.227363620145266410e+01 -1.748359434318035532e+00 8.812131953888121316e+00 -1.748359434318035532e+00 -3.700859400404018373e+01 -1.529761720951509574e+01 8.812131953888121316e+00 -1.529761720951509574e+01 -3.553819928829175723e+01
-2.228851000022861584e+01 -1.673764222966395820e+00 8.936608117788773953e+00 -1.673764222966395820e+00 -3.683286073130327054e+01 -1.530031296772163785e+01 8.936608117788773953e+00 -1.530031296772163785e+01 -3.530187743600362182e+01
-2.225744280075742054e+01 -1.596774876704051493e+00 9.048849686752044263e+00 -1.596774876704051493e+00 -3.660015835856518152e+01 -1.528572194078553359e+01 9.048849686752044263e+00 -1.528572194078553359e+01 -3.493067341610846910e+01
-2.218047230595106711e+01 -1.517730721738819177e+00 9.149309095721688934e+00 -1.517730721738819177e+00 -3.631101472659361917e+01 -1.525346709958698277e+01 9.149309095721688934e+00 -1.525346709958698277e+01 -3.442715102662089777e+01
-2.205842797987310178e+01 -1.436895678454555458e+00 9.238061750521669779e+00 -1.436895678454555458e+00 -3.596706991205971349e+01 -1.520303945481426844e+01 9.238061750521669779e+00 -1.520303945481426844e+01 -3.379419454030736603e+01
-2.189200732639514513e+01 -1.354458261411158881e+00 9.315183056975943288e+00 -1.354458261411158881e+00 -3.557000169454654781e+01 -1.513379805696373026e+01 9.315183056975943288e+00 -1.513379805696373026e+01 -3.303506525905409319e+01
-2.168179474065288304e+01 -1.270833202640405002e+00 9.380710717996487702e+00 -1.270833202640405002e+00 -3.512141244781326321e+01 -1.504519621381166949e+01 9.380710717996487702e+00 -1.504519621381166949e+01 -3.215419327501869873e+01
-2.143037287211691577e+01 -1.186284422526150628e+00 9.434795545231224878e+00 -1.186284422526150628e+00 -3.462526097761770671e+01 -1.493621594673463449e+01 9.434795545231224878e+00 -1.493621594673463449e+01 -3.115487759299938730e+01
-2.113904247125054425e+01 -1.101226653100171982e+00 9.477399835768173020e+00 -1.101226653100171982e+00 -3.408411108197450545e+01 -1.480604664312506280e+01 9.477399835768173020e+00 -1.480604664312506280e+01 -3.004375392550457136e+01
-2.080931165453294795e+01 -1.016055774938254386e+00 9.508485886695353884e+00 -1.016055774938254386e+00 -3.350094129093003659e+01 -1.465374573018346815e+01 9.508485886695353884e+00 -1.465374573018346815e+01 -2.882640230350723343e+01
2.389934178494491590e+01 -1.205676214447911043e+01 -2.012941892531816990e+01 -1.205676214447911043e+01 2.827643808364093303e+01 -1.219104743333264906e+01 -2.012941892531816990e+01 -1.219104743333264906e+01 5.114286042985403213e+01
2.379508779199933244e+01 -1.217299373567635534e+01 -2.012941892531816990e+01 -1.217299373567635534e+01 2.835783686359610201e+01 -1.204694959314174518e+01 -2.012941892531816990e+01 -1.204694959314174518e+01 5.111474974007972349e+01
2.362453796733136357e+01 -1.226954784403158349e+01 -2.007152138041655220e+01 -1.226954784403158349e+01 2.836599070963622893e+01 -1.187341409893873845e+01 -2.007152138041655220e+01 -1.187341409893873845e+01 5.088663411156958460e+01
2.338821611261381861e+01 -1.234452132346690867e+01 -1.995565645039027913e+01 -1.234452132346690867e+01 2.829850759412213179e+01 -1.167112189289829161e+01 -1.995565645039027913e+01 -1.167112189289829161e+01 5.045744848092223123e+01
2.308696031052320308e+01 -1.239651736952149719e+01 -1.978199873579695023e+01 -1.239651736952149719e+01 2.815372881175656516e+01 -1.144071899708353612e+01 -1.978199873579695023e+01 -1.144071899708353612e+01 4.982825791153904760e+01
2.272129436273232272e+01 -1.242447091879396126e+01 -1.955101965814209919e+01 -1.242447091879396126e+01 2.792994327707501867e+01 -1.118300857405945337e+01 -1.955101965814209919e+01 -1.118300857405945337e+01 4.900073856877302347e+01
2.229149763013334962e+01 -1.242778832938844502e+01 -1.926357476015799008e+01 -1.242778832938844502e+01 2.762549228478024332e+01 -1.089879378639102470e+01 -1.926357476015799008e+01 -1.089879378639102470e+01 4.797578091546796486e+01
2.179725583172259817e+01 -1.240624262058006266e+01 -1.892092116585937234e+01 -1.240624262058006266e+01 2.723878696979803493e+01 -1.058912223742387582e+01 -1.892092116585937234e+01 -1.058912223742387582e+01 4.675850074796166922e+01
2.124057687391252003e+01 -1.236028775381858580e+01 -1.852463028026468095e+01 -1.236028775381858580e+01 2.677028129357816866e+01 -1.025491931011330848e+01 -1.852463028026468095e+01 -1.025491931011330848e+01 4.534963138859606602e+01
2.062203693854320008e+01 -1.229063959139019424e+01 -1.807674492989789528e+01 -1.229063959139019424e+01 2.622020223684553386e+01 -9.897459588529837760e+00 -1.807674492989789528e+01 -9.897459588529837760e+00 4.375652352084631502e+01
7.598966637674759994e+00 5.791105420067788501e+00 9.796229802713423140e-01 5.791105420067788501e+00 7.084610189817263759e+00 1.949206819046121453e+01 9.796229802713423140e-01 1.949206819046121453e+01 -3.181434394861266313e+01
7.609063787934032597e+00 5.825330590066905678e+00 1.089857757159388818e+00 5.825330590066905678e+00 7.048898545273692307e+00 1.938377308157629741e+01 1.089857757159388818e+00 1.938377308157629741e+01 -3.185326420284365057e+01
7.665640459314987609e+00 5.853482967719780383e+00 1.196430730901343331e+00 5.853482967719780383e+00 7.058198075045699404e+00 1.924582099275570357e+01 1.196430730901343331e+00 1.924582099275570357e+01 -3.177362904828531853e+01
7.770291892792162258e+00 5.875345020166251153e+00 1.299287518282164822e+00 5.875345020166251153e+00 7.114339680706327051e+00 1.907803064661596082e+01 1.299287518282164822e+00 1.907803064661596082e+01 -3.157398826586992158e+01
7.921839785372998044e+00 5.890771725499539535e+00 1.398264969656730639e+00 5.890771725499539535e+00 7.216453230814922293e+00 1.888045642637211685e+01 1.398264969656730639e+00 1.888045642637211685e+01 -3.125655343967577693e+01
8.118271958100983454e+00 5.899744955981299555e+00 1.493218063118264327e+00 5.899744955981299555e+00 7.363106634042072329e+00 1.865318897071590243e+01 1.493218063118264327e+00 1.865318897071590243e+01 -3.082469632903542944e+01
8.357993170001579486e+00 5.902174072919796011e+00 1.584110543190072384e+00 5.902174072919796011e+00 7.553030948703485237e+00 1.839628266286236169e+01 1.584110543190072384e+00 1.839628266286236169e+01 -3.028184307649646811e+01
8.638954986641579126e+00 5.898040948576682929e+00 1.670851771180420053e+00 5.898040948576682929e+00 7.784612806086284920e+00 1.810975563054983795e+01 1.670851771180420053e+00 1.810975563054983795e+01 -2.963149233555985163e+01
8.959253995494545819e+00 5.887291199736917058e+00 1.753459874827653531e+00 5.887291199736917058e+00 8.056365731646010886e+00 1.779353536282494019e+01 1.753459874827653531e+00 1.779353536282494019e+01 -2.887803101890555979e+01
9.317149933679170104e+00 5.869834187708765860e+00 1.831971109608467652e+00 5.869834187708765860e+00 8.367165805605155882e+00 1.744787564802453517e+01 1.831971109608467652e+00 1.744787564802453517e+01 -2.802452271431422659e+01
4.191571144096826629e+01 1.315321663613102032e+01 -1.046530439528526557e+01 1.315321663613102032e+01 2.255635964120883585e+01 -2.468721195995867423e-01 -1.046530439528526557e+01 -2.468721195995867423e-01 4.911615983981850775e+01
4.213389526979840127e+01 1.325876592868351622e+01 -1.048605651845081965e+01 1.325876592868351622e+01 2.285968795529479181e+01 -1.100643988479305529e-01 -1.048605651845081965e+01 -1.100643988479305529e-01 4.974551356002169911e+01
4.226594476314640758e+01 1.333989891565378016e+01 -1.047047940173157166e+01 1.333989891565378016e+01 2.311067576794060230e+01 3.092847812372425190e-02 -1.047047940173157166e+01 3.092847812372425190e-02 5.018691729778073096e+01
4.230895983350713863e+01 1.339550418626139638e+01 -1.041852094774719184e+01 1.339550418626139638e+01 2.330555470196891932e+01 1.763669982170373296e-01 -1.041852094774719184e+01 1.763669982170373296e-01 5.043191391168836191e+01
4.226151648581819131e+01 1.342474818242105528e+01 -1.033042427760589099e+01 1.342474818242105528e+01 2.344138993828771333e+01 3.264595509533363971e-01 -1.033042427760589099e+01 3.264595509533363971e-01 5.047720390099026133e+01
4.212208653025650307e+01 1.342705783294910482e+01 -1.020651934138311034e+01 1.342705783294910482e+01 2.351488197614262532e+01 4.812755995063974779e-01 -1.020651934138311034e+01 4.812755995063974779e-01 5.031943566755172270e+01
4.188961065342196832e+01 1.340222474832421540e+01 -1.004727501550183533e+01 1.340222474832421540e+01 2.352283550953996993e+01 6.408325096696644296e-01 -1.004727501550183533e+01 6.408325096696644296e-01 4.995600434235615950e+01
4.156342895516373659e+01 1.335030102592672385e+01 -9.853299102732604453e+00 1.335030102592672385e+01 2.346191630613849455e+01 8.050781840628054020e-01 -9.853299102732604453e+00 8.050781840628054020e-01 4.938506915129850228e+01
4.114293363271125514e+01 1.327168607900583552e+01 -9.625199405845958012e+00 1.327168607900583552e+01 2.332873803621663100e+01 9.738042331644924943e-01 -9.625199405845958012e+00 9.738042331644924943e-01 4.860432044385071038e+01
4.062788156495632563e+01 1.316710927088620231e+01 -9.363826848720648854e+00 1.316710927088620231e+01 2.311979280949869064e+01 1.146750170073066233e+00 -9.363826848720648854e+00 1.146750170073066233e+00 4.761257734605858616e+01
-1.803639761856904755e+01 -8.608041937745582572e+00 -1.193376137204385223e+01 -8.608041937745582572e+00 -1.204749776043410314e+01 -1.179957133113970080e+01 -1.193376137204385223e+01 -1.179957133113970080e+01 -3.180144638439597671e+01
-1.813942548236415675e+01 -8.642001670587955431e+00 -1.196790637347783814e+01 -8.642001670587955431e+00 -1.201755835602969746e+01 -1.169561712438653345e+01 -1.196790637347783814e+01 -1.169561712438653345e+01 -3.191529393394119651e+01
-1.819519132843919351e+01 -8.670218077090373399e+00 -1.198513635249769926e+01 -8.670218077090373399e+00 -1.194500717555466629e+01 -1.157321016590886842e+01 -1.198513635249769926e+01 -1.157321016590886842e+01 -3.190986556420697440e+01
-1.820323198531512787e+01 -8.692524415520388459e+00 -1.198550688968092182e+01 -8.692524415520388459e+00 -1.182984421900900607e+01 -1.143229487512922304e+01 -1.198550688968092182e+01 -1.143229487512922304e+01 -3.178627288674300289e+01
-1.816402915133015128e+01 -8.708735417286387559e+00 -1.196898093130918461e+01 -8.708735417286387559e+00 -1.167297730249161702e+01 -1.127296388634340296e+01 -1.196898093130918461e+01 -1.127296388634340296e+01 -3.154601657714131235e+01
-1.807823126655490498e+01 -8.718591706360115268e+00 -1.193539173565003253e+01 -8.718591706360115268e+00 -1.147555509127048801e+01 -1.109518014583308343e+01 -1.193539173565003253e+01 -1.109518014583308343e+01 -3.119139396593789471e+01
-1.794676467394744179e+01 -8.721945067868281498e+00 -1.188466519526682674e+01 -8.721945067868281498e+00 -1.123894857292354565e+01 -1.089903628789407541e+01 -1.188466519526682674e+01 -1.089903628789407541e+01 -3.072459122251375874e+01
-1.777075951191659087e+01 -8.718610233219278527e+00 -1.181654193413130649e+01 -8.718610233219278527e+00 -1.096465842304283811e+01 -1.068453231252637359e+01 -1.181654193413130649e+01 -1.068453231252637359e+01 -3.014825768772895387e+01
-1.755130886515286548e+01 -8.708438987539810938e+00 -1.173070699563773722e+01 -8.708438987539810938e+00 -1.065422237093874358e+01 -1.045168674658914121e+01 -1.173070699563773722e+01 -1.045168674658914121e+01 -2.946596904540158235e+01
-1.728998751668495970e+01 -8.691301642815753681e+00 -1.162688247689869669e+01 -8.691301642815753681e+00 -1.030960426368234373e+01 -1.020055517065986095e+01 -1.162688247689869669e+01 -1.020055517065986095e+01 -2.868039316325084087e+01
2.751311604319052151e+01 1.021640175451022259e+01 6.674233985309448336e+00 1.021640175451022259e+01 2.183326375596543301e+01 8.334755218835232071e+00 6.674233985309448336e+00 8.334755218835232071e+00 4.373656276820403122e+01
2.738731845000454257e+01 1.018308078467995514e+01 6.823382494360729744e+00 1.018308078467995514e+01 2.181979543745136141e+01 8.330714723281008816e+00 6.823382494360729744e+00 8.330714723281008816e+00 4.355531768191467279e+01
2.720166555038330358e+01 1.013585421326697755e+01 6.951996190508738849e+00 1.013585421326697755e+01 2.175429043376928462e+01 8.305369796622713352e+00 6.951996190508738849e+00 8.305369796622713352e+00 4.321976414636409913e+01
2.695729428030526265e+01 1.007510684937169287e+01 7.059637790684837100e+00 1.007510684937169287e+01 2.163692365814666374e+01 8.258528034310137045e+00 7.059637790684837100e+00 8.258528034310137045e+00 4.273123150208096632e+01
2.665455446622533486e+01 1.000138092399921064e+01 7.146114890338822079e+00 1.000138092399921064e+01 2.146694298370543663e+01 8.189944557824846427e+00 7.146114890338822079e+00 8.189944557824846427e+00 4.209099661562569139e+01
2.629418074369882419e+01 9.915271142122881187e+00 7.211375015502460073e+00 9.915271142122881187e+00 2.124368374018127170e+01 8.099496927907621213e+00 7.211375015502460073e+00 8.099496927907621213e+00 4.130101851514580602e+01
2.587661039579437272e+01 9.817617087234491891e+00 7.255610570725947284e+00 9.817617087234491891e+00 2.096635881805061885e+01 7.987097687944734403e+00 7.255610570725947284e+00 7.987097687944734403e+00 4.036292389365661393e+01
2.540263053203553412e+01 9.709345799439553559e+00 7.279311313046164855e+00 9.709345799439553559e+00 2.063421609043542304e+01 7.852711855290694487e+00 7.279311313046164855e+00 7.852711855290694487e+00 3.927875923591935958e+01
2.487175139538543078e+01 9.591331844875346846e+00 7.283089438759202672e+00 9.591331844875346846e+00 2.024547144241563501e+01 7.696409395236484485e+00 7.283089438759202672e+00 7.696409395236484485e+00 3.805002879569015306e+01
2.428715640658374753e+01 9.464887072747785624e+00 7.267889479293322630e+00 9.464887072747785624e+00 1.980166411039286345e+01 7.518312747041322019e+00 7.267889479293322630e+00 7.518312747041322019e+00 3.668147272143304605e+01
2.292948676590841472e+01 -1.526728881543630933e+01 -6.371053509764401213e+00 -1.526728881543630933e+01 2.191902435899665846e+01 -6.677667545168153307e-01 -6.371053509764401213e+00 -6.677667545168153307e-01 -2.894677392587017284e-01
2.279398142963812646e+01 -1.527366553714314890e+01 -6.248407895602899664e+00 -1.527366553714314890e+01 2.199469478991779425e+01 -6.127675297953449896e-01 -6.248407895602899664e+00 -6.127675297953449896e-01 -3.707355147891707170e-01
2.266664183977576030e+01 -1.526429529885726666e+01 -6.111326092021753809e+00 -1.526429529885726666e+01 2.207707849174695980e+01 -5.600710101346769720e-01 -6.111326092021753809e+00 -5.600710101346769720e-01 -4.423496421801222933e-01
2.254785768487006337e+01 -1.523912496123111460e+01 -5.959896664600223382e+00 -1.523912496123111460e+01 2.216528980869153997e+01 -5.096594824189587536e-01 -5.959896664600223382e+00 -5.096594824189587536e-01 -5.054614739619577302e-01
2.243794780100638420e+01 -1.519826080295979942e+01 -5.794314457612685487e+00 -1.519826080295979942e+01 2.225792940459920288e+01 -4.613912417213720807e-01 -5.794314457612685487e+00 -4.613912417213720807e-01 -5.608858134638838866e-01
2.233668191767864286e+01 -1.514200394701281382e+01 -5.614827454681072361e+00 -1.514200394701281382e+01 2.235338538592738544e+01 -4.150891568833934842e-01 -5.614827454681072361e+00 -4.150891568833934842e-01 -6.100751361857915667e-01
2.224363492010637700e+01 -1.507060237701209005e+01 -5.421630500079759329e+00 -1.507060237701209005e+01 2.244983330174329694e+01 -3.705583836306474144e-01 -5.421630500079759329e+00 -3.705583836306474144e-01 -6.549778848714363777e-01
2.215795657872867608e+01 -1.498448120773808512e+01 -5.214883011851417116e+00 -1.498448120773808512e+01 2.254527156995562365e+01 -3.274092334143827721e-01 -5.214883011851417116e+00 -3.274092334143827721e-01 -6.979321908133254704e-01
2.207884980333219005e+01 -1.488411869331880766e+01 -4.994744408038716443e+00 -1.488411869331880766e+01 2.263769860847305893e+01 -2.852697308017005939e-01 -4.994744408038716443e+00 -2.852697308017005939e-01 -7.412584721881134708e-01
2.200523409384992846e+01 -1.477001080099812746e+01 -4.761126123062397575e+00 -1.477001080099812746e+01 2.272504198274087628e+01 -2.436616216645882127e-01 -4.761126123062397575e+00 -2.436616216645882127e-01 -7.876314094895013884e-01
-4.729592267074225020e+01 -1.093459860292076335e+01 -6.228655385535176725e-01 -1.093459860292076335e+01 -4.452892414221336992e+01 -1.039656683062021081e+00 -6.228655385535176725e-01 -1.039656683062021081e+00 -4.663709331711282857e+01
-4.731978939108453375e+01 -1.091340942424722371e+01 -6.411845466612768885e-01 -1.091340942424722371e+01 -4.451811766108986035e+01 -1.115186473588334337e+00 -6.411845466612768885e-01 -1.115186473588334337e+00 -4.666662332702785676e+01
-4.728975854603721984e+01 -1.088551675995696577e+01 -6.574424255707919107e-01 -1.088551675995696577e+01 -4.445090943891533897e+01 -1.188289140012042555e+00 -6.574424255707919107e-01 -1.188289140012042555e+00 -4.653209130534059312e+01
-4.720463583643870464e+01 -1.085099766160880108e+01 -6.717547526202820585e-01 -1.085099766160880108e+01 -4.432625927964582502e+01 -1.259195837009583929e+00 -6.717547526202820585e-01 -1.259195837009583929e+00 -4.623455671098470532e+01
-4.706492209742127386e+01 -1.080996770654094874e+01 -6.842563680376697599e-01 -1.080996770654094874e+01 -4.414482212153122020e+01 -1.327906564580958459e+00 -6.842563680376697599e-01 -1.327906564580958459e+00 -4.577479005954832303e+01
-4.687092553522017369e+01 -1.076242689475341052e+01 -6.950050604920648967e-01 -1.076242689475341052e+01 -4.390723363993174644e+01 -1.394517637174682356e+00 -6.950050604920648967e-01 -1.394517637174682356e+00 -4.515431311931800451e+01
-4.662347445409265134e+01 -1.070852932936380775e+01 -7.041549331010927837e-01 -1.070852932936380775e+01 -4.361461108245017471e+01 -1.459048317680458950e+00 -7.041549331010927837e-01 -1.459048317680458950e+00 -4.437561080306546302e+01
-4.632222212202404421e+01 -1.064850616504858571e+01 -7.118215632029731843e-01 -1.064850616504858571e+01 -4.326674255729977858e+01 -1.521479343208584911e+00 -7.118215632029731843e-01 -1.521479343208584911e+00 -4.344082129154774918e+01
-4.597098259117558428e+01 -1.058214551002100379e+01 -7.181012652462218648e-01 -1.058214551002100379e+01 -4.286815484356082351e+01 -1.581945553986982445e+00 -7.181012652462218648e-01 -1.581945553986982445e+00 -4.235599313213168671e+01
-4.556942839242233134e+01 -1.050967851895750016e+01 -7.232059310175743549e-01 -1.050967851895750016e+01 -4.241884794123328817e+01 -1.640389161346542668e+00 -7.232059310175743549e-01 -1.640389161346542668e+00 -4.112463217074325428e+01
2.543218469882131316e+01 -2.231723679982099195e+00 1.936712153115376012e+01 -2.231723679982099195e+00 2.665439868422419778e+01 -6.195782181796579025e+00 1.936712153115376012e+01 -6.195782181796579025e+00 1.535719701724851660e+01
2.525654971658038761e+01 -2.191100503182109360e+00 1.926972442991307588e+01 -2.191100503182109360e+00 2.673235507071218464e+01 -6.313130206593429605e+00 1.926972442991307588e+01 -6.313130206593429605e+00 1.522142869530589415e+01
2.506819470106688286e+01 -2.149474502182207036e+00 1.913001518479886442e+01 -2.149474502182207036e+00 2.679790810525387457e+01 -6.414133956272398684e+00 1.913001518479886442e+01 -6.414133956272398684e+00 1.503560713040269370e+01
