1.079552241651701022e-02 -9.583964624378585448e-04 7.962104648604028112e-01 -9.583964624378585448e-04 -8.593018848122083164e-02 3.435760903079115988e-04 7.962104648604028112e-01 3.435760903079115988e-04 3.238114236391459455e-01
-5.048760232314152691e-02 1.329096980927973667e-02 8.078920519308717685e-01 1.329096980927973667e-02 -1.491481890978765545e-01 5.976415676145514777e-02 8.078920519308717685e-01 5.976415676145514777e-02 1.424936627171759507e-01
-1.003965501783960490e-01 2.920396767617248340e-02 8.177291778849509196e-01 2.920396767617248340e-02 -1.966159384167327495e-01 1.194740646665458789e-01 8.177291778849509196e-01 1.194740646665458789e-01 -2.455664898095494264e-02
-1.386600768674245143e-01 4.667209942551156510e-02 8.258122574832476026e-01 4.667209942551156510e-02 -2.284057682462753147e-01 1.792924702843654294e-01 8.258122574832476026e-01 1.792924702843654294e-01 -1.745004879721761271e-01
-1.664354913260009394e-01 6.544220372759641802e-02 8.323221202469764934e-01 6.544220372759641802e-02 -2.460547295168290793e-01 2.392012906627923319e-01 8.323221202469764934e-01 2.392012906627923319e-01 -3.085674950007474826e-01
-1.850247661068711025e-01 8.524303630060500736e-02 8.375842593143238979e-01 8.524303630060500736e-02 -2.510817902065974883e-01 2.990739451369762714e-01 8.375842593143238979e-01 2.990739451369762714e-01 -4.286925459436662922e-01
-1.953682147203513741e-01 1.057852699105938238e-01 8.419422507755980334e-01 1.057852699105938238e-01 -2.450782501022697735e-01 3.587838530420670025e-01 8.419422507755980334e-01 3.587838530420670025e-01 -5.364669405876216768e-01
-1.999793675113259728e-01 1.268157432278622931e-01 8.458120025295923217e-01 1.268157432278622931e-01 -2.309373815432809451e-01 4.183129314259430576e-01 8.458120025295923217e-01 4.183129314259430576e-01 -6.351998591708426511e-01
-2.000697822719333385e-01 1.480451290184669477e-01 8.496636713314652534e-01 1.480451290184669477e-01 -2.107206410714785871e-01 4.776611802886043812e-01 8.496636713314652534e-01 4.776611802886043812e-01 -7.276218274636708783e-01
-1.976828325918994211e-01 1.690756023357354310e-01 8.540397457448607454e-01 1.690756023357354310e-01 -1.869234760796253669e-01 5.368466825821724964e-01 8.540397457448607454e-01 5.368466825821724964e-01 -8.168069473267560721e-01
4.845291153109472049e+01 -2.406794929499723512e+00 8.456297072501149925e-01 -2.406794929499723512e+00 8.224843932289296333e+00 -1.690306228389537324e+01 8.456297072501149925e-01 -1.690306228389537324e+01 4.631009328986950635e+01
4.849302914432498568e+01 -2.446214237886989107e+00 6.818597639458905402e-01 -2.446214237886989107e+00 8.066031953370361052e+00 -1.669391998341732020e+01 6.818597639458905402e-01 -1.669391998341732020e+01 4.615229385297291742e+01
4.843707746877972653e+01 -2.482386428754312035e+00 5.236413441435042726e-01 -2.482386428754312035e+00 7.858460838789055991e+00 -1.644520125596232774e+01 5.236413441435042726e-01 -1.644520125596232774e+01 4.580455549878074351e+01
4.828554531784904924e+01 -2.515014722543416958e+00 3.713410578855302346e-01 -2.515014722543416958e+00 7.603178045809876551e+00 -1.615889627033293863e+01 3.713410578855302346e-01 -1.615889627033293863e+01 4.526509754994332013e+01
4.803836286104866105e+01 -2.543784882074955345e+00 2.252556847302428777e-01 -2.543784882074955345e+00 7.300078828706376477e+00 -1.583716977154245420e+01 2.252556847302428777e-01 -1.583716977154245420e+01 4.453472305703010647e+01
4.769561738648391014e+01 -2.568382670169577775e+00 8.580420758344134424e-02 -2.568382670169577775e+00 6.948971153646726684e+00 -1.548225633508846322e+01 8.580420758344134424e-02 -1.548225633508846322e+01 4.361460168065312359e+01
4.725851347000899949e+01 -2.588685883479759031e+00 -4.676896685982490087e-02 -2.588685883479759031e+00 6.550029596841680402e+00 -1.509673968889006446e+01 -4.676896685982490087e-02 -1.509673968889006446e+01 4.250749172494221995e+01
4.672811602650948970e+01 -2.604415200068300518e+00 -1.722368895255813603e-01 -2.604415200068300518e+00 6.102905005869737387e+00 -1.468271474747624872e+01 -1.722368895255813603e-01 -1.468271474747624872e+01 4.121547064680530781e+01
4.610688658055693878e+01 -2.615640450419501661e+00 -2.903551537187785136e-01 -2.615640450419501661e+00 5.607911617910247060e+00 -1.424281761162933968e+01 -2.903551537187785136e-01 -1.424281761162933968e+01 3.974365352921736161e+01
4.539674547046961095e+01 -2.622152143080462849e+00 -4.010539289551166009e-01 -2.622152143080462849e+00 5.064612992436335226e+00 -1.377907336539403360e+01 -4.010539289551166009e-01 -1.377907336539403360e+01 3.809595087929915991e+01
-1.968011451088645103e+01 9.643916181782250518e+00 1.912864084092282724e+01 9.643916181782250518e+00 -2.039331772730205117e+01 -5.692453943520988879e+00 1.912864084092282724e+01 -5.692453943520988879e+00 -9.976100889391688042e+00
-1.977652236423537246e+01 9.684209625485921791e+00 1.907576843249511356e+01 9.684209625485921791e+00 -2.041729001059058035e+01 -5.706644645993177889e+00 1.907576843249511356e+01 -5.706644645993177889e+00 -1.014766759382373529e+01
-1.984771671097247747e+01 9.715425465780491265e+00 1.899362538450335336e+01 9.715425465780491265e+00 -2.041501134687768015e+01 -5.713350957083169313e+00 1.899362538450335336e+01 -5.713350957083169313e+00 -1.026667682708919926e+01
-1.989517960879721770e+01 9.737656331272171784e+00 1.888276746858483790e+01 9.737656331272171784e+00 -2.038787116525658760e+01 -5.712795185445876278e+00 1.888276746858483790e+01 -5.712795185445876278e+00 -1.033622238463567200e+01
-1.991961503511682352e+01 9.751068953452152854e+00 1.874336141623075846e+01 9.751068953452152854e+00 -2.033679575178945598e+01 -5.704995856802544729e+00 1.874336141623075846e+01 -5.704995856802544729e+00 -1.035680446093672025e+01
-1.992257915051571260e+01 9.755681858041675980e+00 1.857549985604732612e+01 9.755681858041675980e+00 -2.026313748412701798e+01 -5.689915919710688108e+00 1.857549985604732612e+01 -5.689915919710688108e+00 -1.033053498821405114e+01
-1.990455362374621018e+01 9.751661776531928894e+00 1.837929394236200054e+01 9.751661776531928894e+00 -2.016845252285370194e+01 -5.667370116957876292e+00 1.837929394236200054e+01 -5.667370116957876292e+00 -1.025830320108733140e+01
-1.986776154135747774e+01 9.739156914692859601e+00 1.815444726363489281e+01 9.739156914692859601e+00 -2.005370420547414412e+01 -5.637451077150322121e+00 1.815444726363489281e+01 -5.637451077150322121e+00 -1.014266564908810686e+01
-1.981279572642930020e+01 9.718278426851922447e+00 1.790075603693232864e+01 9.718278426851922447e+00 -1.992107856709502300e+01 -5.599862388748138464e+00 1.790075603693232864e+01 -5.599862388748138464e+00 -9.985122915637063556e+00
-1.974223125421445602e+01 9.689248621664036776e+00 1.761770154205950689e+01 9.689248621664036776e+00 -1.977166862526968671e+01 -5.554529948866353095e+00 1.761770154205950689e+01 -5.554529948866353095e+00 -9.788268601708232097e+00
-4.212849044902171158e+00 1.057948160229962831e+01 -4.102985486347683342e+00 1.057948160229962831e+01 3.101347764308465571e+01 1.837788094574166564e+01 -4.102985486347683342e+00 1.837788094574166564e+01 1.119592631545188066e+00
-4.086123289779179935e+00 1.060192280770097639e+01 -4.187600453645834442e+00 1.060192280770097639e+01 3.079439425776408612e+01 1.843340281249161450e+01 -4.187600453645834442e+00 1.843340281249161450e+01 9.908820367412803920e-01
-3.935060896766758187e+00 1.061778364370973726e+01 -4.264544283798822555e+00 1.061778364370973726e+01 3.055669629489545969e+01 1.844361311391326197e+01 -4.264544283798822555e+00 1.844361311391326197e+01 8.559844641932561338e-01
-3.759679747303473096e+00 1.062692105881737881e+01 -4.333673925298115570e+00 1.062692105881737881e+01 3.030301232594810656e+01 1.840960261775918738e+01 -4.333673925298115570e+00 1.840960261775918738e+01 7.199961238926563256e-01
-3.561803748123139268e+00 1.062926352726963053e+01 -4.394739038003775633e+00 1.062926352726963053e+01 3.003495168039304275e+01 1.833246209178196651e+01 -4.394739038003775633e+00 1.833246209178196651e+01 5.834892218736189573e-01
-3.343453501783807180e+00 1.062472164187366097e+01 -4.447381993144468915e+00 1.062472164187366097e+01 2.975439190927977151e+01 1.821338959236556576e+01 -4.447381993144468915e+00 1.821338959236556576e+01 4.471790156788166271e-01
-3.106935713860593751e+00 1.061336692838373530e+01 -4.491298806264556909e+00 1.061336692838373530e+01 2.946297810495644853e+01 1.805379775315677549e+01 -4.491298806264556909e+00 1.805379775315677549e+01 3.111191496239495424e-01
-2.856041249329664744e+00 1.059523514967698965e+01 -4.526149730031272078e+00 1.059523514967698965e+01 2.916112154051010563e+01 1.785508132636380196e+01 -4.526149730031272078e+00 1.785508132636380196e+01 1.743082631492763879e-01
-2.593434442537474460e+00 1.057045147582338807e+01 -4.551505609919010986e+00 1.057045147582338807e+01 2.885028849390322492e+01 1.761874235282625989e+01 -4.551505609919010986e+00 1.761874235282625989e+01 3.626355741349328310e-02
-2.322101493724680221e+00 1.053912319545433540e+01 -4.567098224349269486e+00 1.053912319545433540e+01 2.853196312453685124e+01 1.734617558475235199e+01 -4.567098224349269486e+00 1.734617558475235199e+01 -1.037659880032058696e-01
-3.940042579726139138e+01 4.390228826191295397e+00 -1.171497771823433176e+01 4.390228826191295397e+00 -3.621900086277815944e+01 3.012655969251954780e+00 -1.171497771823433176e+01 3.012655969251954780e+00 -5.714717423006939612e+01
-3.941569373240855612e+01 4.396209882137558367e+00 -1.179724112350161747e+01 4.396209882137558367e+00 -3.626077271037729588e+01 2.945545846302197290e+00 -1.179724112350161747e+01 2.945545846302197290e+00 -5.723803659755974138e+01
-3.935651376350895703e+01 4.400184513565107203e+00 -1.186454233450077567e+01 4.400184513565107203e+00 -3.622826863317411750e+01 2.875435640976838236e+00 -1.186454233450077567e+01 2.875435640976838236e+00 -5.712200793396323917e+01
-3.922271391131812379e+01 4.402324699718402456e+00 -1.191722530972072924e+01 4.402324699718402456e+00 -3.612143130475381980e+01 2.802153374031417066e+00 -1.191722530972072924e+01 2.802153374031417066e+00 -5.679885893362060045e+01
-3.901496298400896734e+01 4.402534896572743328e+00 -1.195506074350219983e+01 4.402534896572743328e+00 -3.594075755404483630e+01 2.725756371880753370e+00 -1.195506074350219983e+01 2.725756371880753370e+00 -5.626996543048751676e+01
-3.873385335453463085e+01 4.400910648152832394e+00 -1.197806774465012225e+01 4.400910648152832394e+00 -3.568676331878054953e+01 2.646378396159428714e+00 -1.197806774465012225e+01 2.646378396159428714e+00 -5.553735295788764148e+01
-3.838085640087549422e+01 4.397413736848787558e+00 -1.198595968109039944e+01 4.397413736848787558e+00 -3.536065245367218779e+01 2.563866576427921817e+00 -1.198595968109039944e+01 2.563866576427921817e+00 -5.460390694536694411e+01
-3.795677469283905481e+01 4.392044162660608819e+00 -1.197833526791928449e+01 4.392044162660608819e+00 -3.496383901028531938e+01 2.478736850419615667e+00 -1.197833526791928449e+01 2.478736850419615667e+00 -5.347352558913319598e+01
-3.746413059267741374e+01 4.384878360808058595e+00 -1.195540470199112271e+01 4.384878360808058595e+00 -3.449710644962250683e+01 2.390626150840649000e+00 -1.195540470199112271e+01 2.390626150840649000e+00 -5.214976312690527749e+01
-3.690261835951152136e+01 4.375782569656553100e+00 -1.191619343425396238e+01 4.375782569656553100e+00 -3.396290069871606221e+01 2.300298829888626440e+00 -1.191619343425396238e+01 2.300298829888626440e+00 -5.063737765111328315e+01
2.266644467704017174e+01 -1.617993348734458658e+00 2.248124581338707628e+01 -1.617993348734458658e+00 -1.215809320120043857e+01 2.031679391611248775e+01 2.248124581338707628e+01 2.031679391611248775e+01 -4.063286545733018507e+00
2.268100053117029447e+01 -1.521122875342434400e+00 2.264069201204072712e+01 -1.521122875342434400e+00 -1.192624697871594819e+01 2.018109579212522675e+01 2.264069201204072712e+01 2.018109579212522675e+01 -3.735870124667133751e+00
2.269553832592804810e+01 -1.429453501192934795e+00 2.275143208341281564e+01 -1.429453501192934795e+00 -1.167072491905454790e+01 2.001139186996548602e+01 2.275143208341281564e+01 2.001139186996548602e+01 -3.386529625544218547e+00
2.271002194256869089e+01 -1.343147760637289023e+00 2.281339379001386902e+01 -1.343147760637289023e+00 -1.139349549380455429e+01 1.980717648720690605e+01 2.281339379001386902e+01 1.980717648720690605e+01 -3.019581238360672160e+00
2.272530017159360582e+01 -1.262277891164976351e+00 2.282655907247151106e+01 -1.262277891164976351e+00 -1.109622016522399690e+01 1.956837740636001399e+01 2.282655907247151106e+01 1.956837740636001399e+01 -2.636487772278455211e+00
2.274121047865146750e+01 -1.186988367754955975e+00 2.279096404953047994e+01 -1.186988367754955975e+00 -1.078180649226442434e+01 1.929479597432873206e+01 2.279096404953047994e+01 1.929479597432873206e+01 -2.240066489387268600e+00
2.275825852616863187e+01 -1.117297249779597657e+00 2.270696990863817888e+01 -1.117297249779597657e+00 -1.045265637145103099e+01 1.898628771613411459e+01 2.270696990863817888e+01 1.898628771613411459e+01 -1.833152711149182323e+00
2.277624566104902826e+01 -1.053204537238901395e+00 2.257490171849726224e+01 -1.053204537238901395e+00 -1.011162318361825996e+01 1.864249144432874772e+01 2.257490171849726224e+01 1.864249144432874772e+01 -1.418870708984186546e+00
2.279468428023867688e+01 -9.947644082499770279e-01 2.239535543839593856e+01 -9.947644082499770279e-01 -9.761957615792686838e+00 1.826300985272050781e+01 2.239535543839593856e+01 1.826300985272050781e+01 -1.000976832345215062e+00
2.281294230570462034e+01 -9.419046253233448462e-01 2.216887284950530201e+01 -9.419046253233448462e-01 -9.407109008096957936e+00 1.784744563511724991e+01 2.216887284950530201e+01 1.784744563511724991e+01 -5.835705587602301181e-01
5.003500638127956535e+01 2.895699958248832306e+00 -2.144777296710505965e+01 2.895699958248832306e+00 4.586447674603269320e+01 3.409308777937164248e+00 -2.144777296710505965e+01 3.409308777937164248e+00 5.309038315162187871e+01
4.994796129235425042e+01 2.932520801174762326e+00 -2.146709920218798473e+01 2.932520801174762326e+00 4.556304567997844401e+01 3.255691741945859974e+00 -2.146709920218798473e+01 3.255691741945859974e+00 5.260890483968434950e+01
4.976570582297611622e+01 2.963487284137573674e+00 -2.141913453371822484e+01 2.963487284137573674e+00 4.517809583538601714e+01 3.093635526241639511e+00 -2.141913453371822484e+01 3.093635526241639511e+00 5.189419361985942203e+01
4.948892469360867352e+01 2.988513817079326174e+00 -2.130437538403182884e+01 2.988513817079326174e+00 4.471274269036444338e+01 2.923927559357553108e+00 -2.130437538403182884e+01 2.923927559357553108e+00 5.095105965340332688e+01
4.911840533278498810e+01 3.007651754034784020e+00 -2.112367765370820649e+01 3.007651754034784020e+00 4.416993054290686871e+01 2.747509331930944931e+00 -2.112367765370820649e+01 2.747509331930944931e+00 4.978436445560710411e+01
4.865627037394196464e+01 3.020832622957594804e+00 -2.087835942963963021e+01 3.020832622957594804e+00 4.355361365369013527e+01 2.565407924657098881e+00 -2.087835942963963021e+01 2.565407924657098881e+00 4.840097234911755208e+01
4.810426585426160528e+01 3.028261839986815307e+00 -2.057047487321667489e+01 3.028261839986815307e+00 4.286716427099710103e+01 2.378753126300827248e+00 -2.057047487321667489e+01 2.378753126300827248e+00 4.680874050125358821e+01
4.746538742577180159e+01 3.030076349215150344e+00 -2.020264304021231538e+01 3.030076349215150344e+00 4.211493036977113036e+01 2.188743197673294727e+00 -2.020264304021231538e+01 2.188743197673294727e+00 4.501778565686377931e+01
4.674412000750864138e+01 3.026584274851185086e+00 -1.977804788078192644e+01 3.026584274851185086e+00 4.130215006155817292e+01 1.996644871632018203e+00 -1.977804788078192644e+01 1.996644871632018203e+00 4.303993636195545491e+01
4.594438362412579124e+01 3.017939678999211672e+00 -1.930069500963711704e+01 3.017939678999211672e+00 4.043390739579987780e+01 1.803759117057690320e+00 -1.930069500963711704e+01 1.803759117057690320e+00 4.088904108790337233e+01
3.215716298430274289e+00 -6.381949327758851709e+00 2.115186615257783842e+01 -6.381949327758851709e+00 2.320543967140542563e+01 -2.241120821077314318e+01 2.115186615257783842e+01 -2.241120821077314318e+01 8.360815963040046483e+00
3.090383674922694723e+00 -6.344015725002321027e+00 2.110836300438128887e+01 -6.344015725002321027e+00 2.321074145023774804e+01 -2.256944042481262258e+01 2.110836300438128887e+01 -2.256944042481262258e+01 8.209634936336486888e+00
2.973601731754116351e+00 -6.296888802048323797e+00 2.102185653898921913e+01 -6.296888802048323797e+00 2.320281555865003043e+01 -2.267649351456834950e+01 2.102185653898921913e+01 -2.267649351456834950e+01 8.037942987483630120e+00
2.861586034202475926e+00 -6.241121943219427592e+00 2.089350707836829102e+01 -6.241121943219427592e+00 2.317723492206174285e+01 -2.273267094886237771e+01 2.089350707836829102e+01 -2.273267094886237771e+01 7.835922007532728273e+00
2.754515093339569898e+00 -6.177375639481275549e+00 2.072424288009185744e+01 -6.177375639481275549e+00 2.313330334729288751e+01 -2.273750859890803255e+01 2.072424288009185744e+01 -2.273750859890803255e+01 7.603571996483780460e+00
2.652371058058217823e+00 -6.106274679585150800e+00 2.051493864841170023e+01 -6.106274679585150800e+00 2.307002117234140215e+01 -2.269068514477609000e+01 2.051493864841170023e+01 -2.269068514477609000e+01 7.340089654513707984e+00
2.553993606391749882e+00 -6.028533107818235592e+00 2.026655834311551985e+01 -6.028533107818235592e+00 2.298567469091805293e+01 -2.259184356432295004e+01 2.026655834311551985e+01 -2.259184356432295004e+01 7.043761275333274341e+00
2.458704396267342940e+00 -5.944864968467712174e+00 1.997992311513358032e+01 -5.944864968467712174e+00 2.287892506998437980e+01 -2.244085889979836779e+01 1.997992311513358032e+01 -2.244085889979836779e+01 6.713265877011192373e+00
2.365825085612174306e+00 -5.855930752499222791e+00 1.965585411539613148e+01 -5.855930752499222791e+00 2.274870124310960406e+01 -2.223728487352284588e+01 1.965585411539613148e+01 -2.223728487352284588e+01 6.346925455472586464e+00
2.275016503389832856e+00 -5.762158886485076792e+00 1.929452985497498219e+01 -5.762158886485076792e+00 2.259434271932808613e+01 -2.198078231445997233e+01 1.929452985497498219e+01 -2.198078231445997233e+01 5.945043479539507736e+00
-3.003501078212472564e+01 -7.434053284186893151e+00 1.140615268176095576e+01 -7.434053284186893151e+00 -1.571303098424676925e+01 -1.817500102916253368e+01 1.140615268176095576e+01 -1.817500102916253368e+01 -2.967555314209085182e+01
-3.007474709522445977e+01 -7.425459629261702332e+00 1.144424499130978745e+01 -7.425459629261702332e+00 -1.579483884276287142e+01 -1.815207838874251678e+01 1.144424499130978745e+01 -1.815207838874251678e+01 -2.985779467208047677e+01
-3.005617732784263652e+01 -7.410981188898611016e+00 1.146806436093938864e+01 -7.410981188898611016e+00 -1.582928818989776509e+01 -1.809898454679166946e+01 1.146806436093938864e+01 -1.809898454679166946e+01 -2.991643702601563248e+01
-2.998109493839842443e+01 -7.391122373278008695e+00 1.147809651897162198e+01 -7.391122373278008695e+00 -1.581807907477795005e+01 -1.801571950330999172e+01 1.147809651897162198e+01 -1.801571950330999172e+01 -2.985463743798839431e+01
-2.984998565521367553e+01 -7.365976591692560582e+00 1.147422937425528744e+01 -7.365976591692560582e+00 -1.576279945537874028e+01 -1.790230194015601484e+01 1.147422937425528744e+01 -1.790230194015601484e+01 -2.967353550136927964e+01
-2.966436270882956805e+01 -7.335954845029994509e+00 1.145644424493185021e+01 -7.335954845029994509e+00 -1.566494388038277030e+01 -1.775819008343228234e+01 1.145644424493185021e+01 -1.775819008343228234e+01 -2.937484994714332842e+01
-2.942514151031422287e+01 -7.301225270017106084e+00 1.142453563055744858e+01 -7.301225270017106084e+00 -1.552662339980427753e+01 -1.758330920570466205e+01 1.142453563055744858e+01 -1.758330920570466205e+01 -2.896156987267581329e+01
-2.913482542871106062e+01 -7.261825230370964057e+00 1.137803648466875650e+01 -7.261825230370964057e+00 -1.534993038179895564e+01 -1.737706148750010016e+01 1.137803648466875650e+01 -1.737706148750010016e+01 -2.843616128329310655e+01
-2.879431119322967092e+01 -7.218277818130489187e+00 1.131659185195364614e+01 -7.218277818130489187e+00 -1.513712533124930104e+01 -1.713924142837473141e+01 1.131659185195364614e+01 -1.713924142837473141e+01 -2.780178141308728001e+01
-2.840696153840599436e+01 -7.170433578427419796e+00 1.123939841249520022e+01 -7.170433578427419796e+00 -1.489112261808647020e+01 -1.686904570841163675e+01 1.123939841249520022e+01 -1.686904570841163675e+01 -2.706265236208680136e+01
-2.603364548615722285e+01 6.381586971223636162e+00 -1.601135155199852633e+01 6.381586971223636162e+00 -4.206030319080594104e+00 -1.180547001690481324e+01 -1.601135155199852633e+01 -1.180547001690481324e+01 -4.388910016352885890e+01
-2.615350958558670769e+01 6.396707143890225211e+00 -1.589479789627710460e+01 6.396707143890225211e+00 -4.273466661133550559e+00 -1.186308661582374668e+01 -1.589479789627710460e+01 -1.186308661582374668e+01 -4.416276970939461677e+01
-2.620069270742574474e+01 6.407903138902878659e+00 -1.576050175012034948e+01 6.407903138902878659e+00 -4.280980252470945047e+00 -1.190217960837623146e+01 -1.576050175012034948e+01 -1.190217960837623146e+01 -4.426358945850357429e+01
-2.618051387920526452e+01 6.415137760264875588e+00 -1.560809115356106425e+01 6.415137760264875588e+00 -4.233369376669630313e+00 -1.192313955252782698e+01 -1.560809115356106425e+01 -1.192313955252782698e+01 -4.420498716567156805e+01
-2.609315908090886893e+01 6.418411007976215998e+00 -1.543732433262056780e+01 6.418411007976215998e+00 -4.130448053746007098e+00 -1.192602224227361063e+01 -1.543732433262056780e+01 -1.192602224227361063e+01 -4.398625610696092281e+01
-2.593953961445619072e+01 6.417313726072982227e+00 -1.524790371932510169e+01 6.417313726072982227e+00 -3.973480947588547529e+00 -1.191086487361030066e+01 -1.524790371932510169e+01 -1.191086487361030066e+01 -4.360946066018957623e+01
-2.572038080178326425e+01 6.411938904546974349e+00 -1.503914118773535336e+01 6.411938904546974349e+00 -3.762542450190691667e+00 -1.187768604453625976e+01 -1.503914118773535336e+01 -1.187768604453625976e+01 -4.307582829324929463e+01
-2.543663114080644405e+01 6.401821593439195546e+00 -1.481059038589068244e+01 6.401821593439195546e+00 -3.499492361388428119e+00 -1.182644855905476611e+01 -1.481059038589068244e+01 -1.182644855905476611e+01 -4.238807431390061708e+01
-2.509015043136172096e+01 6.387166370731603315e+00 -1.456128421787637706e+01 6.387166370731603315e+00 -3.185056003117792578e+00 -1.175718961316254152e+01 -1.456128421787637706e+01 -1.175718961316254152e+01 -4.154889543190572709e+01
-2.468151521139824922e+01 6.367359502478321609e+00 -1.429068334173999766e+01 6.367359502478321609e+00 -2.821316351195092054e+00 -1.166972322687598584e+01 -1.429068334173999766e+01 -1.166972322687598584e+01 -4.056169508096447629e+01
1.661721122583880117e+01 -5.038818893038866875e+00 1.619387388354181567e+01 -5.038818893038866875e+00 -3.920307986590287186e+01 -3.650818172982393417e+00 1.619387388354181567e+01 -3.650818172982393417e+00 -4.374375109042432541e+01
1.682242913064446554e+01 -5.028738990523310193e+00 1.622899575381701354e+01 -5.028738990523310193e+00 -3.900851732766061275e+01 -3.745287093611613383e+00 1.622899575381701354e+01 -3.745287093611613383e+00 -4.318545814722845222e+01
1.703048722897661094e+01 -5.015317683858950382e+00 1.624124756902929434e+01 -5.015317683858950382e+00 -3.880157303071140262e+01 -3.836544553586705764e+00 1.624124756902929434e+01 -3.836544553586705764e+00 -4.264001104664909292e+01
1.728848075597698397e+01 -4.996160300072478577e+00 1.622682384112028942e+01 -4.996160300072478577e+00 -3.851842615581309559e+01 -3.923291117960912899e+00 1.622682384112028942e+01 -3.923291117960912899e+00 -4.190993280349196937e+01
1.759291980064572058e+01 -4.971341092589423916e+00 1.618546468310065833e+01 -4.971341092589423916e+00 -3.816277081088575329e+01 -4.004431548707684030e+00 1.618546468310065833e+01 -4.004431548707684030e+00 -4.102589008250055969e+01
1.794122405644569085e+01 -4.940451667569376148e+00 1.611652037749702160e+01 -4.940451667569376148e+00 -3.773689028876440688e+01 -4.079130494789819039e+00 1.611652037749702160e+01 -4.079130494789819039e+00 -3.999124285118001865e+01
1.833120304732379324e+01 -4.903287828092131484e+00 1.601973103732001746e+01 -4.903287828092131484e+00 -3.724202833432664761e+01 -4.146237028111617207e+00 1.601973103732001746e+01 -4.146237028111617207e+00 -3.881246972090777803e+01
1.875951536913121842e+01 -4.859645377237485242e+00 1.589452119852181156e+01 -4.859645377237485242e+00 -3.668143353493938008e+01 -4.204915797635877084e+00 1.589452119852181156e+01 -4.204915797635877084e+00 -3.749577085271548782e+01
1.922309806806489618e+01 -4.809320118085232743e+00 1.574079804432048135e+01 -4.809320118085232743e+00 -3.605727780329932131e+01 -4.254034438623285119e+00 1.574079804432048135e+01 -4.254034438623285119e+00 -3.604901710970922579e+01
1.971801571257180186e+01 -4.752367740704520394e+00 1.555832025108306027e+01 -4.752367740704520394e+00 -3.537384927473077312e+01 -4.293017487025989176e+00 1.555832025108306027e+01 -4.293017487025989176e+00 -3.448078476253758140e+01
6.439723636641840443e+00 -1.041702499856457287e+01 2.507888722019585792e+00 -1.041702499856457287e+01 -1.531058197686920508e+01 -9.589188419912200168e-01 2.507888722019585792e+00 -9.589188419912200168e-01 2.116813976681161336e+01
6.230440530770270158e+00 -1.039098216478864245e+01 2.396031133891720177e+00 -1.039098216478864245e+01 -1.543726951200836517e+01 -1.062710385769040755e+00 2.396031133891720177e+00 -1.062710385769040755e+00 2.072656905189973386e+01
5.983937874960600034e+00 -1.034806574496205656e+01 2.282473527447925310e+00 -1.034806574496205656e+01 -1.557565823704545949e+01 -1.161130595080575922e+00 2.282473527447925310e+00 -1.161130595080575922e+00 2.020869645108462720e+01
5.702874208494122854e+00 -1.028880021282058443e+01 2.167451011604235145e+00 -1.028880021282058443e+01 -1.572397579245962795e+01 -1.254360322938158356e+00 2.167451011604235145e+00 -1.254360322938158356e+00 1.962036351666464284e+01
5.388099540528803466e+00 -1.021405366282341909e+01 2.051307207084080542e+00 -1.021405366282341909e+01 -1.588299984620389971e+01 -1.342489995847954587e+00 2.051307207084080542e+00 -1.342489995847954587e+00 1.896283621972611400e+01
5.041766021911401552e+00 -1.012456759232112624e+01 1.934313393405962422e+00 -1.012456759232112624e+01 -1.605197081562647909e+01 -1.425537699111197876e+00 1.934313393405962422e+00 -1.425537699111197876e+00 1.824009332654035731e+01
4.664524723486316304e+00 -1.002157180179757034e+01 1.816994044305644707e+00 -1.002157180179757034e+01 -1.623320361928522360e+01 -1.503865138752553676e+00 1.816994044305644707e+00 -1.503865138752553676e+00 1.745217100770984331e+01
4.257985237063310002e+00 -9.905952471013181437e+00 1.699511927494227415e+00 -9.905952471013181437e+00 -1.642579399211847146e+01 -1.577381888265856125e+00 1.699511927494227415e+00 -1.577381888265856125e+00 1.660322888251822704e+01
3.824118860476811044e+00 -9.779174509367855705e+00 1.582319175502542752e+00 -9.779174509367855705e+00 -1.663176748786435155e+01 -1.646793274399202645e+00 1.582319175502542752e+00 -1.646793274399202645e+00 1.569424355723210596e+01
3.363287299751484216e+00 -9.642087926019557997e+00 1.465488129535523765e+00 -9.642087926019557997e+00 -1.685105176531792637e+01 -1.711990785345193888e+00 1.465488129535523765e+00 -1.711990785345193888e+00 1.472843421547100462e+01
6.350947064051177904e+01 1.066898643731403951e+01 2.162348150791456813e+00 1.066898643731403951e+01 5.683698198206504060e+01 -1.964398417346289349e+01 2.162348150791456813e+00 -1.964398417346289349e+01 8.387722947187369016e+01
6.335120650605227155e+01 1.052301564379467713e+01 2.482867545467742687e+00 1.052301564379467713e+01 5.664198938652273085e+01 -1.959903769816257224e+01 2.482867545467742687e+00 -1.959903769816257224e+01 8.344748458495391219e+01
6.303245533164818681e+01 1.035973313180070399e+01 2.809028404822037750e+00 1.035973313180070399e+01 5.629629390320877036e+01 -1.949543683040402087e+01 2.809028404822037750e+00 -1.949543683040402087e+01 8.263740393757788638e+01
6.255532214143313041e+01 1.018181649203004469e+01 3.138489942017795631e+00 1.018181649203004469e+01 5.580243840127649690e+01 -1.933427618273670490e+01 3.138489942017795631e+00 -1.933427618273670490e+01 8.145134913975037705e+01
6.192344441710992697e+01 9.992296959235060783e+00 3.468305123267995782e+00 9.992296959235060783e+00 5.516395932127036872e+01 -1.911703769215066373e+01 3.468305123267995782e+00 -1.911703769215066373e+01 7.989907066325817198e+01
6.114280042721795638e+01 9.794744654346315471e+00 3.795139590345038449e+00 9.794744654346315471e+00 5.438648128767530920e+01 -1.884577586220028778e+01 3.795139590345038449e+00 -1.884577586220028778e+01 7.799356913715031681e+01
6.022059777439061179e+01 9.592645497329023385e+00 4.115524263476774358e+00 9.592645497329023385e+00 5.347719506293165637e+01 -1.852298304145972452e+01 4.115524263476774358e+00 -1.852298304145972452e+01 7.575370557766369473e+01
5.916707529601366389e+01 9.390377938381046619e+00 4.425653259029680875e+00 9.390377938381046619e+00 5.244575007766775343e+01 -1.815219567047341442e+01 4.425653259029680875e+00 -1.815219567047341442e+01 7.320330885799052112e+01
5.799429057032429569e+01 9.191646819977492555e+00 4.721855414914785776e+00 9.191646819977492555e+00 5.130346294162576015e+01 -1.773764063770159183e+01 4.721855414914785776e+00 -1.773764063770159183e+01 7.037176511503564313e+01
5.671731557011896285e+01 9.000763231543944087e+00 5.000695331746075389e+00 9.000763231543944087e+00 5.006464781891407512e+01 -1.728448788241634304e+01 5.000695331746075389e+00 -1.728448788241634304e+01 6.729480923849084206e+01
3.574188452167985020e+01 -8.439901639513768927e+00 -9.802785822332326759e+00 -8.439901639513768927e+00 4.133228428275851485e+01 -1.085538522494410074e+01 -9.802785822332326759e+00 -1.085538522494410074e+01 4.171970366338338465e+01
3.569468042861969082e+01 -8.381752421579223622e+00 -9.838785427369414194e+00 -8.381752421579223622e+00 4.129265359363988352e+01 -1.067322584018631204e+01 -9.838785427369414194e+00 -1.067322584018631204e+01 4.159628138636382033e+01
3.558688910402737093e+01 -8.311828116694506718e+00 -9.844733488912526198e+00 -8.311828116694506718e+00 4.118149054811469512e+01 -1.046421372410163109e+01 -9.844733488912526198e+00 -1.046421372410163109e+01 4.129419248165539358e+01
3.542032608994367848e+01 -8.230941396058822690e+00 -9.820526261702188009e+00 -8.230941396058822690e+00 4.100085276049584593e+01 -1.022867740334505093e+01 -9.820526261702188009e+00 -1.022867740334505093e+01 4.081724094210543541e+01
3.519471473234333558e+01 -8.140008676130850773e+00 -9.766198327491560249e+00 -8.140008676130850773e+00 4.075086126691937949e+01 -9.967308512979725421e+00 -9.766198327491560249e+00 -9.967308512979725421e+00 4.016686191046999710e+01
3.491005503122634224e+01 -8.040223027394524991e+00 -9.682026340305903034e+00 -8.040223027394524991e+00 4.043208666631239367e+01 -9.680954305958016093e+00 -9.682026340305903034e+00 -9.680954305958016093e+00 3.934518216456825712e+01
3.456610491432061849e+01 -7.932794811210365005e+00 -9.568425281183106534e+00 -7.932794811210365005e+00 4.004501310321910523e+01 -9.370565780491757479e+00 -9.568425281183106534e+00 -9.370565780491757479e+00 3.835469159062758138e+01
3.416288167250271357e+01 -7.819072715951516095e+00 -9.426017621680008673e+00 -7.819072715951516095e+00 3.959053970322160865e+01 -9.037232261805415945e+00 -9.426017621680008673e+00 -9.037232261805415945e+00 3.719862358256819590e+01
3.370116339521869264e+01 -7.700543757003758039e+00 -9.255598742119234501e+00 -7.700543757003758039e+00 3.907048200836067053e+01 -8.682129529506347865e+00 -9.255598742119234501e+00 -8.682129529506347865e+00 3.588149105917717208e+01
3.318188378980380548e+01 -7.578625786246553808e+00 -9.058119640712620324e+00 -7.578625786246553808e+00 3.848681117856628475e+01 -8.306537108461391483e+00 -9.058119640712620324e+00 -8.306537108461391483e+00 3.440849857430473691e+01
2.880516559903026064e+01 -1.005521646349075127e+01 2.368554578298538615e+01 -1.005521646349075127e+01 4.158829391591816460e+01 -4.430078181169309737e+00 2.368554578298538615e+01 -4.430078181169309737e+00 1.845801060733257870e+01
2.880931820300547841e+01 -9.994427924626721804e+00 2.357068615286428681e+01 -9.994427924626721804e+00 4.153436240798799872e+01 -4.447264378293612985e+00 2.357068615286428681e+01 -4.447264378293612985e+00 1.837434785077315880e+01
2.879309164125359999e+01 -9.921582875901885146e+00 2.340648381668478351e+01 -9.921582875901885146e+00 4.145589913035551888e+01 -4.449410471944667655e+00 2.340648381668478351e+01 -4.449410471944667655e+00 1.822289994108894717e+01
2.875613695545738224e+01 -9.837466473530046329e+00 2.319327028484825703e+01 -9.837466473530046329e+00 4.135292153093660517e+01 -4.436935212103168880e+00 2.319327028484825703e+01 -4.436935212103168880e+00 1.800405073242892229e+01
2.869817497896303138e+01 -9.743090696631211856e+00 2.293153409899885631e+01 -9.743090696631211856e+00 4.122535981806779404e+01 -4.410362036244983130e+00 2.293153409899885631e+01 -4.410362036244983130e+00 1.771811428727859905e+01
2.861843800347261535e+01 -9.639537315988841115e+00 2.262197317577106404e+01 -9.639537315988841115e+00 4.107277779385254490e+01 -4.370284173509427106e+00 2.262197317577106404e+01 -4.370284173509427106e+00 1.736491612647935412e+01
2.851607108110887623e+01 -9.528010237797428061e+00 2.226530287971523947e+01 -9.528010237797428061e+00 4.089454733331979952e+01 -4.317347196783402730e+00 2.226530287971523947e+01 -4.317347196783402730e+00 1.694405494796636091e+01
2.839046353481663942e+01 -9.409695920335606090e+00 2.186237815870861922e+01 -9.409695920335606090e+00 4.069012755107784329e+01 -4.252318814364849153e+00 2.186237815870861922e+01 -4.252318814364849153e+00 1.645526903300168087e+01
2.824069062505520478e+01 -9.285868061461316714e+00 2.141407140854432711e+01 -9.285868061461316714e+00 4.045892521798735686e+01 -4.175966734551705528e+00 2.141407140854432711e+01 -4.175966734551705528e+00 1.589815707952048385e+01
2.806626381018043404e+01 -9.157765463200780331e+00 2.092115033752029873e+01 -9.157765463200780331e+00 4.020046924032005364e+01 -4.089145905221218236e+00 2.092115033752029873e+01 -4.089145905221218236e+00 1.527261440002759763e+01
-7.849961085172028952e+00 -1.124427701740960828e+01 5.891202950450106890e+00 -1.124427701740960828e+01 -1.481889804945470068e+01 3.751475404837560035e+00 5.891202950450106890e+00 3.751475404837560035e+00 -3.145337674213541845e+01
-7.700952418613265849e+00 -1.124988675544476102e+01 5.948370609768874218e+00 -1.124988675544476102e+01 -1.480804763509723188e+01 3.851694112959001881e+00 5.948370609768874218e+00 3.851694112959001881e+00 -3.125699900473376402e+01
-7.540484385870851014e+00 -1.124824443082262704e+01 5.999762453281710428e+00 -1.124824443082262704e+01 -1.477758159070237198e+01 3.949310936004928330e+00 5.999762453281710428e+00 3.949310936004928330e+00 -3.103037665996495065e+01
-7.332056783545003675e+00 -1.123665589303948309e+01 6.044861794590640436e+00 -1.123665589303948309e+01 -1.469042766721543103e+01 4.044713388773820029e+00 6.044861794590640436e+00 4.044713388773820029e+00 -3.066220069523672365e+01
-7.078603652252792422e+00 -1.121504732975275687e+01 6.082912057184345578e+00 -1.121504732975275687e+01 -1.454846807937189368e+01 4.137458597210271094e+00 6.082912057184345578e+00 4.137458597210271094e+00 -3.016780562471754479e+01
-6.781601238845575530e+00 -1.118334492861988139e+01 6.113359648493566390e+00 -1.118334492861988139e+01 -1.435273619996770833e+01 4.227472748971712768e+00 6.113359648493566390e+00 4.227472748971712768e+00 -2.954964570879779728e+01
-6.442857945716261803e+00 -1.114138261187008361e+01 6.135558710520834680e+00 -1.114138261187008361e+01 -1.410441302648396089e+01 4.314349876174023102e+00 6.135558710520834680e+00 4.314349876174023102e+00 -2.881085797203660448e+01
-6.064957204854726669e+00 -1.108916037950335998e+01 6.148771119840472643e+00 -1.108916037950335998e+01 -1.380558375759818901e+01 4.397960807217707213e+00 6.148771119840472643e+00 4.397960807217707213e+00 -2.795561281178905233e+01
-5.650408635908275023e+00 -1.102632762289251112e+01 6.152314112283726821e+00 -1.102632762289251112e+01 -1.345811215496023294e+01 4.477659684105297799e+00 6.152314112283726821e+00 4.477659684105297799e+00 -2.699005510557391574e+01
-5.201758764695494364e+00 -1.095306887289396336e+01 6.145486470596204676e+00 -1.095306887289396336e+01 -1.306415722959019909e+01 4.553520319179362730e+00 6.145486470596204676e+00 4.553520319179362730e+00 -2.591811536063292465e+01
5.032662639815591632e+01 -1.388005224281789474e+01 -4.630539912435165384e+00 -1.388005224281789474e+01 4.434679643344813371e+01 1.893578313606357000e+01 -4.630539912435165384e+00 1.893578313606357000e+01 5.735403330447748971e+01
5.032251959537926211e+01 -1.387700636409186927e+01 -4.444399076582915775e+00 -1.387700636409186927e+01 4.433914751327659332e+01 1.886954382961164356e+01 -4.444399076582915775e+00 1.886954382961164356e+01 5.732581614706617046e+01
5.020903494531746958e+01 -1.385121906499007416e+01 -4.235448373641950148e+00 -1.385121906499007416e+01 4.424044735321079713e+01 1.875253417383321874e+01 -4.235448373641950148e+00 1.875253417383321874e+01 5.704023934898396675e+01
4.998779805740298343e+01 -1.380306680243369932e+01 -4.004560499202310275e+00 -1.380306680243369932e+01 4.405191088240549391e+01 1.858535307746656073e+01 -4.004560499202310275e+00 1.858535307746656073e+01 5.650093058601693485e+01
4.965963029219114588e+01 -1.373331960194337498e+01 -3.752950382418758224e+00 -1.373331960194337498e+01 4.377355521253892334e+01 1.836877056603229974e+01 -3.752950382418758224e+00 1.836877056603229974e+01 5.571014859969224631e+01
4.922651660435732879e+01 -1.364305549924796956e+01 -3.482089627619598282e+00 -1.364305549924796956e+01 4.340616748080994824e+01 1.810389889861577473e+01 -3.482089627619598282e+00 1.810389889861577473e+01 5.467194885775184332e+01
4.869126330913224621e+01 -1.353367765196284367e+01 -3.193809184376092958e+00 -1.353367765196284367e+01 4.295109950979922075e+01 1.779195300437174865e+01 -3.193809184376092958e+00 1.779195300437174865e+01 5.339209799576129711e+01
4.805754941733668062e+01 -1.340701700965926335e+01 -2.889991337294213203e+00 -1.340701700965926335e+01 4.240999402061739687e+01 1.743486650294089912e+01 -2.889991337294213203e+00 1.743486650294089912e+01 5.187827915724861327e+01
4.733001219377258906e+01 -1.326507563869084905e+01 -2.573065944683483153e+00 -1.326507563869084905e+01 4.178528087157401671e+01 1.703453879060743859e+01 -2.573065944683483153e+00 1.703453879060743859e+01 5.014051978566013901e+01
4.651488028931793650e+01 -1.311026628568889230e+01 -2.245291748071069016e+00 -1.311026628568889230e+01 4.108091286034160561e+01 1.659377618260208465e+01 -2.245291748071069016e+00 1.659377618260208465e+01 4.819173919806414119e+01
-4.289966414097158065e+01 -1.986974658398994675e+00 -1.603060054489434805e+01 -1.986974658398994675e+00 -4.272643589829991129e+01 1.772719580932768935e+01 -1.603060054489434805e+01 1.772719580932768935e+01 -4.233877835435472292e+01
-4.290724574840946559e+01 -1.956112155394271301e+00 -1.619506016078180011e+01 -1.956112155394271301e+00 -4.272779522690620269e+01 1.759480486126462395e+01 -1.619506016078180011e+01 1.759480486126462395e+01 -4.235566466183001211e+01
-4.285300662247126979e+01 -1.922320394970365554e+00 -1.633447749755623590e+01 -1.922320394970365554e+00 -4.267208189952174280e+01 1.743802258018169482e+01 -1.633447749755623590e+01 1.743802258018169482e+01 -4.221555808801577570e+01
-4.273796147324335948e+01 -1.885522795233965043e+00 -1.644994384719735692e+01 -1.885522795233965043e+00 -4.256011917149964319e+01 1.725635118377238086e+01 -1.644994384719735692e+01 1.725635118377238086e+01 -4.191943505205171761e+01
