2.407473830691779337e+00 -4.387828332274459897e-01 -3.308366505383366185e+00 -4.387828332274459897e-01 9.403135103163894276e-04 1.947714773003428990e+00 -3.308366505383366185e+00 1.947714773003428990e+00 -3.135403068341514610e-01
2.360385823367473712e+00 -4.574986886731664537e-01 -3.281368657866012839e+00 -4.574986886731664537e-01 6.075871912813593512e-02 1.840916857774033133e+00 -3.281368657866012839e+00 1.840916857774033133e+00 -2.966327466005779234e-01
2.325955882528196739e+00 -4.764315395443444734e-01 -3.257083253166880077e+00 -4.764315395443444734e-01 1.312641494497436834e-01 1.739525745228956088e+00 -3.257083253166880077e+00 1.739525745228956088e+00 -2.634686124098037374e-01
2.304961575115171080e+00 -4.954909710803728218e-01 -3.235419876525360117e+00 -4.954909710803728218e-01 2.128725123739334257e-01 1.643288274038497976e+00 -3.235419876525360117e+00 1.643288274038497976e+00 -2.134150009375774815e-01
2.296806163708388748e+00 -5.145323196642798136e-01 -3.216613606319032481e+00 -5.145323196642798136e-01 3.041914205873520460e-01 1.552186361250537106e+00 -3.216613606319032481e+00 1.552186361250537106e+00 -1.482982903481674941e-01
2.300657832510261791e+00 -5.334470875833363657e-01 -3.200863355021232870e+00 -5.334470875833363657e-01 4.036657402075531365e-01 1.466147675056587385e+00 -3.200863355021232870e+00 1.466147675056587385e+00 -7.010760537493541944e-02
2.315558185058352425e+00 -5.520363623642065010e-01 -3.188422283961662274e+00 -5.520363623642065010e-01 5.096137566872401825e-01 1.384955220031191425e+00 -3.188422283961662274e+00 1.384955220031191425e+00 1.900518267966394906e-02
2.340042502230821331e+00 -5.702278121984043491e-01 -3.179615886278507109e+00 -5.702278121984043491e-01 6.199920964366871790e-01 1.308355834844648680e+00 -3.179615886278507109e+00 1.308355834844648680e+00 1.161106355719526417e-01
2.372863060331287688e+00 -5.878406075647151230e-01 -3.174823903966317307e+00 -5.878406075647151230e-01 7.328658835788968151e-01 1.235987860454529574e+00 -3.174823903966317307e+00 1.235987860454529574e+00 2.186048081964390988e-01
2.412374310716697501e+00 -6.047662507504102392e-01 -3.174407996067523996e+00 -6.047662507504102392e-01 8.460289979550500439e-01 1.167435388962040355e+00 -3.174407996067523996e+00 1.167435388962040355e+00 3.233051009797447972e-01
-1.688475326487695938e+01 6.546555796352222512e-01 9.300214361841801392e+00 6.546555796352222512e-01 3.548190661806456703e+00 -7.043829823654981226e+00 9.300214361841801392e+00 -7.043829823654981226e+00 8.112201089939629739e+00
-1.699451456949823580e+01 7.102458955533256235e-01 9.257143239819493274e+00 7.102458955533256235e-01 3.395958719753804811e+00 -6.933649999470328673e+00 9.257143239819493274e+00 -6.933649999470328673e+00 7.738317547822030740e+00
-1.709352174099100452e+01 7.647262248033425136e-01 9.192691227059452075e+00 7.647262248033425136e-01 3.226258135055856346e+00 -6.806765785756110354e+00 9.192691227059452075e+00 -6.806765785756110354e+00 7.339668565454170235e+00
-1.718104691924503769e+01 8.175324757998517766e-01 9.106967502578214635e+00 8.175324757998517766e-01 3.040326269899987555e+00 -6.663068003495795644e+00 9.106967502578214635e+00 -6.663068003495795644e+00 6.917564291034452140e+00
-1.725745403431545100e+01 8.680641639519214303e-01 9.000081245392308915e+00 8.680641639519214303e-01 2.838417875324775075e+00 -6.502720421214183588e+00 9.000081245392308915e+00 -6.502720421214183588e+00 6.473132907733713637e+00
-1.732372569735104406e+01 9.157571976741306630e-01 8.872087045010005113e+00 9.157571976741306630e-01 2.620623933843996056e+00 -6.325850414430561841e+00 8.872087045010005113e+00 -6.325850414430561841e+00 6.006974900142887819e+00
-1.738102648452816368e+01 9.600838783865691672e-01 8.723039490939568097e+00 9.600838783865691672e-01 2.386889855949384742e+00 -6.132421590139419898e+00 8.723039490939568097e+00 -6.132421590139419898e+00 5.519217643781264115e+00
-1.743090309858103737e+01 1.000552900514838139e+00 8.552865797169976858e+00 1.000552900514838139e+00 2.136960890602363605e+00 -5.922452144843513011e+00 8.552865797169976858e+00 -5.922452144843513011e+00 5.009788352637819742e+00
-1.747502961776316255e+01 1.036800334003827206e+00 8.361565963701231396e+00 1.036800334003827206e+00 1.870509500753333221e+00 -5.695760113515286882e+00 8.361565963701231396e+00 -5.695760113515286882e+00 4.478068345618868129e+00
-1.751535306786938762e+01 1.068389462787404209e+00 8.148958025505773861e+00 1.068389462787404209e+00 1.587171756347183660e+00 -5.452199924132696829e+00 8.148958025505773861e+00 -5.452199924132696829e+00 3.923420745127966125e+00
4.292133603501199701e+01 2.626848379988758087e+00 1.908352707962610140e+01 2.626848379988758087e+00 4.322124279460004459e+01 -1.272891743307963175e+01 1.908352707962610140e+01 -1.272891743307963175e+01 5.513263585242022913e+01
4.264475421081831286e+01 2.624768558925590245e+00 1.902029020614349974e+01 2.624768558925590245e+00 4.329553194034394892e+01 -1.277618609360617796e+01 1.902029020614349974e+01 -1.277618609360617796e+01 5.486851576600172820e+01
4.229075491498407047e+01 2.622980944127495384e+00 1.890088097535153366e+01 2.622980944127495384e+00 4.327904806927305259e+01 -1.277616890500234881e+01 1.890088097535153366e+01 -1.277616890500234881e+01 5.437898432898501255e+01
4.186207113551788694e+01 2.621726176048063461e+00 1.872669166416026343e+01 2.621726176048063461e+00 4.317170523836822582e+01 -1.272876273564518357e+01 1.872669166416026343e+01 -1.272876273564518357e+01 5.366649951171745414e+01
4.136141867182455911e+01 2.621244895140884434e+00 1.849947551016012071e+01 2.621244895140884434e+00 4.297269558324956051e+01 -1.263420822598826732e+01 1.849947551016012071e+01 -1.263420822598826732e+01 5.273429277171869956e+01
4.079201179281989198e+01 2.621640233028924349e+00 1.822117482558365964e+01 2.621640233028924349e+00 4.268215661274768280e+01 -1.249295227973112432e+01 1.822117482558365964e+01 -1.249295227973112432e+01 5.158695346621076538e+01
4.015733978508094992e+01 2.622963755523667562e+00 1.789423039217442479e+01 2.622963755523667562e+00 4.230063836218507589e+01 -1.230611215612256792e+01 1.789423039217442479e+01 -1.230611215612256792e+01 5.023089294442144137e+01
3.946145915911107949e+01 2.625129519605974515e+00 1.752130644352573441e+01 2.625129519605974515e+00 4.182961905149093695e+01 -1.207506294346882036e+01 1.752130644352573441e+01 -1.207506294346882036e+01 4.867376013505411692e+01
3.870894208352849830e+01 2.627982827841395252e+00 1.710561724855339349e+01 2.627982827841395252e+00 4.127141914218201890e+01 -1.180179851981391259e+01 1.710561724855339349e+01 -1.180179851981391259e+01 4.692516346764855228e+01
3.790399976627102774e+01 2.631351794191650662e+00 1.665094430009952475e+01 2.631351794191650662e+00 4.062877162226695305e+01 -1.148898311875115930e+01 1.665094430009952475e+01 -1.148898311875115930e+01 4.499618959167368359e+01
5.570915173504639029e+01 -1.261708349547310881e+01 -4.853676394096938296e+00 -1.261708349547310881e+01 2.208469492522380762e+01 2.288914652556773177e+01 -4.853676394096938296e+00 2.288914652556773177e+01 4.561689039663523459e+01
5.546553325117606903e+01 -1.262161834753520750e+01 -4.790517328545053743e+00 -1.262161834753520750e+01 2.209222416433454228e+01 2.284371146196847491e+01 -4.790517328545053743e+00 2.284371146196847491e+01 4.531824788717175778e+01
5.514579156360687762e+01 -1.260503671289593619e+01 -4.729902626554726375e+00 -1.260503671289593619e+01 2.205693193779020334e+01 2.275590495620121700e+01 -4.729902626554726375e+00 2.275590495620121700e+01 4.485356401957201200e+01
5.475316337972664371e+01 -1.256752898610751679e+01 -4.672213077230408906e+00 -1.256752898610751679e+01 2.197892209716473033e+01 2.262598663720081760e+01 -4.672213077230408906e+00 2.262598663720081760e+01 4.422690631381536264e+01
5.429047000062743678e+01 -1.250961442503966126e+01 -4.617760235293924431e+00 -1.250961442503966126e+01 2.185708689233608482e+01 2.245447576283698510e+01 -4.617760235293924431e+00 2.245447576283698510e+01 4.344137300852438699e+01
5.376091351650578076e+01 -1.243217576807086466e+01 -4.566838346871439747e+00 -1.243217576807086466e+01 2.169031857318223189e+01 2.224196082536204599e+01 -4.566838346871439747e+00 2.224196082536204599e+01 4.250087584631753401e+01
5.316786910351475370e+01 -1.233621691374922769e+01 -4.519707040897807282e+00 -1.233621691374922769e+01 2.147731899502889874e+01 2.198920340298490572e+01 -4.519707040897807282e+00 2.198920340298490572e+01 4.140970735891770715e+01
5.251514465269887211e+01 -1.222296677236638729e+01 -4.476556711925253396e+00 -1.222296677236638729e+01 2.121699771634971299e+01 2.169715546846668985e+01 -4.476556711925253396e+00 2.169715546846668985e+01 4.017321590238287854e+01
5.180668652386789574e+01 -1.209393119174448827e+01 -4.437543137314688302e+00 -1.209393119174448827e+01 2.090848930736182254e+01 2.136699400631206913e+01 -4.437543137314688302e+00 2.136699400631206913e+01 3.879719985625808931e+01
5.104678724874472806e+01 -1.195070256268396491e+01 -4.402874020213996431e+00 -1.195070256268396491e+01 2.055118796721724550e+01 2.099999985259964674e+01 -4.402874020213996431e+00 2.099999985259964674e+01 3.728828841267993255e+01
-9.209816505880308313e-01 5.031988184137000664e-01 3.203250584056067218e+00 5.031988184137000664e-01 3.645874269335683238e+01 1.920835765139736750e+01 3.203250584056067218e+00 1.920835765139736750e+01 1.286627844668407938e+01
-8.642035735748059277e-01 5.262193599704083624e-01 3.225222313294747956e+00 5.262193599704083624e-01 3.629992762133549888e+01 1.898771598205229694e+01 3.225222313294747956e+00 1.898771598205229694e+01 1.271777373304335335e+01
-7.910355820324033171e-01 5.508753376840410665e-01 3.234234988637799013e+00 5.508753376840410665e-01 3.609489370140107667e+01 1.872684613854288216e+01 3.234234988637799013e+00 1.872684613854288216e+01 1.251698839182094325e+01
-7.020998527596530314e-01 5.769001043550997521e-01 3.230146398245488104e+00 5.769001043550997521e-01 3.584577411114955936e+01 1.842704580390667601e+01 3.230146398245488104e+00 1.842704580390667601e+01 1.226577117693337549e+01
-5.990495983934460700e-01 6.039736833441859964e-01 3.212672118438349766e+00 6.039736833441859964e-01 3.555452426337727445e+01 1.809028816741997048e+01 3.212672118438349766e+00 1.809028816741997048e+01 1.196572197157763817e+01
-4.838757846900383353e-01 6.316694391321022728e-01 3.181509949056952280e+00 6.316694391321022728e-01 3.522343732399991012e+01 1.771868863019878759e+01 3.181509949056952280e+00 1.771868863019878759e+01 1.161863620023035715e+01
-3.589249070050170576e-01 6.596140656395504953e-01 3.136375466421830627e+00 6.596140656395504953e-01 3.485494867077287751e+01 1.731450480519888302e+01 3.136375466421830627e+00 1.731450480519888302e+01 1.122616707552842108e+01
-2.268634373333677512e-01 6.874164803072660979e-01 3.076984246853520233e+00 6.874164803072660979e-01 3.445163589329133202e+01 1.688002985833594494e+01 3.076984246853520233e+00 1.688002985833594494e+01 1.079009224546849133e+01
-9.050005950980842540e-02 7.146678240960180339e-01 3.003016313712621344e+00 7.146678240960180339e-01 3.401612991059033675e+01 1.641766361440545552e+01 3.003016313712621344e+00 1.641766361440545552e+01 1.031192271084772116e+01
4.703656599154450862e-02 7.410125674064750312e-01 2.914169466839704459e+00 7.410125674064750312e-01 3.355113274762479136e+01 1.592959258044330717e+01 2.914169466839704459e+00 1.592959258044330717e+01 9.793169472463272740e+00
-3.088500718533482470e+01 9.013937098470206521e+00 1.447986370324412242e+01 9.013937098470206521e+00 -1.441041605084151200e+01 -1.205687887965663663e+01 1.447986370324412242e+01 -1.205687887965663663e+01 -4.554233152483738678e+01
-3.063614527053098868e+01 8.976198301154315828e+00 1.466431230993636348e+01 8.976198301154315828e+00 -1.416938742547557339e+01 -1.203828186156667712e+01 1.466431230993636348e+01 -1.203828186156667712e+01 -4.479258992281062746e+01
-3.032704028803574658e+01 8.934439542352315300e+00 1.483487890009478605e+01 8.934439542352315300e+00 -1.387671920139316839e+01 -1.200315416073008556e+01 1.483487890009478605e+01 -1.200315416073008556e+01 -4.389151743418515395e+01
-2.995919502718968275e+01 8.888905025332050513e+00 1.499163861318642077e+01 8.888905025332050513e+00 -1.353408323173572114e+01 -1.195134549821280245e+01 1.499163861318642077e+01 -1.195134549821280245e+01 -4.284602688992775654e+01
-2.953413106220016715e+01 8.840045586895699969e+00 1.513393397887475267e+01 8.840045586895699969e+00 -1.314270053284246664e+01 -1.188259288588022144e+01 1.513393397887475267e+01 -1.188259288588022144e+01 -4.166088964619483903e+01
-2.905344510674158798e+01 8.788349633578961928e+00 1.526088210842217663e+01 8.788349633578961928e+00 -1.270403632432049434e+01 -1.179674604479828481e+01 1.526088210842217663e+01 -1.179674604479828481e+01 -4.034309367342019925e+01
-2.852126983150060369e+01 8.734380711384561735e+00 1.537163768282460907e+01 8.734380711384561735e+00 -1.222241112552404019e+01 -1.169324142896426366e+01 1.537163768282460907e+01 -1.169324142896426366e+01 -3.890000263937280067e+01
-2.793908924095106272e+01 8.678777505782257151e+00 1.546496090087604713e+01 8.678777505782257151e+00 -1.169900838305882829e+01 -1.157196632917761470e+01 1.546496090087604713e+01 -1.157196632917761470e+01 -3.733845423555238341e+01
-2.731400401472730977e+01 8.622235056842074030e+00 1.553974345543779378e+01 8.622235056842074030e+00 -1.114094756142596054e+01 -1.143233841456885180e+01 1.553974345543779378e+01 -1.143233841456885180e+01 -3.567591838804345628e+01
-2.664567602522770784e+01 8.565448404634043555e+00 1.559459526636979732e+01 8.565448404634043555e+00 -1.054745848108838047e+01 -1.127458310353906867e+01 1.559459526636979732e+01 -1.127458310353906867e+01 -3.391299621258225727e+01
-4.690624617495975457e+01 7.389432884054875750e+00 3.553707452846632253e-01 7.389432884054875750e+00 -5.408381441838049142e+01 -7.531436817680646989e+00 3.553707452846632253e-01 -7.531436817680646989e+00 -6.785388455415220221e+01
-4.682604584920957791e+01 7.423456082329823680e+00 4.409359675518202959e-01 7.423456082329823680e+00 -5.406652969723852209e+01 -7.598507778500183996e+00 4.409359675518202959e-01 -7.598507778500183996e+00 -6.769900486888566604e+01
-4.668035476852304555e+01 7.454182307836155097e+00 5.271059599718004307e-01 7.454182307836155097e+00 -5.397318049784309579e+01 -7.659101846070131003e+00 5.271059599718004307e-01 -7.659101846070131003e+00 -6.732636891117364542e+01
-4.646882177603723107e+01 7.481514017000836070e+00 6.140953184052827529e-01 7.481514017000836070e+00 -5.380316205004138652e+01 -7.713706738255670103e+00 6.140953184052827529e-01 -7.713706738255670103e+00 -6.673857134005885428e+01
-4.619218820290721084e+01 7.505412192394649296e+00 7.017674818500168055e-01 7.505412192394649296e+00 -5.355741077213455270e+01 -7.762283437627585769e+00 7.017674818500168055e-01 -7.762283437627585769e+00 -6.593783614900652879e+01
-4.585137095871950663e+01 7.525779290444560843e+00 7.899273631599308398e-01 7.525779290444560843e+00 -5.323698013471138069e+01 -7.804831944185877113e+00 7.899273631599308398e-01 -7.804831944185877113e+00 -6.492771392407520636e+01
-4.544672120033707330e+01 7.542400715289891089e+00 8.782042967574880121e-01 7.542400715289891089e+00 -5.284298213450446724e+01 -7.841254714357510203e+00 8.782042967574880121e-01 -7.841254714357510203e+00 -6.371388170121553429e+01
-4.498155540924311424e+01 7.555354501789068422e+00 9.661885996359371731e-01 7.555354501789068422e+00 -5.237795290441276563e+01 -7.871181082564947751e+00 9.661885996359371731e-01 -7.871181082564947751e+00 -6.230008515363211075e+01
-4.445776593075454031e+01 7.564309001793771081e+00 1.053353536500884147e+00 7.564309001793771081e+00 -5.184462366448126147e+01 -7.894298909374473538e+00 1.053353536500884147e+00 -7.894298909374473538e+00 -6.069613716477236665e+01
-4.387541129101516191e+01 7.569069128157926762e+00 1.139016302341077314e+00 7.569069128157926762e+00 -5.124318950185605104e+01 -7.910218020493944735e+00 1.139016302341077314e+00 -7.910218020493944735e+00 -5.890519814640265395e+01
3.848918901041999874e+01 7.762231222306462119e-02 -1.697480029211503805e+01 7.762231222306462119e-02 -1.401995625268004453e+01 1.062016303974080955e+01 -1.697480029211503805e+01 1.062016303974080955e+01 3.353291006084279502e+01
3.848952711769469204e+01 1.005602215434521218e-01 -1.708646466836440325e+01 1.005602215434521218e-01 -1.396418634747438503e+01 1.059202895546188650e+01 -1.708646466836440325e+01 1.059202895546188650e+01 3.358497858114648693e+01
3.842790261810082342e+01 1.245480429273794765e-01 -1.717439035490593469e+01 1.245480429273794765e-01 -1.391622849982625176e+01 1.055040617043443341e+01 -1.717439035490593469e+01 1.055040617043443341e+01 3.352719782741235122e+01
3.830427992139893689e+01 1.494434154170785622e-01 -1.723829262982409460e+01 1.494434154170785622e-01 -1.387693687548225263e+01 1.049468965058793657e+01 -1.723829262982409460e+01 1.049468965058793657e+01 3.335866024853462619e+01
3.811864123246931513e+01 1.751751585336653316e-01 -1.727774441024558527e+01 1.751751585336653316e-01 -1.384782405961867369e+01 1.042445231304909470e+01 -1.727774441024558527e+01 1.042445231304909470e+01 3.307940143475275363e+01
3.787107552691056611e+01 2.016009113193716340e-01 -1.729247876937458273e+01 2.016009113193716340e-01 -1.383074074468649961e+01 1.033953400174041271e+01 -1.729247876937458273e+01 1.033953400174041271e+01 3.268967051774281174e+01
3.756188532175794137e+01 2.285249274572663802e-01 -1.728226437065472254e+01 2.285249274572663802e-01 -1.382800029624946347e+01 1.023982794594357060e+01 -1.728226437065472254e+01 1.023982794594357060e+01 3.218985899013868135e+01
3.719167565108195816e+01 2.558048459895813642e-01 -1.724706562384655584e+01 2.558048459895813642e-01 -1.384216521154738899e+01 1.012544091637689014e+01 -1.724706562384655584e+01 1.012544091637689014e+01 3.158055409089115173e+01
3.676112272943201020e+01 2.832805108388275483e-01 -1.718690032406980706e+01 2.832805108388275483e-01 -1.387602932437648029e+01 9.996657634955909089e+00 -1.718690032406980706e+01 9.996657634955909089e+00 3.086243203454961659e+01
3.627141882982942178e+01 3.106849952091896294e-01 -1.710191083228224329e+01 3.106849952091896294e-01 -1.393245764901181616e+01 9.853816208955326061e+00 -1.710191083228224329e+01 9.853816208955326061e+00 3.003643596245929714e+01
2.208427407468954939e+01 -9.642630661868688335e+00 1.193718289478738726e+01 -9.642630661868688335e+00 3.583048380463504401e+01 4.448924632234344756e+00 1.193718289478738726e+01 4.448924632234344756e+00 -3.360208107941080602e+00
2.212755686823696877e+01 -9.706188491090046000e+00 1.196863564578070260e+01 -9.706188491090046000e+00 3.590819889789655406e+01 4.476833659601171078e+00 1.196863564578070260e+01 4.476833659601171078e+00 -3.202891461577095811e+00
2.218912245482253809e+01 -9.762447307468782753e+00 1.197434791670101362e+01 -9.762447307468782753e+00 3.599063895599338281e+01 4.500634788435799116e+00 1.197434791670101362e+01 4.500634788435799116e+00 -3.029989483442880438e+00
2.226886505165144214e+01 -9.811195545415261066e+00 1.195442549034313906e+01 -9.811195545415261066e+00 3.607764530473329501e+01 4.520310388272424262e+00 1.195442549034313906e+01 4.520310388272424262e+00 -2.843335741981992015e+00
2.236560341751484771e+01 -9.852062965147606377e+00 1.190883310577547682e+01 -9.852062965147606377e+00 3.616810722477068651e+01 4.535825198179439965e+00 1.190883310577547682e+01 4.535825198179439965e+00 -2.645045893090840927e+00
2.247801526747750245e+01 -9.884732218281357063e+00 1.183751787160061220e+01 -9.884732218281357063e+00 3.626077295303350212e+01 4.547126326759437731e+00 1.183751787160061220e+01 4.547126326759437731e+00 -2.437447158255480417e+00
2.260437281589066671e+01 -9.908956478295266379e+00 1.174044452688693951e+01 -9.908956478295266379e+00 3.635410863899684841e+01 4.554249034944022334e+00 1.174044452688693951e+01 4.554249034944022334e+00 -2.223201737812227297e+00
2.274275434198177237e+01 -9.924524179599693241e+00 1.161748965837383452e+01 -9.924524179599693241e+00 3.644647464934100611e+01 4.557281475062212373e+00 1.161748965837383452e+01 4.557281475062212373e+00 -2.005430224208289314e+00
2.289125575544404256e+01 -9.931276648002405949e+00 1.146838880907424674e+01 -9.931276648002405949e+00 3.653624898121205433e+01 4.556258908045612621e+00 1.146838880907424674e+01 4.556258908045612621e+00 -1.787076905232837687e+00
2.304781429177847940e+01 -9.929125731174387681e+00 1.129287752200112394e+01 -9.929125731174387681e+00 3.662180963175609349e+01 4.551322377620653725e+00 1.129287752200112394e+01 4.551322377620653725e+00 -1.571315264730489991e+00
2.864151556616700134e+01 -1.324180844443608152e+01 -1.866383903533206379e+01 -1.324180844443608152e+01 2.109941270072464192e+01 2.550459713349677315e+01 -1.866383903533206379e+01 2.550459713349677315e+01 3.291691903553436305e+01
2.878691245037169466e+01 -1.307094776144953130e+01 -1.859868477118373420e+01 -1.307094776144953130e+01 2.112171111015516800e+01 2.547060436896270730e+01 -1.859868477118373420e+01 2.547060436896270730e+01 3.309180679719567308e+01
2.888875006000273515e+01 -1.287924826523335042e+01 -1.850388136011122242e+01 -1.287924826523335042e+01 2.111244355355431068e+01 2.538295825492349422e+01 -1.850388136011122242e+01 2.538295825492349422e+01 3.315407703993500377e+01
2.894592050878713607e+01 -1.266801128252087238e+01 -1.837981568303525393e+01 -1.266801128252087238e+01 2.107199691184279544e+01 2.524230945474580778e+01 -1.837981568303525393e+01 2.524230945474580778e+01 3.310237568052985324e+01
2.895701695701320588e+01 -1.243925914539766708e+01 -1.822717357431528384e+01 -1.243925914539766708e+01 2.100010740257468100e+01 2.504962517073143147e+01 -1.822717357431528384e+01 2.504962517073143147e+01 3.293610481210274088e+01
2.892052705199086304e+01 -1.219510211343129491e+01 -1.804686947976390954e+01 -1.219510211343129491e+01 2.089640573032563609e+01 2.480608363113893233e+01 -1.804686947976390954e+01 2.480608363113893233e+01 3.265512375068249185e+01
2.883527256546154760e+01 -1.193784388664967011e+01 -1.783995852916492453e+01 -1.193784388664967011e+01 2.076025881722540234e+01 2.451291582071604225e+01 -1.783995852916492453e+01 2.451291582071604225e+01 3.225941491077271905e+01
2.870009285466311155e+01 -1.167005194752665886e+01 -1.760775963474804229e+01 -1.167005194752665886e+01 2.059101599990731302e+01 2.417159892116005437e+01 -1.760775963474804229e+01 2.417159892116005437e+01 3.174929483130854635e+01
2.851403830279015139e+01 -1.139422343655053105e+01 -1.735173239271416179e+01 -1.139422343655053105e+01 2.038783317454434396e+01 2.378373321264303542e+01 -1.735173239271416179e+01 2.378373321264303542e+01 3.112488661076475438e+01
2.827654617395798198e+01 -1.111322478963388782e+01 -1.707342432674615296e+01 -1.111322478963388782e+01 2.014988382280586876e+01 2.335093656083344271e+01 -1.707342432674615296e+01 2.335093656083344271e+01 3.038740364839269503e+01
-1.034851303849650073e+01 -1.193640288686115447e+01 -2.073505025918564115e+00 -1.193640288686115447e+01 -1.892005402703235717e+01 3.058071667366141888e+00 -2.073505025918564115e+00 3.058071667366141888e+00 -3.298625627783874137e+01
-1.032838804450673642e+01 -1.190069725236318732e+01 -1.968855057171795098e+00 -1.190069725236318732e+01 -1.892300321969997867e+01 2.950787828438224292e+00 -1.968855057171795098e+00 2.950787828438224292e+00 -3.296149418845963197e+01
-1.026200338691285374e+01 -1.185608839471767695e+01 -1.867617990631585512e+00 -1.185608839471767695e+01 -1.887470323412454931e+01 2.844765279456209051e+00 -1.867617990631585512e+00 2.844765279456209051e+00 -3.280982407246489174e+01
-1.014874696912345797e+01 -1.180263195906928964e+01 -1.769497052193016229e+00 -1.180263195906928964e+01 -1.877456052209622683e+01 2.739762891459850191e+00 -1.769497052193016229e+00 2.739762891459850191e+00 -3.253132012338075185e+01
-9.989694597268877985e+00 -1.174056907437827846e+01 -1.674455145092973218e+00 -1.174056907437827846e+01 -1.862363234136378054e+01 2.635613729015130691e+00 -1.674455145092973218e+00 2.635613729015130691e+00 -3.212830088890187596e+01
-9.786218851584358447e+00 -1.167015941798644363e+01 -1.582399527423668850e+00 -1.167015941798644363e+01 -1.842295740129442549e+01 2.532095211543362367e+00 -1.582399527423668850e+00 2.532095211543362367e+00 -3.160332604568319326e+01
-9.540026183173182517e+00 -1.159175540914337432e+01 -1.493293102421989316e+00 -1.159175540914337432e+01 -1.817407521755742650e+01 2.428929113321184108e+00 -1.493293102421989316e+00 2.428929113321184108e+00 -3.096003107650995645e+01
-9.253101268861986028e+00 -1.150557962842776227e+01 -1.407098773324819030e+00 -1.150557962842776227e+01 -1.787876643478229255e+01 2.325800111862121433e+00 -1.407098773324819030e+00 2.325800111862121433e+00 -3.020231114150920249e+01
-8.927873946634790059e+00 -1.141194739832607929e+01 -1.323797991750600866e+00 -1.141194739832607929e+01 -1.753899718141410702e+01 2.222355787916582504e+00 -1.323797991750600866e+00 2.222355787916582504e+00 -2.933482188445183780e+01
-8.566662764186265377e+00 -1.131115549294324829e+01 -1.243390757699334825e+00 -1.131115549294324829e+01 -1.715673358589794972e+01 2.118132431945633609e+00 -1.243390757699334825e+00 2.118132431945633609e+00 -2.836214475558254478e+01
3.843004664835275364e+00 7.521825662634096243e-01 -1.981979109456469601e+01 7.521825662634096243e-01 -1.953040354571066572e+01 -9.533057136227609973e+00 -1.981979109456469601e+01 -9.533057136227609973e+00 -3.733191618232140740e+01
3.727707145849001868e+00 7.571265238775410911e-01 -1.984611582409964115e+01 7.571265238775410911e-01 -1.959705473548625321e+01 -9.486550728969309176e+00 -1.984611582409964115e+01 -9.486550728969309176e+00 -3.760128808187941729e+01
3.655503227559037782e+00 7.594693694633420922e-01 -1.985037722040137353e+01 7.594693694633420922e-01 -1.960590958494439917e+01 -9.428164065354659229e+00 -1.985037722040137353e+01 -9.428164065354659229e+00 -3.773340981483617185e+01
3.627075471277782182e+00 7.595431598754933677e-01 -1.983281510230938594e+01 7.595431598754933677e-01 -1.955661758962738617e+01 -9.358100069017080358e+00 -1.983281510230938594e+01 -9.358100069017080358e+00 -3.772866878085545039e+01
3.642239400974856878e+00 7.576983995717129217e-01 -1.979352170783886322e+01 7.576983995717129217e-01 -1.945006423448103305e+01 -9.276321844750498258e+00 -1.979352170783886322e+01 -9.276321844750498258e+00 -3.758765530323447734e+01
3.700755197810770003e+00 7.542486978036436751e-01 -1.973242324657765678e+01 7.542486978036436751e-01 -1.928720879486330020e+01 -9.182700259333643089e+00 -1.973242324657765678e+01 -9.182700259333643089e+00 -3.731162381897981817e+01
3.802014090885274644e+00 7.495261114259659241e-01 -1.964948282331969054e+01 7.495261114259659241e-01 -1.906932415538380354e+01 -9.076921703514875261e+00 -1.964948282331969054e+01 -9.076921703514875261e+00 -3.690256666921956707e+01
3.945296623679896975e+00 7.438258020872845488e-01 -1.954449751443154781e+01 7.438258020872845488e-01 -1.879788612428555794e+01 -8.958524987218252633e+00 -1.954449751443154781e+01 -8.958524987218252633e+00 -3.636273446152431177e+01
4.129920234882236585e+00 7.374429314362044297e-01 -1.941722750107374296e+01 7.374429314362044297e-01 -1.847437050981159246e+01 -8.826845996734409283e+00 -1.941722750107374296e+01 -8.826845996734409283e+00 -3.569467296511328414e+01
4.355036334752555582e+00 7.306357659152549200e-01 -1.926735917399462394e+01 7.306357659152549200e-01 -1.810043759623530946e+01 -8.681128380338796191e+00 -1.926735917399462394e+01 -8.681128380338796191e+00 -3.490113087283912563e+01
8.173540976012199977e+00 4.009885019214133095e+00 -1.172055658403902711e+01 4.009885019214133095e+00 4.443299740230247608e+01 -4.611781407523215748e+00 -1.172055658403902711e+01 -4.611781407523215748e+00 4.645760727079410657e+01
8.018160970382574249e+00 4.003011500279819224e+00 -1.175695300363777207e+01 4.003011500279819224e+00 4.414532401952489238e+01 -4.822062115277040206e+00 -1.175695300363777207e+01 -4.822062115277040206e+00 4.589628738102855721e+01
7.838260166926213302e+00 3.990716121626327162e+00 -1.178901193546117376e+01 3.990716121626327162e+00 4.375808080648509701e+01 -5.002295226264577899e+00 -1.178901193546117376e+01 -5.002295226264577899e+00 4.516192271687089743e+01
7.634713059146206682e+00 3.973471109745326135e+00 -1.181666342002898595e+01 3.973471109745326135e+00 4.327481820680565505e+01 -5.151903574773785799e+00 -1.181666342002898595e+01 -5.151903574773785799e+00 4.425815117129398857e+01
7.406785072499959099e+00 3.951556302557807321e+00 -1.183959263968009346e+01 3.951556302557807321e+00 4.269894674514863198e+01 -5.270397444442933121e+00 -1.183959263968009346e+01 -5.270397444442933121e+00 4.318950262064386436e+01
7.153199446472952694e+00 3.925443926555439944e+00 -1.185739732740307417e+01 3.925443926555439944e+00 4.203455905110850210e+01 -5.357671896051647842e+00 -1.185739732740307417e+01 -5.357671896051647842e+00 4.196143390437983101e+01
6.872609461070424253e+00 3.895658677840081463e+00 -1.186958776683619377e+01 3.895658677840081463e+00 4.128642985921214859e+01 -5.414076727001168265e+00 -1.186958776683619377e+01 -5.414076727001168265e+00 4.058001400741334663e+01
6.563161190065815553e+00 3.862742742383647787e+00 -1.187556930239735387e+01 3.862742742383647787e+00 4.045975366086795333e+01 -5.440311532093968339e+00 -1.187556930239735387e+01 -5.440311532093968339e+00 3.905188908036792128e+01
6.223070666712816390e+00 3.827273285898181499e+00 -1.187476476837450612e+01 3.827273285898181499e+00 3.956035458280651085e+01 -5.437425703533761201e+00 -1.187476476837450612e+01 -5.437425703533761201e+00 3.738478964581090480e+01
5.849347123230846712e+00 3.789967393056220324e+00 -1.186654452944543081e+01 3.789967393056220324e+00 3.859347958604639217e+01 -5.406800941055432297e+00 -1.186654452944543081e+01 -5.406800941055432297e+00 3.558576412137722400e+01
3.254393721180011312e+01 -1.208955470608352023e+01 -9.664498180582770104e+00 -1.208955470608352023e+01 3.317583035722954321e+01 6.380531318811937247e-01 -9.664498180582770104e+00 6.380531318811937247e-01 5.376908151526576773e+01
3.244161202840277980e+01 -1.210654238703078178e+01 -9.589086064753566063e+00 -1.210654238703078178e+01 3.299012845580198672e+01 8.195905354258634645e-01 -9.589086064753566063e+00 8.195905354258634645e-01 5.340671814323141575e+01
3.226946209716910374e+01 -1.210536244596396394e+01 -9.513621892700825811e+00 -1.210536244596396394e+01 3.273010761923949019e+01 1.007322629571321349e+00 -9.513621892700825811e+00 1.007322629571321349e+00 5.285119147772935833e+01
3.202766093884422105e+01 -1.208632722022428752e+01 -9.437567750114677523e+00 -1.208632722022428752e+01 3.239717336557751537e+01 1.201041189423423416e+00 -9.437567750114677523e+00 1.201041189423423416e+00 5.210413261376370286e+01
3.171619120135360603e+01 -1.205004403241967026e+01 -9.360576595504879194e+00 -1.205004403241967026e+01 3.199264445247898436e+01 1.400347117268393449e+00 -9.360576595504879194e+00 1.400347117268393449e+00 5.116817906666028648e+01
3.133526110959139999e+01 -1.199738048627571274e+01 -9.282266683232171189e+00 -1.199738048627571274e+01 3.151822138324605760e+01 1.604754555019894946e+00 -9.282266683232171189e+00 1.604754555019894946e+00 5.004664508265090461e+01
3.088511359260078848e+01 -1.192948181871020985e+01 -9.202273619731794696e+00 -1.192948181871020985e+01 3.097560466118093103e+01 1.813812348740615477e+00 -9.202273619731794696e+00 1.813812348740615477e+00 4.874346958264977303e+01
3.036666831033089053e+01 -1.184771884360960925e+01 -9.120267715588026292e+00 -1.184771884360960925e+01 3.036711946426820674e+01 2.027051992418731352e+00 -9.120267715588026292e+00 2.027051992418731352e+00 4.726375407656343697e+01
2.978110520384853288e+01 -1.175375736012706440e+01 -9.035919281385135449e+00 -1.175375736012706440e+01 2.969536860368468467e+01 2.244039684191441175e+00 -9.035919281385135449e+00 2.244039684191441175e+00 4.561374531121621345e+01
2.913038505757357299e+01 -1.164931522363926497e+01 -8.949037444303490574e+00 -1.164931522363926497e+01 2.896345810076801897e+01 2.464168101450825876e+00 -8.949037444303490574e+00 2.464168101450825876e+00 4.380060969338157406e+01
2.272100025112558797e+01 9.435978726846911968e+00 4.892940321069962017e+00 9.435978726846911968e+00 4.882708111589398925e+01 2.480976913207110712e+01 4.892940321069962017e+00 2.480976913207110712e+01 3.583419230246503417e+01
2.280834965326846131e+01 9.481088093591610644e+00 4.966812560827663425e+00 9.481088093591610644e+00 4.887885080934000115e+01 2.493248956426745977e+01 4.966812560827663425e+00 2.493248956426745977e+01 3.601654265700818058e+01
2.287090107662261929e+01 9.509850966604613376e+00 5.014373901632115604e+00 9.509850966604613376e+00 4.885205299355219211e+01 2.499022398893684738e+01 5.014373901632115604e+00 2.499022398893684738e+01 3.605236582412231172e+01
2.290743722910165303e+01 9.521989107694745158e+00 5.035120036761809637e+00 9.521989107694745158e+00 4.874696590672173357e+01 2.498368539144416900e+01 5.035120036761809637e+00 2.498368539144416900e+01 3.593987064545174803e+01
2.291649736020188044e+01 9.517398177540311366e+00 5.028459710060491084e+00 9.517398177540311366e+00 4.856414602523097557e+01 2.491377804591074963e+01 5.028459710060491084e+00 2.491377804591074963e+01 3.567881366257918785e+01
2.289663810930656140e+01 9.496182515463004847e+00 4.994079903563085843e+00 9.496182515463004847e+00 4.830472369173159564e+01 2.478184097363163474e+01 4.994079903563085843e+00 2.478184097363163474e+01 3.526957745301751856e+01
2.284606831806000216e+01 9.458759478749593441e+00 4.931754548739261779e+00 9.458759478749593441e+00 4.797000314774472685e+01 2.458957838352778680e+01 4.931754548739261779e+00 2.458957838352778680e+01 3.471285761224466881e+01
2.276297943821953496e+01 9.405772493217174457e+00 4.841448865815123348e+00 9.405772493217174457e+00 4.756174077185217186e+01 2.433900750248524503e+01 4.841448865815123348e+00 2.433900750248524503e+01 3.400997577166874208e+01
2.264561509120335714e+01 9.338160612760972867e+00 4.723197634564565206e+00 9.338160612760972867e+00 4.708205813026167164e+01 2.403244118546817276e+01 4.723197634564565206e+00 2.403244118546817276e+01 3.316317522670610884e+01
2.249234062763829911e+01 9.256880281163162749e+00 4.577383432500458760e+00 9.256880281163162749e+00 4.653333763748518237e+01 2.367236618631022438e+01 4.577383432500458760e+00 2.367236618631022438e+01 3.217478622220787798e+01
-3.011098397764240886e+01 7.398702598654967488e+00 1.625561497579406733e+01 7.398702598654967488e+00 -3.907083571475266126e+01 1.971147691722031681e+01 1.625561497579406733e+01 1.971147691722031681e+01 -2.439696910927862206e+01
-2.992617781750291783e+01 7.431911286789858906e+00 1.629696490446373502e+01 7.431911286789858906e+00 -3.912422710616679211e+01 1.971000013405354068e+01 1.629696490446373502e+01 1.971000013405354068e+01 -2.422429907747120836e+01
-2.971158986350015141e+01 7.456107810983924722e+00 1.630620426581483429e+01 7.456107810983924722e+00 -3.913918426900976044e+01 1.968093779865613158e+01 1.630620426581483429e+01 1.968093779865613158e+01 -2.396637321745888372e+01
-2.946856436697822090e+01 7.470705244593959016e+00 1.628248106955883756e+01 7.470705244593959016e+00 -3.911536640716614954e+01 1.962438457661569657e+01 1.628248106955883756e+01 1.962438457661569657e+01 -2.362688348715857956e+01
-2.919905143904197686e+01 7.475173460329325614e+00 1.622496225852474794e+01 7.475173460329325614e+00 -3.905307645051632903e+01 1.954030260169719924e+01 1.622496225852474794e+01 1.954030260169719924e+01 -2.320795039573285123e+01
-2.890545558561680295e+01 7.468982330899389233e+00 1.613289050801164493e+01 7.468982330899389233e+00 -3.895282559323340621e+01 1.942867294078310536e+01 1.613289050801164493e+01 1.942867294078310536e+01 -2.271233817834001201e+01
-2.858999198145286158e+01 7.451639595248557235e+00 1.600558422578872353e+01 7.451639595248557235e+00 -3.881523862819562964e+01 1.928949559387342561e+01 1.600558422578872353e+01 1.928949559387342561e+01 -2.214294360196103995e+01
-2.825523553053324832e+01 7.422747657908851160e+00 1.584260795015295464e+01 7.422747657908851160e+00 -3.864118647880906110e+01 1.912273269473310222e+01 1.584260795015295464e+01 1.912273269473310222e+01 -2.150319356086756173e+01
-2.790379900307609518e+01 7.382098254587521780e+00 1.564348835316626563e+01 7.382098254587521780e+00 -3.843172939965495516e+01 1.892844104271471650e+01 1.564348835316626563e+01 1.892844104271471650e+01 -2.079674214674145816e+01
-2.753835196865211543e+01 7.329483120991819867e+00 1.540799823741839347e+01 7.329483120991819867e+00 -3.818809804337229963e+01 1.870667743717083198e+01 1.540799823741839347e+01 1.870667743717083198e+01 -2.002724345126462069e+01
-1.288960916836414938e+01 -1.171313961455816433e+01 -1.951713031499818740e+01 -1.171313961455816433e+01 3.064181076231777823e+01 7.863157944124422372e+00 -1.951713031499818740e+01 7.863157944124422372e+00 1.092807861090225607e+01
-1.272219602679839845e+01 -1.168448945651195459e+01 -1.951361187453637314e+01 -1.168448945651195459e+01 3.061888704563544295e+01 7.769344832627251840e+00 -1.951361187453637314e+01 7.769344832627251840e+00 1.111123497841194485e+01
-1.253516219428997402e+01 -1.164745607552866602e+01 -1.949643255044475509e+01 -1.164745607552866602e+01 3.055752975227583335e+01 7.660129568496217622e+00 -1.949643255044475509e+01 7.660129568496217622e+00 1.125256498737046584e+01
-1.232942318340802323e+01 -1.160250620350629625e+01 -1.946557439149648872e+01 -1.160250620350629625e+01 3.045825946781748073e+01 7.535314688236012692e+00 -1.946557439149648872e+01 7.535314688236012692e+00 1.135131468625028361e+01
-1.210682797051768489e+01 -1.155016042602337301e+01 -1.942080403174257697e+01 -1.155016042602337301e+01 3.032141726557045658e+01 7.394918143073484273e+00 -1.942080403174257697e+01 7.394918143073484273e+00 1.140699939192656132e+01
-1.186945889793308950e+01 -1.149101113356581827e+01 -1.936179834909979292e+01 -1.149101113356581827e+01 3.014741602375223195e+01 7.239155347730784840e+00 -1.936179834909979292e+01 7.239155347730784840e+00 1.141927803108922213e+01
-1.161999069845429489e+01 -1.142570457030008946e+01 -1.928805470921644272e+01 -1.142570457030008946e+01 2.993677632794132037e+01 7.068349424291140437e+00 -1.928805470921644272e+01 7.068349424291140437e+00 1.138771977429396287e+01
-1.136106220242766085e+01 -1.135486902916579233e+01 -1.919901662406030596e+01 -1.135486902916579233e+01 2.969001876371626736e+01 6.882949153425702349e+00 -1.919901662406030596e+01 6.882949153425702349e+00 1.131212715804547742e+01
-1.109567126473646681e+01 -1.127918665678307697e+01 -1.909401989823807710e+01 -1.127918665678307697e+01 2.940789728260461189e+01 6.683600779300925332e+00 -1.909401989823807710e+01 6.683600779300925332e+00 1.119221296271422972e+01
-1.082690549639822741e+01 -1.119941140467947349e+01 -1.897220287286115692e+01 -1.119941140467947349e+01 2.909116583613387519e+01 6.470950546083266808e+00 -1.897220287286115692e+01 6.470950546083266808e+00 1.102794128584652711e+01
-2.762845668995459292e+01 9.871735886023214945e+00 -1.874496096054192407e+01 9.871735886023214945e+00 -3.591365855570892762e+01 -2.520636915368746830e-02 -1.874496096054192407e+01 -2.520636915368746830e-02 -1.468741271283520433e+01
-2.767661214147208781e+01 9.864625432635085289e+00 -1.881864256350833742e+01 9.864625432635085289e+00 -3.583215169187091931e+01 -1.371301724853594278e-02 -1.881864256350833742e+01 -1.371301724853594278e-02 -1.465534042969562378e+01
-2.769781182657373364e+01 9.848316535578183206e+00 -1.887255409634002845e+01 9.848316535578183206e+00 -3.571471634662728434e+01 5.812513483947333651e-03 -1.887255409634002845e+01 5.812513483947333651e-03 -1.455107259072630477e+01
-2.769273293129650071e+01 9.822583466173522737e+00 -1.890697771988573805e+01 9.822583466173522737e+00 -3.556297024217743541e+01 3.342665521350942498e-02 -1.890697771988573805e+01 3.342665521350942498e-02 -1.437778820815632663e+01
