-9.365160903708810713e-02 1.808295212146902902e-05 0.000000000000000000e+00 1.808295212146902902e-05 1.305426396600970707e+00 -4.488025969979520191e+00 0.000000000000000000e+00 -4.488025969979520191e+00 -2.988027008551542574e-01
-8.587593962485641497e-02 -4.177161940059345713e-02 -1.781170783964699383e-02 -4.177161940059345713e-02 1.523145140143457699e+00 -4.527103229514014338e+00 -1.781170783964699383e-02 -4.527103229514014338e+00 -7.215097896466141948e-03
-6.464655383425177426e-02 -8.267525709935640010e-02 -3.193449344651430599e-02 -8.267525709935640010e-02 1.753955941021888343e+00 -4.571135217929791494e+00 -3.193449344651430599e-02 -4.571135217929791494e+00 3.016778902424678277e-01
-3.083143336710469223e-02 -1.224396688144668149e-01 -4.245877158120928141e-02 -1.224396688144668149e-01 1.995797342694415333e+00 -4.620158101131093709e+00 -4.245877158120928141e-02 -4.620158101131093709e+00 6.242777560894752220e-01
1.484610369172607337e-02 -1.608478591204670072e-01 -4.951112290858220716e-02 -1.608478591204670072e-01 2.246408976145854552e+00 -4.674244210926407739e+00 -4.951112290858220716e-02 -4.674244210926407739e+00 9.579624715869432539e-01
7.139149497555973001e-02 -1.976466666876564859e-01 -5.336279171045511110e-02 -1.976466666876564859e-01 2.503385808744051033e+00 -4.733520127980582970e+00 -5.336279171045511110e-02 -4.733520127980582970e+00 1.299639851922100631e+00
1.374666020274075695e-01 -2.326010131384561030e-01 -5.424885636440708592e-02 -2.326010131384561030e-01 2.763997314718662501e+00 -4.798076267054227628e+00 -5.424885636440708592e-02 -4.798076267054227628e+00 1.645837970287625129e+00
2.116428716296735180e-01 -2.656204837122585483e-01 -5.251289296074605761e-02 -2.656204837122585483e-01 3.025494885347226326e+00 -4.868129623572798437e+00 -5.251289296074605761e-02 -4.868129623572798437e+00 1.993428475966502633e+00
2.921300915223321581e-01 -2.964338341272417798e-01 -4.848039463765847074e-02 -2.964338341272417798e-01 3.284967165338185335e+00 -4.943788695249025089e+00 -4.848039463765847074e-02 -4.943788695249025089e+00 2.338324621779281465e+00
3.773007960144513229e-01 -3.249868155270413950e-01 -4.251302043757368421e-02 -3.249868155270413950e-01 3.539683628921197922e+00 -5.025324726364729599e+00 -4.251302043757368421e-02 -5.025324726364729599e+00 2.676692821876209827e+00
-4.287833945336465291e+01 6.328135754011314340e+00 -5.142622776873202461e+00 6.328135754011314340e+00 -3.587544980636477021e+01 -1.401227451844170524e+01 -5.142622776873202461e+00 -1.401227451844170524e+01 -6.193208035382034637e+01
-4.284459503289109961e+01 6.376600121001237298e+00 -5.266051257910582706e+00 6.376600121001237298e+00 -3.578905179130264003e+01 -1.396751896304141560e+01 -5.266051257910582706e+00 -1.396751896304141560e+01 -6.174873438813800419e+01
-4.273863447794168025e+01 6.422028258814154178e+00 -5.383926129883693790e+00 6.422028258814154178e+00 -3.563514571865304248e+01 -1.391261702153062885e+01 -5.383926129883693790e+00 -1.391261702153062885e+01 -6.135586939260192452e+01
-4.255965068962125031e+01 6.464343300888622856e+00 -5.496305042713618860e+00 6.464343300888622856e+00 -3.541259780663468604e+01 -1.384729966094428910e+01 -5.496305042713618860e+00 -1.384729966094428910e+01 -6.075502269844097469e+01
-4.230766288457014923e+01 6.503314647540313409e+00 -5.602918963435303823e+00 6.503314647540313409e+00 -3.512156178837046383e+01 -1.377131706495770835e+01 -5.602918963435303823e+00 -1.377131706495770835e+01 -5.994844265257736993e+01
-4.198551512556179688e+01 6.538711699084895912e+00 -5.703633375566226071e+00 6.538711699084895912e+00 -3.476474721015123492e+01 -1.368428490076367154e+01 -5.703633375566226071e+00 -1.368428490076367154e+01 -5.893939608387242401e+01
-4.159368782860520497e+01 6.570226989276598317e+00 -5.798006296378086510e+00 6.570226989276598317e+00 -3.434261527134566450e+01 -1.358601100195856937e+01 -5.798006296378086510e+00 -1.358601100195856937e+01 -5.773305226858321504e+01
-4.113475602350871441e+01 6.597514618588926183e+00 -5.885672609704029057e+00 6.597514618588926183e+00 -3.385789473488500079e+01 -1.347630320213879607e+01 -5.885672609704029057e+00 -1.347630320213879607e+01 -5.633692491309079742e+01
-4.061162142296682021e+01 6.620247904135745820e+00 -5.966267199377199404e+00 6.620247904135745820e+00 -3.331362182994622145e+01 -1.335502698482182460e+01 -5.966267199377199404e+00 -1.335502698482182460e+01 -5.475985367196114595e+01
-4.002708965647218520e+01 6.638004079829119775e+00 -6.039232782827134827e+00 6.638004079829119775e+00 -3.271271748586418937e+01 -1.322202861688476894e+01 -6.039232782827134827e+00 -1.322202861688476894e+01 -5.301152373193609435e+01
-8.608004963331348236e+00 7.253348698250301041e+00 -8.515509063337526996e+00 7.253348698250301041e+00 3.649917999669887791e+01 -1.035516156079943784e+01 -8.515509063337526996e+00 -1.035516156079943784e+01 3.746452727729376875e+01
-8.556571072995510008e+00 7.302442266792160908e+00 -8.355622533503472837e+00 7.302442266792160908e+00 3.643652319957828922e+01 -1.018266920675690912e+01 -8.355622533503472837e+00 -1.018266920675690912e+01 3.743802136000591219e+01
-8.514728956072868726e+00 7.343202871370614560e+00 -8.180683479403601410e+00 7.343202871370614560e+00 3.628743406347553702e+01 -1.000840388165833517e+01 -8.180683479403601410e+00 -1.000840388165833517e+01 3.727643277795804977e+01
-8.481521208193163019e+00 7.375134080089969402e+00 -7.990514603932312276e+00 7.375134080089969402e+00 3.605558263847665046e+01 -9.835131420351144627e+00 -7.990514603932312276e+00 -9.835131420351144627e+00 3.697919418041225725e+01
-8.458862638096920961e+00 7.397863569028453767e+00 -7.784849961431199006e+00 7.397863569028453767e+00 3.574242276084758174e+01 -9.665068036655396710e+00 -7.784849961431199006e+00 -9.665068036655396710e+00 3.654722751231767575e+01
-8.448792162498587999e+00 7.411089933106542738e+00 -7.563299498267928023e+00 7.411089933106542738e+00 3.534988696903942440e+01 -9.500642700917866890e+00 -7.563299498267928023e+00 -9.500642700917866890e+00 3.598198660994026454e+01
-8.453898319139996786e+00 7.414742253481994005e+00 -7.325597268784097338e+00 7.414742253481994005e+00 3.488038650368838489e+01 -9.343965248695250025e+00 -7.325597268784097338e+00 -9.343965248695250025e+00 3.528632595668024408e+01
-8.477088780553053482e+00 7.408749611312565264e+00 -7.071246841084011692e+00 7.408749611312565264e+00 3.433656309166797627e+01 -9.197039137280876631e+00 -7.071246841084011692e+00 -9.197039137280876631e+00 3.446255041491047422e+01
-8.521430786664716095e+00 7.393307033414421525e+00 -6.799946810088144389e+00 7.393307033414421525e+00 3.372166127001077029e+01 -9.061548689177987725e+00 -6.799946810088144389e+00 -9.061548689177987725e+00 3.351363857600511409e+01
-8.590257523060346401e+00 7.368751384288209749e+00 -6.511360311295847580e+00 7.368751384288209749e+00 3.303913833227603192e+01 -8.938805902968056216e+00 -6.511360311295847580e+00 -8.938805902968056216e+00 3.244391648934091421e+01
3.875607243044044470e+00 -2.634752539677377214e+00 -1.017283301464495260e+01 -2.634752539677377214e+00 4.032027746513333710e+01 -2.014458528336858478e+01 -1.017283301464495260e+01 -2.014458528336858478e+01 5.104820983587327987e+01
3.986104279760951830e+00 -2.634945532278820224e+00 -1.009049535295672761e+01 -2.634945532278820224e+00 3.998789157110319792e+01 -2.015583148859811047e+01 -1.009049535295672761e+01 -2.015583148859811047e+01 5.077307256534381708e+01
4.059511647436966797e+00 -2.633664763196518432e+00 -9.984752952148090444e+00 -2.633664763196518432e+00 3.955557059908966266e+01 -2.013860251272386392e+01 -9.984752952148090444e+00 -2.013860251272386392e+01 5.031325892001567013e+01
4.094776659155128229e+00 -2.631033045904118683e+00 -9.855360185271749174e+00 -2.631033045904118683e+00 3.902815690891071654e+01 -2.009391595309891088e+01 -9.855360185271749174e+00 -2.009391595309891088e+01 4.967299719233861310e+01
4.089671127607871881e+00 -2.627032835619670159e+00 -9.702334597109654624e+00 -2.627032835619670159e+00 3.841052794994830322e+01 -2.002314030271529433e+01 -9.702334597109654624e+00 -2.002314030271529433e+01 4.885693674952923260e+01
4.041563335502798004e+00 -2.621751856252920732e+00 -9.525974448954947604e+00 -2.621751856252920732e+00 3.770824541808035235e+01 -1.992801249498600669e+01 -9.525974448954947604e+00 -1.992801249498600669e+01 4.787162179525461170e+01
3.948663715081072390e+00 -2.615242742149717525e+00 -9.326490278191016614e+00 -2.615242742149717525e+00 3.692822195739489644e+01 -1.981030455288792069e+01 -9.326490278191016614e+00 -1.981030455288792069e+01 4.672092972632557206e+01
3.808393183396144632e+00 -2.607610762001757010e+00 -9.104531241749988624e+00 -2.607610762001757010e+00 3.607722985372438984e+01 -1.967217448460081286e+01 -9.104531241749988624e+00 -1.967217448460081286e+01 4.541422945630305463e+01
3.618611277050195696e+00 -2.598943639718785725e+00 -8.860869310037635671e+00 -2.598943639718785725e+00 3.516279581852509040e+01 -1.951585047743224166e+01 -8.860869310037635671e+00 -1.951585047743224166e+01 4.395948631619205571e+01
3.377335435682950582e+00 -2.589364188774449183e+00 -8.596486990843116516e+00 -2.589364188774449183e+00 3.419255183194495373e+01 -1.934366598738147403e+01 -8.596486990843116516e+00 -1.934366598738147403e+01 4.236652538388419487e+01
-1.600404456919660134e+01 -8.800754074242950198e-02 -8.685416244796792640e+00 -8.800754074242950198e-02 5.288584071471629677e+00 3.057655815249459064e+00 -8.685416244796792640e+00 3.057655815249459064e+00 -5.736498149246492595e+00
-1.607713804979250227e+01 -7.207246914332376964e-02 -8.913922254352389274e+00 -7.207246914332376964e-02 5.323590178417033414e+00 2.940713539234969698e+00 -8.913922254352389274e+00 2.940713539234969698e+00 -5.793729487632754527e+00
-1.612138795685317660e+01 -5.662967092313778150e-02 -9.128826932771907821e+00 -5.662967092313778150e-02 5.364029524877921951e+00 2.804973713084692122e+00 -9.128826932771907821e+00 2.804973713084692122e+00 -5.820312250094421103e+00
-1.613621085526287047e+01 -4.160621669240193582e-02 -9.330184977097449206e+00 -4.160621669240193582e-02 5.410266757801643678e+00 2.650892145482813156e+00 -9.330184977097449206e+00 2.650892145482813156e+00 -5.817431539210372371e+00
-1.612217194778997253e+01 -2.698387410374884429e-02 -9.517941690286914280e+00 -2.698387410374884429e-02 5.461372027472458868e+00 2.479052271545088004e+00 -9.517941690286914280e+00 2.479052271545088004e+00 -5.786071901738448098e+00
-1.608018285180285645e+01 -1.267148142034151687e-02 -9.691896516519255655e+00 -1.267148142034151687e-02 5.516214928353592839e+00 2.289964596997804858e+00 -9.691896516519255655e+00 2.289964596997804858e+00 -5.727746622510141883e+00
-1.601177508448037656e+01 1.458587789391829368e-03 -9.851812435278702651e+00 1.458587789391829368e-03 5.573373337350384205e+00 2.084139627567250130e+00 -9.851812435278702651e+00 2.084139627567250130e+00 -5.644716512599012859e+00
-1.591855309239087468e+01 1.551572760965558642e-02 -9.997543587786314134e+00 1.551572760965558642e-02 5.631297504936608078e+00 1.861996707242874693e+00 -9.997543587786314134e+00 1.861996707242874693e+00 -5.539078291952309385e+00
-1.580261359548159206e+01 2.966402916675632898e-02 -1.012876179178947744e+01 2.966402916675632898e-02 5.688091266986051942e+00 1.623718159498351854e+00 -1.012876179178947744e+01 1.623718159498351854e+00 -5.413894994927756166e+00
-1.566585275787874032e+01 4.403111889226585252e-02 -1.024521179442504604e+01 4.403111889226585252e-02 5.741967853456712234e+00 1.369413378417886573e+00 -1.024521179442504604e+01 1.369413378417886573e+00 -5.271828544240991121e+00
2.696967830827276202e+01 -1.222526239787685043e+01 -8.742176615771287018e+00 -1.222526239787685043e+01 4.845972533881566591e+01 -2.466552000440705772e+00 -8.742176615771287018e+00 -2.466552000440705772e+00 2.226210372500685963e+01
2.703988898483735426e+01 -1.214458704508252396e+01 -8.527598603512473119e+00 -1.214458704508252396e+01 4.833620043966538304e+01 -2.433280587976077491e+00 -8.527598603512473119e+00 -2.433280587976077491e+00 2.218966800100471204e+01
2.709796619959405106e+01 -1.205240402507211606e+01 -8.293429743893346640e+00 -1.205240402507211606e+01 4.817909123075455824e+01 -2.415462825292564286e+00 -8.293429743893346640e+00 -2.415462825292564286e+00 2.204663917040964449e+01
2.714264098017612881e+01 -1.194973894564886940e+01 -8.040382747421247700e+00 -1.194973894564886940e+01 4.798921472168918001e+01 -2.413168245122589983e+00 -8.040382747421247700e+00 -2.413168245122589983e+00 2.183169611130560384e+01
2.717257482148443160e+01 -1.183775648008087700e+01 -7.769239857335944244e+00 -1.183775648008087700e+01 4.776730100615969121e+01 -2.426101333353354317e+00 -7.769239857335944244e+00 -2.426101333353354317e+00 2.154501265552366007e+01
2.718599463884216405e+01 -1.171781251665039925e+01 -7.480887615975831295e+00 -1.171781251665039925e+01 4.751395849557479778e+01 -2.453966575872058353e+00 -7.480887615975831295e+00 -2.453966575872058353e+00 2.118604992438751466e+01
2.718076230072729871e+01 -1.159124556045658494e+01 -7.176282098411733479e+00 -1.159124556045658494e+01 4.722951747041349790e+01 -2.496294626734843369e+00 -7.176282098411733479e+00 -2.496294626734843369e+00 2.075486006744649714e+01
2.715461799333607118e+01 -1.145948103251411609e+01 -6.856083865601673821e+00 -1.145948103251411609e+01 4.691418652887308127e+01 -2.552477074533003876e+00 -6.856083865601673821e+00 -2.552477074533003876e+00 2.024906158861510264e+01
2.710502377193503420e+01 -1.132397912020388908e+01 -6.521266375799580572e+00 -1.132397912020388908e+01 4.656796567095354078e+01 -2.621922891040940229e+00 -6.521266375799580572e+00 -2.621922891040940229e+00 1.966868925425954018e+01
2.702947645815694244e+01 -1.118611309499126172e+01 -6.172403274047947086e+00 -1.118611309499126172e+01 4.619073321437313240e+01 -2.703867216201994328e+00 -6.172403274047947086e+00 -2.703867216201994328e+00 1.901146586739294264e+01
-4.268172651019921915e+01 9.725549537719906823e+00 1.733023760308302741e+01 9.725549537719906823e+00 -4.179344778801522153e+01 -1.509905248430174751e+01 1.733023760308302741e+01 -1.509905248430174751e+01 -3.443827621764760494e+01
-4.275456042298024784e+01 9.741430472410982588e+00 1.706449535213657143e+01 9.741430472410982588e+00 -4.178312230695552643e+01 -1.510156201680419663e+01 1.706449535213657143e+01 -1.510156201680419663e+01 -3.455792919482549053e+01
-4.277898526222165287e+01 9.752694633567017490e+00 1.677745081002427696e+01 9.752694633567017490e+00 -4.172310425099998810e+01 -1.509696440000581674e+01 1.677745081002427696e+01 -1.509696440000581674e+01 -3.454624358546293905e+01
-4.275413897477372416e+01 9.759495275081290444e+00 1.646916144695613227e+01 9.759495275081290444e+00 -4.161249325352559225e+01 -1.508504890980334245e+01 1.646916144695613227e+01 -1.508504890980334245e+01 -3.440480939870271726e+01
-4.268046216557966233e+01 9.761832396953799673e+00 1.614020196503192750e+01 9.761832396953799673e+00 -4.145201727052540974e+01 -1.506552819514688046e+01 1.614020196503192750e+01 -1.506552819514688046e+01 -3.413456531464117916e+01
-4.255923833599566564e+01 9.759782626131187300e+00 1.579116622308812090e+01 9.759782626131187300e+00 -4.124338125156218382e+01 -1.503799996456657162e+01 1.579116622308812090e+01 -1.503799996456657162e+01 -3.373838484377730396e+01
-4.239188508453457160e+01 9.753365119350114298e+00 1.542241819912125322e+01 9.753365119350114298e+00 -4.098815604904202559e+01 -1.500192782943593528e+01 1.542241819912125322e+01 -1.500192782943593528e+01 -3.321837522714368163e+01
-4.217974338276258095e+01 9.742503249663938547e+00 1.503453259523112351e+01 9.742503249663938547e+00 -4.068833396357756271e+01 -1.495675624439183515e+01 1.503453259523112351e+01 -1.495675624439183515e+01 -3.257817624470570195e+01
-4.192484384476563974e+01 9.727254487282639417e+00 1.462781591920429136e+01 9.727254487282639417e+00 -4.034623296030464701e+01 -1.490173809670453586e+01 1.462781591920429136e+01 -1.490173809670453586e+01 -3.182089128780226872e+01
-4.162921708462970116e+01 9.707465578312937993e+00 1.420268961924726980e+01 9.707465578312937993e+00 -3.996443919867238037e+01 -1.483627952753757739e+01 1.420268961924726980e+01 -1.483627952753757739e+01 -3.095117544344174476e+01
1.696094549369304616e+01 4.157333955581516527e+00 5.245546481487832757e+00 4.157333955581516527e+00 4.573720857168745546e+00 -1.290444073336295183e+01 5.245546481487832757e+00 -1.290444073336295183e+01 1.376144425461004595e+01
1.711885826203084449e+01 4.083055674680879044e+00 5.202586494986165988e+00 4.083055674680879044e+00 4.547544905293665174e+00 -1.275593773762963323e+01 5.202586494986165988e+00 -1.275593773762963323e+01 1.394019422338319103e+01
1.726329023659941697e+01 4.003599340544378826e+00 5.147217036074415830e+00 4.003599340544378826e+00 4.526493440586489392e+00 -1.260209599045657924e+01 5.147217036074415830e+00 -1.260209599045657924e+01 1.408848295484468061e+01
1.739268800142800586e+01 3.919482758495603569e+00 5.079295261904698044e+00 3.919482758495603569e+00 4.510137934503560153e+00 -1.244277264899590918e+01 5.079295261904698044e+00 -1.244277264899590918e+01 1.420372142237658331e+01
1.750503390129022208e+01 3.831491564197925026e+00 4.998856883188983247e+00 3.831491564197925026e+00 4.497835594229392164e+00 -1.227794985789163285e+01 4.998856883188983247e+00 -1.227794985789163285e+01 1.428360628505674157e+01
1.759832813631566140e+01 3.740393537958729642e+00 4.905973321351214445e+00 3.740393537958729642e+00 4.488604375184769957e+00 -1.210748477429586778e+01 4.905973321351214445e+00 -1.210748477429586778e+01 1.432567350375912163e+01
1.767014237809026866e+01 3.647010026153360673e+00 4.800751708527305261e+00 3.647010026153360673e+00 4.480997993534848511e+00 -1.193127026607269414e+01 4.800751708527305261e+00 -1.193127026607269414e+01 1.432706622152600850e+01
1.771790545535209560e+01 3.552108809089204122e+00 4.683245610785214730e+00 3.552108809089204122e+00 4.473195202969084683e+00 -1.174909206895028824e+01 4.683245610785214730e+00 -1.174909206895028824e+01 1.428465975105989649e+01
1.773906405219518589e+01 3.456511233141604134e+00 4.553455028124942849e+00 3.456511233141604134e+00 4.463178348261089390e+00 -1.156055736509696352e+01 4.553455028124942849e+00 -1.156055736509696352e+01 1.419507943007949002e+01
1.773085058844175066e+01 3.360931512549990341e+00 4.411415671258457571e+00 3.360931512549990341e+00 4.448626233132720209e+00 -1.136530904739300318e+01 4.411415671258457571e+00 -1.136530904739300318e+01 1.405468276596369392e+01
1.270902217096478104e+01 1.045776587745780262e+01 -2.006151982763686448e+01 1.045776587745780262e+01 -1.329872715244899162e+01 -5.402257105664726389e+00 -2.006151982763686448e+01 -5.402257105664726389e+00 1.719271112230351406e+01
1.277321744622535782e+01 1.042221212647007889e+01 -1.988389545341291509e+01 1.042221212647007889e+01 -1.322637436680950707e+01 -5.302869031203102601e+00 -1.988389545341291509e+01 -5.302869031203102601e+00 1.736006641819649232e+01
1.280057759165550557e+01 1.036967559391918137e+01 -1.965649582780614679e+01 1.036967559391918137e+01 -1.315391329563401790e+01 -5.205791048176214630e+00 -1.965649582780614679e+01 -5.205791048176214630e+00 1.746214358346886186e+01
1.279088603618321862e+01 1.030039089846645339e+01 -1.937957361706724058e+01 1.030039089846645339e+01 -1.308192146178121007e+01 -5.111005108994727486e+00 -1.937957361706724058e+01 -5.111005108994727486e+00 1.749735443025924297e+01
1.274387206596848543e+01 1.021489946779191094e+01 -1.905395901030555450e+01 1.021489946779191094e+01 -1.301164414891511889e+01 -5.018872165445319666e+00 -1.905395901030555450e+01 -5.018872165445319666e+00 1.746481462669027351e+01
1.265939130029663851e+01 1.011376077716490052e+01 -1.868075291047045283e+01 1.011376077716490052e+01 -1.294427249793178092e+01 -4.929843407261338406e+00 -1.868075291047045283e+01 -4.929843407261338406e+00 1.736427150651128315e+01
1.253729935845300503e+01 9.997714777748116788e+00 -1.826127279158330197e+01 9.997714777748116788e+00 -1.288162931535391742e+01 -4.844496357301465217e+00 -1.826127279158330197e+01 -4.844496357301465217e+00 1.719509340409558362e+01
1.237770452597359139e+01 9.867627753829578907e+00 -1.779701660355882353e+01 9.867627753829578907e+00 -1.282562764565091662e+01 -4.763426586013720154e+00 -1.779701660355882353e+01 -4.763426586013720154e+00 1.695715398631783799e+01
1.218076923116239918e+01 9.724492322822653634e+00 -1.728960862943706189e+01 9.724492322822653634e+00 -1.277828881882817669e+01 -4.687301854203455242e+00 -1.728960862943706189e+01 -4.687301854203455242e+00 1.665027277728470523e+01
1.194694466375277564e+01 9.569373292498038808e+00 -1.674087167574073476e+01 9.569373292498038808e+00 -1.274167026006975334e+01 -4.616898208212027122e+00 -1.674087167574073476e+01 -4.616898208212027122e+00 1.627464830047886579e+01
-8.854581500085444423e-01 2.307689044189803251e+00 1.245041669135154372e+01 2.307689044189803251e+00 -7.816079861940385065e+00 -2.172019281271240132e+01 1.245041669135154372e+01 -2.172019281271240132e+01 2.504738860770297393e+01
-9.003865771697115994e-01 2.186635042827215880e+00 1.247765293800030761e+01 2.186635042827215880e+00 -7.689965376794350327e+00 -2.154247946613158504e+01 1.247765293800030761e+01 -2.154247946613158504e+01 2.518868454419934721e+01
-9.421174952267753477e-01 2.065960577748387372e+00 1.247125504064552182e+01 2.065960577748387372e+00 -7.580821585479231572e+00 -2.134228311302716818e+01 1.247125504064552182e+01 -2.134228311302716818e+01 2.525989278029498664e+01
-1.009946051081327401e+00 1.946460867833572639e+00 1.243118685297444870e+01 1.946460867833572639e+00 -7.489787096846303172e+00 -2.111947724130456550e+01 1.243118685297444870e+01 -2.111947724130456550e+01 2.525963975610581258e+01
-1.103565001075087038e+00 1.828822693024812152e+00 1.235759296023804055e+01 1.828822693024812152e+00 -7.418633080219772857e+00 -2.087426065568384814e+01 1.235759296023804055e+01 -2.087426065568384814e+01 2.518714832590794117e+01
-1.222938198895315187e+00 1.713841272202360821e+00 1.225087097187642904e+01 1.713841272202360821e+00 -7.369202997549321843e+00 -2.060674179510322546e+01 1.225087097187642904e+01 -2.060674179510322546e+01 2.504131602716283567e+01
-1.368156010323859029e+00 1.602203385308258010e+00 1.211168959467528161e+01 1.602203385308258010e+00 -7.343611408130179541e+00 -2.031713753743913031e+01 1.211168959467528161e+01 -2.031713753743913031e+01 2.482089581208100526e+01
-1.539381093768043884e+00 1.494577739128173377e+00 1.194075368173300866e+01 1.494577739128173377e+00 -7.343864432319351820e+00 -2.000559246794252388e+01 1.194075368173300866e+01 -2.000559246794252388e+01 2.452496594968760135e+01
-1.736577302915131016e+00 1.391614967291407323e+00 1.173896689086808109e+01 1.391614967291407323e+00 -7.371932044161110475e+00 -1.967234153764620785e+01 1.173896689086808109e+01 -1.967234153764620785e+01 2.415271314794600954e+01
-1.959997661954292258e+00 1.293839191332673888e+00 1.150726902621171099e+01 1.293839191332673888e+00 -7.429820364012463152e+00 -1.931747511233202275e+01 1.150726902621171099e+01 -1.931747511233202275e+01 2.370328796850685293e+01
-4.827777513993602554e+01 1.155289203306435475e+01 1.414885990236358815e+01 1.155289203306435475e+01 -2.520717073020136567e+01 6.252949584296888519e-01 1.414885990236358815e+01 6.252949584296888519e-01 -5.507561723795125630e+01
-4.824600058350834075e+01 1.157492953397025026e+01 1.419318359125157336e+01 1.157492953397025026e+01 -2.523091078109044005e+01 5.279435329868924498e-01 1.419318359125157336e+01 5.279435329868924498e-01 -5.508837679793756337e+01
-4.814103550757896244e+01 1.159312195008266855e+01 1.422463294150269597e+01 1.159312195008266855e+01 -2.519649631570007031e+01 4.206828840464798547e-01 1.422463294150269597e+01 4.206828840464798547e-01 -5.491226808844132279e+01
-4.796207646159402316e+01 1.160783274712835755e+01 1.424351402951842438e+01 1.160783274712835755e+01 -2.510329605145221876e+01 3.031304161066126768e-01 1.424351402951842438e+01 3.031304161066126768e-01 -5.454929973584717118e+01
-4.771013732363338988e+01 1.161923409308314348e+01 1.424999902327458479e+01 1.161923409308314348e+01 -2.495226647710148882e+01 1.752861291672909438e-01 1.424999902327458479e+01 1.752861291672909438e-01 -5.400104038171265586e+01
-4.738607893357621492e+01 1.162753641547303829e+01 1.424412618232136474e+01 1.162753641547303829e+01 -2.474447886005302166e+01 3.699698502777918480e-02 1.424412618232136474e+01 3.699698502777918480e-02 -5.327064643892794038e+01
-4.699099168860272613e+01 1.163285449294859220e+01 1.422585724710857846e+01 1.163285449294859220e+01 -2.448060274243503542e+01 -1.114883292357275596e-01 1.422585724710857846e+01 -1.114883292357275596e-01 -5.236179082431068110e+01
-4.652810852070346925e+01 1.163530310416035896e+01 1.419503917943549176e+01 1.163530310416035896e+01 -2.416396670511352696e+01 -2.700932945228616266e-01 1.419503917943549176e+01 -2.700932945228616266e-01 -5.127799341647778419e+01
-4.599903633098615074e+01 1.163484398955815280e+01 1.415144242200099711e+01 1.163484398955815280e+01 -2.379573766436909565e+01 -4.384353153317844809e-01 1.415144242200099711e+01 -4.384353153317844809e-01 -5.002568181986013229e+01
-4.540762020424425316e+01 1.163147714914197550e+01 1.409491393660436565e+01 1.163147714914197550e+01 -2.337891899489118686e+01 -6.161317961606577187e-01 1.409491393660436565e+01 -6.161317961606577187e-01 -4.861268011247032206e+01
3.628586908537060651e+01 -9.534988857634443704e+00 -1.454373592999070475e+01 -9.534988857634443704e+00 2.811080036541540039e+01 -1.550416542827155197e+01 -1.454373592999070475e+01 -1.550416542827155197e+01 5.198630932131461435e+01
3.611642133566488866e+01 -9.694597705744351757e+00 -1.429816249897837110e+01 -9.694597705744351757e+00 2.787451055407460387e+01 -1.538658448080550123e+01 -1.429816249897837110e+01 -1.538658448080550123e+01 5.143904427981751581e+01
3.586755091822714547e+01 -9.835795487552390526e+00 -1.401545458927988719e+01 -9.835795487552390526e+00 2.757524830200856059e+01 -1.526648741212006044e+01 -1.401545458927988719e+01 -1.526648741212006044e+01 5.069991198092192519e+01
3.554048986482688832e+01 -9.957037825206656478e+00 -1.369634100842087143e+01 -9.957037825206656478e+00 2.721433240378742369e+01 -1.514446420925977854e+01 -1.369634100842087143e+01 -1.514446420925977854e+01 4.977226146873366730e+01
3.513695607891735051e+01 -1.005705798181738864e+01 -1.334236613425322382e+01 -1.005705798181738864e+01 2.679349811542456905e+01 -1.502110485926920092e+01 -1.334236613425322382e+01 -1.502110485926920092e+01 4.866141997921377538e+01
3.465915333563550860e+01 -1.013491891913736787e+01 -1.295535198559097978e+01 -1.013491891913736787e+01 2.631460216085430659e+01 -1.489682582359153251e+01 -1.295535198559097978e+01 -1.489682582359153251e+01 4.737372119681106142e+01
3.410932011523861718e+01 -1.019011741292271367e+01 -1.253755439525152582e+01 -1.019011741292271367e+01 2.577941450121027600e+01 -1.477200885854972157e+01 -1.253755439525152582e+01 -1.477200885854972157e+01 4.591607144045874378e+01
3.348917432117991666e+01 -1.022256670037276116e+01 -1.209202741381839807e+01 -1.022256670037276116e+01 2.518899364266062335e+01 -1.464696631022617446e+01 -1.209202741381839807e+01 -1.464696631022617446e+01 4.429468292668469331e+01
3.280525786862981619e+01 -1.023263118525031601e+01 -1.162074923314683694e+01 -1.023263118525031601e+01 2.454906593004949045e+01 -1.452159406326008373e+01 -1.162074923314683694e+01 -1.452159406326008373e+01 4.252487796608698289e+01
3.206090244913398379e+01 -1.022103967508099487e+01 -1.112734653830478848e+01 -1.022103967508099487e+01 2.386188719619424603e+01 -1.439604829069265612e+01 -1.112734653830478848e+01 -1.439604829069265612e+01 4.061644340258102659e+01
1.995047474536342236e+00 2.905766022025297435e+00 1.899307364971813428e+01 2.905766022025297435e+00 -1.156738665425494439e+01 -8.035903674964098187e+00 1.899307364971813428e+01 -8.035903674964098187e+00 5.717894375444293686e+00
1.894540984130471672e+00 2.942744996528270818e+00 1.898800380505654317e+01 2.942744996528270818e+00 -1.141180238904882138e+01 -7.879265463555926274e+00 1.898800380505654317e+01 -7.879265463555926274e+00 5.790762035275705877e+00
1.790309339044940717e+00 2.975653558112981045e+00 1.894235703161601947e+01 2.975653558112981045e+00 -1.124251682321604306e+01 -7.721936735670548835e+00 1.894235703161601947e+01 -7.721936735670548835e+00 5.860849457712054011e+00
1.683006712784469894e+00 3.004200962999551638e+00 1.885673298844255186e+01 3.004200962999551638e+00 -1.106082013227981165e+01 -7.564117377656629948e+00 1.885673298844255186e+01 -7.564117377656629948e+00 5.924177087266286001e+00
1.572669448321543539e+00 3.028223667811802411e+00 1.873174950606837186e+01 3.028223667811802411e+00 -1.086902009499289079e+01 -7.406043618835319364e+00 1.873174950606837186e+01 -7.406043618835319364e+00 5.979291205039023005e+00
1.458897772958832606e+00 3.047576300659796011e+00 1.856802441502572520e+01 3.047576300659796011e+00 -1.066998780618155607e+01 -7.247933517041525775e+00 1.856802441502572520e+01 -7.247933517041525775e+00 6.023593288497622211e+00
1.341110199136584802e+00 3.062204347084805267e+00 1.836630274625053616e+01 3.062204347084805267e+00 -1.046679424702074535e+01 -7.090095987541364053e+00 1.836630274625053616e+01 -7.090095987541364053e+00 6.054557501054412150e+00
1.218489009973899417e+00 3.072071464114345840e+00 1.812716598730255768e+01 3.072071464114345840e+00 -1.026298285732769777e+01 -6.932712745197259885e+00 1.812716598730255768e+01 -6.932712745197259885e+00 6.069185547479420961e+00
1.090052945213694890e+00 3.077213994720901624e+00 1.785123196871403195e+01 3.077213994720901624e+00 -1.006202439097468471e+01 -6.775892818926664063e+00 1.785123196871403195e+01 -6.775892818926664063e+00 6.063824959037957818e+00
9.547117156814362016e-01 3.077704624849442183e+00 1.753882777723731579e+01 3.077704624849442183e+00 -9.867571316696395201e+00 -6.619836095078244220e+00 1.753882777723731579e+01 -6.619836095078244220e+00 6.035332068610113510e+00
-2.216616487595435459e+01 -1.114951037367056941e+01 -8.205841789687248422e+00 -1.114951037367056941e+01 2.705656663367296488e+00 -3.611322819382513760e+00 -8.205841789687248422e+00 -3.611322819382513760e+00 -3.113771679612179710e+01
-2.197342796425761691e+01 -1.122958535889564224e+01 -8.323575254836224957e+00 -1.122958535889564224e+01 2.709455706885574688e+00 -3.595573386544602457e+00 -8.323575254836224957e+00 -3.595573386544602457e+00 -3.084814115862661410e+01
-2.172663767124013390e+01 -1.130440438585513441e+01 -8.432438137789610266e+00 -1.130440438585513441e+01 2.750894788368932087e+00 -3.582553363613026676e+00 -8.432438137789610266e+00 -3.582553363613026676e+00 -3.044164350217082315e+01
-2.142677142071971019e+01 -1.137358017341368921e+01 -8.532264460917964755e+00 -1.137358017341368921e+01 2.829973907817368239e+00 -3.572520938011359615e+00 -8.532264460917964755e+00 -3.572520938011359615e+00 -2.992014179047238542e+01
-2.107513859177303672e+01 -1.143659634672416026e+01 -8.622408755662359425e+00 -1.143659634672416026e+01 2.945955386877819659e+00 -3.565605203451386540e+00 -8.622408755662359425e+00 -3.565605203451386540e+00 -2.928774858034964623e+01
-2.067367559007690403e+01 -1.149299185681588753e+01 -8.702373089134471940e+00 -1.149299185681588753e+01 3.097548288432424357e+00 -3.561972137562547491e+00 -8.702373089134471940e+00 -3.561972137562547491e+00 -2.854783875026785367e+01
-2.022477987027877688e+01 -1.154217656100641420e+01 -8.771511992775373301e+00 -1.154217656100641420e+01 3.283369465569188073e+00 -3.561879927768414777e+00 -8.771511992775373301e+00 -3.561879927768414777e+00 -2.770387938848642406e+01
-1.973042472197309039e+01 -1.158376317816038359e+01 -8.829345975655572332e+00 -1.158376317816038359e+01 3.502386168593821569e+00 -3.565568319533733543e+00 -8.829345975655572332e+00 -3.565568319533733543e+00 -2.676129243090036169e+01
-1.919398502362511749e+01 -1.161710623971886669e+01 -8.875100475504352104e+00 -1.161710623971886669e+01 3.751389496670497259e+00 -3.573129522652636947e+00 -8.875100475504352104e+00 -3.573129522652636947e+00 -2.572411666649270146e+01
-1.861796888163527086e+01 -1.164178158062884982e+01 -8.908130023762781846e+00 -1.164178158062884982e+01 4.028885651134261003e+00 -3.584840166507524462e+00 -8.908130023762781846e+00 -3.584840166507524462e+00 -2.459821663817029602e+01
4.945663690161463677e+00 6.789172861711111118e+00 1.020903659384967099e+01 6.789172861711111118e+00 -8.133341265677366039e+00 8.094649656493274392e+00 1.020903659384967099e+01 8.094649656493274392e+00 -2.332054615155495370e+01
5.003336088756621614e+00 6.769425540419984344e+00 1.011812956302610012e+01 6.769425540419984344e+00 -8.018543991258523462e+00 8.045901879073126040e+00 1.011812956302610012e+01 8.045901879073126040e+00 -2.309162688080208170e+01
5.089990692721751309e+00 6.741830392737744759e+00 1.001088810285358655e+01 6.741830392737744759e+00 -7.864671841715558109e+00 7.975508701420745084e+00 1.001088810285358655e+01 7.975508701420745084e+00 -2.278152823379881298e+01
5.205006976249182848e+00 6.706460421700587204e+00 9.887439968645470145e+00 6.706460421700587204e+00 -7.672710358037117651e+00 7.883597878849475826e+00 9.887439968645470145e+00 7.883597878849475826e+00 -2.239216654024530584e+01
5.347089135446431385e+00 6.663461633380906690e+00 9.748004169510341654e+00 6.663461633380906690e+00 -7.444083099429035677e+00 7.770479674263150116e+00 9.748004169510341654e+00 7.770479674263150116e+00 -2.192658967690275063e+01
5.514777109589566351e+00 6.612998284610143607e+00 9.592726711520594307e+00 6.612998284610143607e+00 -7.180542138760023896e+00 7.636427849047506378e+00 9.592726711520594307e+00 7.636427849047506378e+00 -2.138784552053234833e+01
5.706537834918465890e+00 6.555307635255936738e+00 9.421625845435277924e+00 6.555307635255936738e+00 -6.883730044344501309e+00 7.481643161552084642e+00 9.421625845435277924e+00 7.481643161552084642e+00 -2.077905495093150279e+01
5.920746993877759934e+00 6.490663446704022732e+00 9.234701571254388952e+00 6.490663446704022732e+00 -6.555490142846427837e+00 7.306399373162620670e+00 9.234701571254388952e+00 7.306399373162620670e+00 -2.010437914116340252e+01
6.155287498417751024e+00 6.419321229581088417e+00 9.031880885941733439e+00 6.419321229581088417e+00 -6.198176782183137057e+00 7.110860740710557515e+00 9.031880885941733439e+00 7.110860740710557515e+00 -1.936765075062836061e+01
6.408352523392579769e+00 6.341609497550018126e+00 8.813036034183969747e+00 6.341609497550018126e+00 -5.813761044331932304e+00 6.895118517991139839e+00 8.813036034183969747e+00 6.895118517991139839e+00 -1.857332296453435916e+01
5.858986207438440630e+01 -4.892280063342254182e-01 1.970479411705747808e+01 -4.892280063342254182e-01 4.080247243619353981e+01 -2.598741556415258458e+01 1.970479411705747808e+01 -2.598741556415258458e+01 6.160112214658128238e+01
5.837990037061595672e+01 -5.508529524699524726e-01 1.973640015423370642e+01 -5.508529524699524726e-01 4.076825531711236295e+01 -2.606015040780544112e+01 1.973640015423370642e+01 -2.606015040780544112e+01 6.130115491361875257e+01
5.806592203801969987e+01 -6.075970526918557102e-01 1.970238782589017390e+01 -6.075970526918557102e-01 4.065691741941380855e+01 -2.609713220184480065e+01 1.970238782589017390e+01 -2.609713220184480065e+01 6.076409120415009113e+01
5.765079414692261395e+01 -6.593067139467029270e-01 1.960374695392548006e+01 -6.593067139467029270e-01 4.046770784372652230e+01 -2.609829268269144364e+01 1.960374695392548006e+01 -2.609829268269144364e+01 5.999068191754665236e+01
5.713750322891534239e+01 -7.057088819176366989e-01 1.944194520529273973e+01 -7.057088819176366989e-01 4.019987569067912858e+01 -2.606359771855576568e+01 1.944194520529273973e+01 -2.606359771855576568e+01 5.898505700035089916e+01
5.652968431959104834e+01 -7.465816999722105773e-01 1.921921821221121718e+01 -7.465816999722105773e-01 3.985277245626912190e+01 -2.599330329785981775e+01 1.921921821221121718e+01 -2.599330329785981775e+01 5.775237035279351971e+01
5.583127964064933479e+01 -7.817203773727816607e-01 1.893826238605988266e+01 -7.817203773727816607e-01 3.942597149312639004e+01 -2.588764834313085572e+01 1.893826238605988266e+01 -2.588764834313085572e+01 5.629695671215462482e+01
5.504863770495716579e+01 -8.110395846453318791e-01 1.860247383990464343e+01 -8.110395846453318791e-01 3.892121352252090816e+01 -2.574753734679346451e+01 1.860247383990464343e+01 -2.574753734679346451e+01 5.462910681300075311e+01
5.418701480811401439e+01 -8.344369264210399484e-01 1.821584599312954111e+01 -8.344369264210399484e-01 3.833924944382403055e+01 -2.557401132843066449e+01 1.821584599312954111e+01 -2.557401132843066449e+01 5.275883833558162905e+01
5.325327143983094658e+01 -8.517758755414771565e-01 1.778288424196271933e+01 -8.517758755414771565e-01 3.768258794357188179e+01 -2.536840142783713148e+01 1.778288424196271933e+01 -2.536840142783713148e+01 5.069879710794669592e+01
1.287626011261144043e+01 -1.361294374803149587e+01 -1.249766922715123485e+01 -1.361294374803149587e+01 3.090049059514981877e+01 -2.430419059113556202e+01 -1.249766922715123485e+01 -2.430419059113556202e+01 3.775531343599386958e+01
1.282331685963241164e+01 -1.348520429418379152e+01 -1.274134191259708615e+01 -1.348520429418379152e+01 3.074678097134629695e+01 -2.419735395700839220e+01 -1.274134191259708615e+01 -2.419735395700839220e+01 3.750331833158521988e+01
1.273842114822536331e+01 -1.334386393154486328e+01 -1.296024088578156430e+01 -1.334386393154486328e+01 3.053805188856457065e+01 -2.405858245941929141e+01 -1.296024088578156430e+01 -2.405858245941929141e+01 3.712873909839460396e+01
1.262187209281390032e+01 -1.319027747250400395e+01 -1.315334563867117446e+01 -1.319027747250400395e+01 3.027593967865144364e+01 -2.388831597252063688e+01 -1.315334563867117446e+01 -2.388831597252063688e+01 3.663266662431992415e+01
1.247300108468643032e+01 -1.302615162877240529e+01 -1.331953009343585670e+01 -1.302615162877240529e+01 2.996169358419964723e+01 -2.368732867482058779e+01 -1.331953009343585670e+01 -2.368732867482058779e+01 3.601782812910583687e+01
1.229128027486010666e+01 -1.285331627682391797e+01 -1.345756260244897717e+01 -1.285331627682391797e+01 2.959673879746285508e+01 -2.345648271965778875e+01 -1.345756260244897717e+01 -2.345648271965778875e+01 3.528584234963307154e+01
1.207556599053877378e+01 -1.267379483775943605e+01 -1.356635227781266373e+01 -1.267379483775943605e+01 2.918246532076254596e+01 -2.319692177982840064e+01 -1.356635227781266373e+01 -2.319692177982840064e+01 3.443917258115488522e+01
1.182478493879065340e+01 -1.248964592261203954e+01 -1.364482582659513810e+01 -1.248964592261203954e+01 2.872033353628458485e+01 -2.290985990799295635e+01 -1.364482582659513810e+01 -2.290985990799295635e+01 3.348066920817862524e+01
1.153837408070071291e+01 -1.230298092731309900e+01 -1.369201552566119240e+01 -1.230298092731309900e+01 2.821243724499424133e+01 -2.259652875177808795e+01 -1.369201552566119240e+01 -2.259652875177808795e+01 3.241140552363606986e+01
1.121471467938824063e+01 -1.211584086792960058e+01 -1.370709441160437159e+01 -1.211584086792960058e+01 2.766013125928081706e+01 -2.225837109840356121e+01 -1.370709441160437159e+01 -2.225837109840356121e+01 3.123556912945776531e+01
-1.882871094984481530e+01 -1.270169111914170834e+01 -8.918220413858986007e+00 -1.270169111914170834e+01 -4.918935515301170902e+00 -2.214546826787849909e+01 -8.918220413858986007e+00 -2.214546826787849909e+01 -1.483156246077837359e+01
-1.888972754161136436e+01 -1.274581902553248547e+01 -8.891294287338403990e+00 -1.274581902553248547e+01 -4.977428933789113330e+00 -2.224707663998113816e+01 -8.891294287338403990e+00 -2.224707663998113816e+01 -1.500956588952080217e+01
-1.891273077829002958e+01 -1.278180647506820300e+01 -8.853041507048903469e+00 -1.278180647506820300e+01 -5.016326320390666282e+00 -2.232630796439396192e+01 -8.853041507048903469e+00 -2.232630796439396192e+01 -1.511734406489594207e+01
