1.771405989819106186e-01 -1.103060079409610723e-03 0.000000000000000000e+00 -1.103060079409610723e-03 1.173221933640910652e+00 -2.322357375056024686e+00 0.000000000000000000e+00 -2.322357375056024686e+00 4.080056487167056933e-01
1.624934077635206975e-01 2.316426166760182648e-02 1.055321085808932635e-01 2.316426166760182648e-02 1.211955617085097359e+00 -2.468105969155065083e+00 1.055321085808932635e-01 -2.468105969155065083e+00 4.294158640285249962e-01
1.598894626580291412e-01 4.786557426552852379e-02 2.102143184120774666e-01 4.786557426552852379e-02 1.259314868691224554e+00 -2.615825605035345003e+00 2.102143184120774666e-01 -2.615825605035345003e+00 4.662327545478359703e-01
1.679002104478399260e-01 7.283813114527724897e-02 3.142274590147673408e-01 7.283813114527724897e-02 1.313491393247145700e+00 -2.765552448601108715e+00 3.142274590147673408e-01 -2.765552448601108715e+00 5.157257945042966751e-01
1.878999554941846728e-01 9.781068802502597415e-02 4.170471247774402146e-01 9.781068802502597415e-02 1.375624416736513478e+00 -2.916906757857804511e+00 4.170471247774402146e-01 -2.916906757857804511e+00 5.790884587379242499e-01
2.170677572661142141e-01 1.227470790005317641e-01 5.189445599819182409e-01 1.227470790005317641e-01 1.443037662245350017e+00 -3.070015113470283108e+00 5.189445599819182409e-01 -3.070015113470283108e+00 6.519265898832014017e-01
2.541197261630042670e-01 1.475388063590657994e-01 6.199378475803227762e-01 1.475388063590657994e-01 1.514194078843330571e+00 -3.224859432486422151e+00 6.199378475803227762e-01 -3.224859432486422151e+00 7.319436530207019675e-01
2.988388667593971371e-01 1.716614644891054919e-01 7.199184898599249038e-01 1.716614644891054919e-01 1.589310661955912973e+00 -3.381349300145615189e+00 7.199184898599249038e-01 -3.381349300145615189e+00 8.193928094801260498e-01
3.477532522479709343e-01 1.951873851991366982e-01 8.189769015813324060e-01 1.951873851991366982e-01 1.664680406398195700e+00 -3.539593214160590584e+00 8.189769015813324060e-01 -3.539593214160590584e+00 9.068238829874289975e-01
3.993258316984005796e-01 2.177729923988515059e-01 9.172396634093951118e-01 2.177729923988515059e-01 1.739254500947134074e+00 -3.699663506339834207e+00 9.172396634093951118e-01 -3.699663506339834207e+00 9.928806521334998525e-01
2.901954707790654453e+01 -6.481410724663674294e-01 -1.772677951217702841e+01 -6.481410724663674294e-01 4.973812777666964280e+01 6.917486408836424072e-01 -1.772677951217702841e+01 6.917486408836424072e-01 3.927281338887141970e+01
2.897031328490188784e+01 -6.407837018520989858e-01 -1.757428285866858531e+01 -6.407837018520989858e-01 4.947575528483469753e+01 8.937387593007785069e-01 -1.757428285866858531e+01 8.937387593007785069e-01 3.886717125185133170e+01
2.887653710462543089e+01 -6.352613460263305534e-01 -1.738015214321351465e+01 -6.352613460263305534e-01 4.915168474860151804e+01 1.075872632789524497e+00 -1.738015214321351465e+01 1.075872632789524497e+00 3.831254668775738281e+01
2.873191716553932196e+01 -6.322318404792788282e-01 -1.714523562736499329e+01 -6.322318404792788282e-01 4.876224613839309541e+01 1.236955770591328774e+00 -1.714523562736499329e+01 1.236955770591328774e+00 3.760348658660488042e+01
2.854239129851577417e+01 -6.319029227341704802e-01 -1.686987954032840165e+01 -6.319029227341704802e-01 4.831531616863176026e+01 1.376590009120006952e+00 -1.686987954032840165e+01 1.376590009120006952e+00 3.675164156115475578e+01
2.830813261815746884e+01 -6.343957730128872985e-01 -1.655477634051448987e+01 -6.343957730128872985e-01 4.781385509902349895e+01 1.494377184789375868e+00 -1.655477634051448987e+01 1.494377184789375868e+00 3.575952177314600533e+01
2.802221654035686882e+01 -6.400393090605377422e-01 -1.620151868226799508e+01 -6.400393090605377422e-01 4.725350044158055596e+01 1.589884511092713115e+00 -1.620151868226799508e+01 1.589884511092713115e+00 3.462513640464771925e+01
2.768824384884988987e+01 -6.485219245922824172e-01 -1.581123181050639737e+01 -6.485219245922824172e-01 4.664038045323810877e+01 1.663665954758622778e+00 -1.581123181050639737e+01 1.663665954758622778e+00 3.335710656287376707e+01
2.730379093919890110e+01 -6.597743737670457298e-01 -1.538575074001819409e+01 -6.597743737670457298e-01 4.597473749443992119e+01 1.716154302293826373e+00 -1.538575074001819409e+01 1.716154302293826373e+00 3.195555342804605559e+01
2.686610528922114227e+01 -6.735023617602570178e-01 -1.492677199390973009e+01 -6.735023617602570178e-01 4.525636382766276000e+01 1.748318995473380655e+00 -1.492677199390973009e+01 1.748318995473380655e+00 3.042857876357040681e+01
-3.282022422063196387e+01 1.211491128474748180e+01 -1.486379467074173277e+01 1.211491128474748180e+01 -4.205822759411217504e+01 3.772237950779286475e+00 -1.486379467074173277e+01 3.772237950779286475e+00 -5.828071194880242700e+01
-3.282127626738081005e+01 1.212049669657770856e+01 -1.471622120406292034e+01 1.212049669657770856e+01 -4.190560430303890627e+01 3.905580094164641025e+00 -1.471622120406292034e+01 3.905580094164641025e+00 -5.806441113724000758e+01
-3.275140123513482848e+01 1.211950203419698369e+01 -1.455326872672827143e+01 1.211950203419698369e+01 -4.167331238089406042e+01 4.039591721844715266e+00 -1.455326872672827143e+01 4.039591721844715266e+00 -5.763877215078026239e+01
-3.261096255822545231e+01 1.211169776013282906e+01 -1.437476508563343103e+01 1.211169776013282906e+01 -4.136204044009505054e+01 4.174119808837858159e+00 -1.437476508563343103e+01 4.174119808837858159e+00 -5.700509570176720331e+01
-3.240147135834646264e+01 1.209712213063065711e+01 -1.418067202453298670e+01 1.209712213063065711e+01 -4.097385431789415833e+01 4.308647895831001051e+00 -1.418067202453298670e+01 4.308647895831001051e+00 -5.616802992401846240e+01
-3.212443875719166897e+01 1.207554560821799328e+01 -1.397100867154964554e+01 1.207554560821799328e+01 -4.051089636403449390e+01 4.442296089179656349e+00 -1.397100867154964554e+01 4.442296089179656349e+00 -5.513180213265211194e+01
-3.178082116089636955e+01 1.204691080852671803e+01 -1.374596630791046969e+01 1.204691080852671803e+01 -3.997473508457795788e+01 4.574127110871216040e+00 -1.374596630791046969e+01 4.574127110871216040e+00 -5.390171081765779348e+01
-3.137367906909357629e+01 1.201133250029307042e+01 -1.350525801177486329e+01 1.201133250029307042e+01 -3.936976994774700245e+01 4.702878504807067372e+00 -1.350525801177486329e+01 4.702878504807067372e+00 -5.248538809999530486e+01
-3.090469575658143953e+01 1.196821771171315518e+01 -1.324899855187906716e+01 1.196821771171315518e+01 -3.869812417516202174e+01 4.827249558643185168e+00 -1.324899855187906716e+01 4.827249558643185168e+00 -5.089140337863705810e+01
-3.037901668836793689e+01 1.191829331144981019e+01 -1.297747485006367540e+01 1.191829331144981019e+01 -3.796693255659243249e+01 4.945805663176598976e+00 -1.297747485006367540e+01 4.945805663176598976e+00 -4.913249598330541090e+01
5.142148611428456917e+01 -1.365894738581534007e+01 -9.973748238256577636e+00 -1.365894738581534007e+01 3.519087956048187493e+01 1.968905777573678151e+01 -9.973748238256577636e+00 1.968905777573678151e+01 6.259555037334093441e+01
5.119238499830986910e+01 -1.361203816796207278e+01 -1.001466283251746603e+01 -1.361203816796207278e+01 3.509450181556254478e+01 1.960439445285184590e+01 -1.001466283251746603e+01 1.960439445285184590e+01 6.218346723693750988e+01
5.083461418224772643e+01 -1.354075539458563249e+01 -1.002045133724706893e+01 -1.354075539458563249e+01 3.489934160565817933e+01 1.945351544530035781e+01 -1.002045133724706893e+01 1.945351544530035781e+01 6.147970873313519746e+01
5.035535347315146026e+01 -1.344609530685609577e+01 -9.992350465622044098e+00 -1.344609530685609577e+01 3.461027707718777435e+01 1.923714216910203945e+01 -9.992350465622044098e+00 1.923714216910203945e+01 6.049679658284760109e+01
4.975748853509993808e+01 -1.332996450425413926e+01 -9.931665637106629418e+00 -1.332996450425413926e+01 3.422679293299442094e+01 1.895699228144667359e+01 -9.931665637106629418e+00 1.895699228144667359e+01 5.923909363533680050e+01
4.904586316136838064e+01 -1.319444135197941037e+01 -9.840251921465805296e+00 -1.319444135197941037e+01 3.375024612225803367e+01 1.861517850067771107e+01 -9.840251921465805296e+00 1.861517850067771107e+01 5.771604700514666320e+01
4.822820680931084070e+01 -1.304217104210419009e+01 -9.720239213614913609e+00 -1.304217104210419009e+01 3.318390019363922505e+01 1.821462084401780146e+01 -9.720239213614913609e+00 1.821462084401780146e+01 5.594105441835755954e+01
4.731285011629783810e+01 -1.287602206213543710e+01 -9.574083763335361041e+00 -1.287602206213543710e+01 3.253189470096540248e+01 1.775894356813740771e+01 -9.574083763335361041e+00 1.775894356813740771e+01 5.392986679139991679e+01
4.630975549403016345e+01 -1.269934384359324930e+01 -9.404636881562202788e+00 -1.269934384359324930e+01 3.179933108609025538e+01 1.725261258172999490e+01 -9.404636881562202788e+00 1.725261258172999490e+01 5.170283836197278760e+01
4.523127289770245341e+01 -1.251553734771341730e+01 -9.214990351237071664e+00 -1.251553734771341730e+01 3.099373268750507293e+01 1.670084956265253595e+01 -9.214990351237071664e+00 1.670084956265253595e+01 4.928413656673657073e+01
1.783276136142457347e+01 9.741086132413556697e-01 -1.027189422205668912e+01 9.741086132413556697e-01 2.527236293467575479e+01 -2.275963297675009755e+01 -1.027189422205668912e+01 -2.275963297675009755e+01 -8.843297634192262890e+00
1.795139458612366568e+01 9.093138849686734915e-01 -1.021535223985003071e+01 9.093138849686734915e-01 2.511235926310259003e+01 -2.265784317990558350e+01 -1.021535223985003071e+01 -2.265784317990558350e+01 -8.902756535267084104e+00
1.809736503216646142e+01 8.434164190751002321e-01 -1.014081073389592369e+01 8.434164190751002321e-01 2.497337875068899038e+01 -2.252135272018432133e+01 -1.014081073389592369e+01 -2.252135272018432133e+01 -8.910778062154534496e+00
1.826674197351720252e+01 7.767897234644860482e-01 -1.004835863464766632e+01 7.767897234644860482e-01 2.485424751545142996e+01 -2.235129990738851546e+01 -1.004835863464766632e+01 -2.235129990738851546e+01 -8.872644683780492869e+00
1.845945426581325677e+01 7.099140225846383156e-01 -9.938227161283831990e+00 7.099140225846383156e-01 2.475693981345312267e+01 -2.214868076259510588e+01 -9.938227161283831990e+00 -2.214868076259510588e+01 -8.784514604562502882e+00
1.867295849809029917e+01 6.431094660674288033e-01 -9.810025019809911484e+00 6.431094660674288033e-01 2.468026397661987303e+01 -2.191393993807057683e+01 -9.810025019809911484e+00 -2.191393993807057683e+01 -8.651705865607761226e+00
1.890666772935657391e+01 5.768740644513243865e-01 -9.663930071132499577e+00 5.768740644513243865e-01 2.462681677418797221e+01 -2.164818017143581841e+01 -9.663930071132499577e+00 -2.164818017143581841e+01 -8.471283761957451475e+00
1.915565521249939351e+01 5.117769726374300499e-01 -9.500226892702148263e+00 5.117769726374300499e-01 2.459353899856398584e+01 -2.135234412549579019e+01 -9.500226892702148263e+00 -2.135234412549579019e+01 -8.251945691944076344e+00
1.941938736479896122e+01 4.481027680762985077e-01 -9.318684265340285933e+00 4.481027680762985077e-01 2.458235154753913676e+01 -2.102687645251698001e+01 -9.318684265340285933e+00 -2.102687645251698001e+01 -7.991059314150033011e+00
1.969389788803820807e+01 3.864917500316729093e-01 -9.119266616865591146e+00 3.864917500316729093e-01 2.459120902068758596e+01 -2.067220401867521673e+01 -9.119266616865591146e+00 -2.067220401867521673e+01 -7.694814188124835752e+00
1.961879315848724659e+01 1.383931097443149794e+00 8.625836990471995591e+00 1.383931097443149794e+00 2.026997419237131126e+01 -1.193465655198754050e+01 8.625836990471995591e+00 -1.193465655198754050e+01 4.651129358385724544e+01
1.940882322520310410e+01 1.432661560861070660e+00 8.569986816489768344e+00 1.432661560861070660e+00 2.010321474937621744e+01 -1.180702914779774737e+01 8.569986816489768344e+00 -1.180702914779774737e+01 4.603047579708106696e+01
1.912909770792101227e+01 1.478104651746830145e+00 8.493761964621045379e+00 1.478104651746830145e+00 1.987135829843142787e+01 -1.166667416225349108e+01 8.493761964621045379e+00 -1.166667416225349108e+01 4.536310401398780101e+01
1.878077685576996814e+01 1.519469291148838996e+00 8.397496445978715585e+00 1.519469291148838996e+00 1.957479158924660467e+01 -1.151424203804829816e+01 8.397496445978715585e+00 -1.151424203804829816e+01 4.451636826327077756e+01
1.837159566294329949e+01 1.556351149825173197e+00 8.281207840095040851e+00 1.556351149825173197e+00 1.922059917332154200e+01 -1.135029532021441234e+01 8.281207840095040851e+00 -1.135029532021441234e+01 4.350062288942969957e+01
1.790039388031200218e+01 1.588170103211333783e+00 8.145493851066776259e+00 1.588170103211333783e+00 1.880672424538210663e+01 -1.117590636021954253e+01 8.145493851066776259e+00 -1.117590636021954253e+01 4.231774890241612042e+01
1.736942168800504760e+01 1.614381185807336694e+00 7.990846705797132188e+00 1.614381185807336694e+00 1.833478412239599464e+01 -1.099191897561205344e+01 7.990846705797132188e+00 -1.099191897561205344e+01 4.097379366132663137e+01
1.678150939071588965e+01 1.634703125097061172e+00 7.817934426511898849e+00 1.634703125097061172e+00 1.780685318916959403e+01 -1.079917698394030623e+01 7.817934426511898849e+00 -1.079917698394030623e+01 3.947701954632228905e+01
1.613876653231545077e+01 1.648837069032129232e+00 7.627512933098146597e+00 1.648837069032129232e+00 1.722456634220285565e+01 -1.059884063433329793e+01 7.627512933098146597e+00 -1.059884063433329793e+01 3.783361455275773721e+01
1.544463870112619652e+01 1.656712699483510409e+00 7.420443622636497594e+00 1.656712699483510409e+00 1.659063082946344281e+01 -1.039157794901681520e+01 7.420443622636497594e+00 -1.039157794901681520e+01 3.605512843332620321e+01
-1.325161416097076383e+01 -3.341008702785686069e+00 -1.965903696941704837e+01 -3.341008702785686069e+00 -2.236413461568349348e+01 -2.442086902495149481e+00 -1.965903696941704837e+01 -2.442086902495149481e+00 -8.857010579301306308e+00
-1.318794915513795374e+01 -3.387750567195729090e+00 -1.955081015451031590e+01 -3.387750567195729090e+00 -2.234122555960900414e+01 -2.395917764486968693e+00 -1.955081015451031590e+01 -2.395917764486968693e+00 -8.744867054807645701e+00
-1.310715778238494345e+01 -3.426769862703243685e+00 -1.941030743560186878e+01 -3.426769862703243685e+00 -2.228949543298919522e+01 -2.357692895923972909e+00 -1.941030743560186878e+01 -2.357692895923972909e+00 -8.586129466265713717e+00
-1.301088432173643028e+01 -3.457863363810793622e+00 -1.923728863710382342e+01 -3.457863363810793622e+00 -2.221051461466787558e+01 -2.327393821760940895e+00 -1.923728863710382342e+01 -2.327393821760940895e+00 -8.383957046408360370e+00
-1.290012642563437062e+01 -3.480735469794838721e+00 -1.903158748360919006e+01 -3.480735469794838721e+00 -2.210504058149912510e+01 -2.304928166771766040e+00 -1.903158748360919006e+01 -2.304928166771766040e+00 -8.140345100119496635e+00
-1.277636209769647557e+01 -3.495386180655378094e+00 -1.879296379953008866e+01 -3.495386180655378094e+00 -2.197456981214587657e+01 -2.290092705459013445e+00 -1.879296379953008866e+01 -2.290092705459013445e+00 -7.857898608775331084e+00
-1.264145731749009904e+01 -3.501815496392411298e+00 -1.852112198414299016e+01 -3.501815496392411298e+00 -2.182083896085893215e+01 -2.282591837099140708e+00 -1.852112198414299016e+01 -2.282591837099140708e+00 -7.539573579611281495e+00
-1.249676076331639862e+01 -3.500171217367709975e+00 -1.821569253654344678e+01 -3.500171217367709975e+00 -2.164517823089423132e+01 -2.282037585742500152e+00 -1.821569253654344678e+01 -2.282037585742500152e+00 -7.188104319320111735e+00
-1.234424926501406539e+01 -3.490527243762160392e+00 -1.787604730519394991e+01 -3.490527243762160392e+00 -2.144986005281400310e+01 -2.287931125168114477e+00 -1.787604730519394991e+01 -2.287931125168114477e+00 -6.807407537488749050e+00
-1.218565947683390327e+01 -3.473308501615851362e+00 -1.750165051378306913e+01 -3.473308501615851362e+00 -2.123654718068817004e+01 -2.299736679064563916e+00 -1.750165051378306913e+01 -2.299736679064563916e+00 -6.400383816216946187e+00
2.357358763642542598e+01 -9.185413571780514097e-01 -1.039316099745435196e+01 -9.185413571780514097e-01 1.474537772577622263e+01 1.920219526915206743e+01 -1.039316099745435196e+01 1.920219526915206743e+01 3.138653045308603140e+01
2.345042918183368741e+01 -1.000258536798205533e+00 -1.048870370681577313e+01 -1.000258536798205533e+00 1.452808913191157103e+01 1.900487688491368843e+01 -1.048870370681577313e+01 1.900487688491368843e+01 3.093805710711103529e+01
2.327292209308662407e+01 -1.080898631725872416e+00 -1.055770775563935970e+01 -1.080898631725872416e+00 1.427170766084747378e+01 1.876134980165501176e+01 -1.055770775563935970e+01 1.876134980165501176e+01 3.035459503205305154e+01
2.304890613417545353e+01 -1.159155014629182912e+00 -1.059989062990741360e+01 -1.159155014629182912e+00 1.398610364607738177e+01 1.847150807661939709e+01 -1.059989062990741360e+01 1.847150807661939709e+01 2.965514329560249962e+01
2.277613885008467420e+01 -1.233932943689544093e+00 -1.061493450135001737e+01 -1.233932943689544093e+00 1.367074737381810401e+01 1.813612862335552478e+01 -1.061493450135001737e+01 1.813612862335552478e+01 2.883721224297838504e+01
2.245373738450896184e+01 -1.304014077205618127e+00 -1.060262748445389747e+01 -1.304014077205618127e+00 1.332597432946565696e+01 1.775590006978153923e+01 -1.060262748445389747e+01 1.775590006978153923e+01 2.790272650092630968e+01
2.208173705170053580e+01 -1.368338987611024571e+00 -1.056307552197568889e+01 -1.368338987611024571e+00 1.295268502645146746e+01 1.733156401519391210e+01 -1.056307552197568889e+01 1.733156401519391210e+01 2.685514686616310343e+01
2.166305127746693771e+01 -1.425848247339382535e+00 -1.049643752805035035e+01 -1.425848247339382535e+00 1.255407540460078053e+01 1.686359720199751422e+01 -1.049643752805035035e+01 1.686359720199751422e+01 2.569864042044986974e+01
2.119017578321297535e+01 -1.476118085364140020e+00 -1.040333150209160706e+01 -1.476118085364140020e+00 1.212200552877857618e+01 1.635399488544235780e+01 -1.040333150209160706e+01 1.635399488544235780e+01 2.443209476484191356e+01
2.067614152800512883e+01 -1.518071416992810230e+00 -1.028421652937821840e+01 -1.518071416992810230e+00 1.166911790127699255e+01 1.580250986576295880e+01 -1.028421652937821840e+01 1.580250986576295880e+01 2.306548617558931014e+01
-4.169843380426085844e+01 -5.766523951227100930e+00 -6.280145601704024472e+00 -5.766523951227100930e+00 -2.391484178341805844e+01 9.289554128342814465e+00 -6.280145601704024472e+00 9.289554128342814465e+00 -3.484132391441068677e+01
-4.164964617435209249e+01 -5.814253035116922597e+00 -6.436923828152413485e+00 -5.814253035116922597e+00 -2.376689107466335216e+01 9.246664111968158295e+00 -6.436923828152413485e+00 9.246664111968158295e+00 -3.456075251156845951e+01
-4.153951958316709892e+01 -5.858711967912510588e+00 -6.583305620486187060e+00 -5.858711967912510588e+00 -2.357075761943928072e+01 9.189011159150748398e+00 -6.583305620486187060e+00 9.189011159150748398e+00 -3.414202195064674328e+01
-4.137451872246442974e+01 -5.900146483511120366e+00 -6.719990375182147702e+00 -5.900146483511120366e+00 -2.333264147299964364e+01 9.116122704703560231e+00 -6.719990375182147702e+00 9.116122704703560231e+00 -3.359535854229282847e+01
-4.115400090358971141e+01 -5.938102919333204888e+00 -6.846411014015861163e+00 -5.938102919333204888e+00 -2.305225909623222691e+01 9.027620696476967410e+00 -6.846411014015861163e+00 9.027620696476967410e+00 -3.292055435782441464e+01
-4.087904357516937637e+01 -5.972297736266545698e+00 -6.962397413519997968e+00 -5.972297736266545698e+00 -2.273117940555796679e+01 8.923127082321350656e+00 -6.962397413519997968e+00 8.923127082321350656e+00 -3.212144662656017147e+01
-4.055032723107274251e+01 -6.002371784769003682e+00 -7.067703839797303544e+00 -6.002371784769003682e+00 -2.237064997307061276e+01 8.802207102264642202e+00 -7.067703839797303544e+00 8.802207102264642202e+00 -3.120230733779083465e+01
-4.017036591809480228e+01 -6.028022623120880219e+00 -7.162179071987928580e+00 -6.028022623120880219e+00 -2.197360070292973688e+01 8.664312580689889742e+00 -7.162179071987928580e+00 8.664312580689889742e+00 -3.016716274690988087e+01
-3.974122002045099578e+01 -6.048966712209958629e+00 -7.245501765764694291e+00 -6.048966712209958629e+00 -2.154301820711736681e+01 8.508668510690368336e+00 -7.245501765764694291e+00 8.508668510690368336e+00 -2.902332816301249707e+01
-3.926549809797371182e+01 -6.064939415531502398e+00 -7.317690823735081729e+00 -6.064939415531502398e+00 -2.108175677936313619e+01 8.334802327079051665e+00 -7.317690823735081729e+00 8.334802327079051665e+00 -2.777549143275401278e+01
-1.588306148719802913e+01 4.130090376990626311e+00 7.226779918002239622e-01 4.130090376990626311e+00 -2.119019810167331386e+01 4.174894499662553216e+00 7.226779918002239622e-01 4.174894499662553216e+00 1.191385028139432656e+01
-1.586952460941209253e+01 4.170701010348431659e+00 8.169763238769760516e-01 4.170701010348431659e+00 -2.135642948948483522e+01 4.093323775504098982e+00 8.169763238769760516e-01 4.093323775504098982e+00 1.170182157607331952e+01
-1.587026030929176557e+01 4.205977819578627042e+00 9.108516285229178999e-01 4.205977819578627042e+00 -2.152328622219408061e+01 3.995420514016961189e+00 9.108516285229178999e-01 3.995420514016961189e+00 1.145137094453652793e+01
-1.588506626937013344e+01 4.235663309723326719e+00 1.003917663301222341e+00 4.235663309723326719e+00 -2.168951761000560552e+01 3.881203107698133259e+00 1.003917663301222341e+00 3.881203107698133259e+00 1.116588260623043283e+01
-1.591493568448474960e+01 4.259316060854729358e+00 1.095567475811160874e+00 4.259316060854729358e+00 -2.185481098047054971e+01 3.750763519032572990e+00 1.095567475811160874e+00 3.750763519032572990e+00 1.084583476607682151e+01
-1.596113763692804888e+01 4.276972857966820030e+00 1.185249291142981498e+00 4.276972857966820030e+00 -2.201988364097159590e+01 3.604230495499223252e+00 1.185249291142981498e+00 3.604230495499223252e+00 1.049001351927423720e+01
-1.602433425659173594e+01 4.288192281131792960e+00 1.272374549392947474e+00 4.288192281131792960e+00 -2.218486433898767984e+01 3.441732784577026028e+00 1.272374549392947474e+00 3.441732784577026028e+00 1.009882350075649882e+01
-1.610520606586450398e+01 4.293084685331601591e+00 1.356520223130248226e+00 4.293084685331601591e+00 -2.235006574696766535e+01 3.263196816278014278e+00 1.356520223130248226e+00 3.263196816278014278e+00 9.672135963044665274e+00
-1.620778102158754663e+01 4.291539715584293369e+00 1.437060967457164162e+00 4.291539715584293369e+00 -2.251993884918355704e+01 3.069358290481857932e+00 1.437060967457164162e+00 3.069358290481857932e+00 9.204837791975025496e+00
-1.633064290149250297e+01 4.283355054422960606e+00 1.513794464906785819e+00 4.283355054422960606e+00 -2.269236850848130516e+01 2.859315974835961782e+00 1.513794464906785819e+00 2.859315974835961782e+00 8.700037319539186242e+00
-1.522252058762857274e+01 9.119759002013505977e+00 -9.332784879075290974e-01 9.119759002013505977e+00 2.078147814468138677e+01 -8.988753302672368051e+00 -9.332784879075290974e-01 -8.988753302672368051e+00 2.273482077664199608e+01
-1.523784205033806316e+01 9.143838155262344003e+00 -1.152562427202770134e+00 9.143838155262344003e+00 2.077437488438766877e+01 -9.044086801213572002e+00 -1.152562427202770134e+00 -9.044086801213572002e+00 2.269979001448461275e+01
-1.525269595667379008e+01 9.157469221851304297e+00 -1.371936281185273110e+00 9.157469221851304297e+00 2.071988658390672811e+01 -9.090302950466384146e+00 -1.371936281185273110e+00 -9.090302950466384146e+00 2.258509483941285012e+01
-1.526708230663575705e+01 9.160688167655292702e+00 -1.591633828041920440e+00 9.160688167655292702e+00 2.061835491905016582e+01 -9.127078057556653690e+00 -1.591633828041920440e+00 -9.127078057556653690e+00 2.239328882854496072e+01
-1.528535297108745006e+01 9.153584907361574707e+00 -1.810594074463017122e+00 9.153584907361574707e+00 2.046632716582710643e+01 -9.153854651423360522e+00 -1.810594074463017122e+00 -9.153854651423360522e+00 2.211496690559331313e+01
-1.530574562215853440e+01 9.136393219157026735e+00 -2.029032815697992653e+00 9.136393219157026735e+00 2.026633891841834867e+01 -9.170416936817073150e+00 -2.029032815697992653e+00 -9.170416936817073150e+00 2.175926440278374230e+01
-1.533149718859045052e+01 9.109328898291082055e+00 -2.246284683061106069e+00 9.109328898291082055e+00 2.001704145651496347e+01 -9.176297357364024521e+00 -2.246284683061106069e+00 -9.176297357364024521e+00 2.132148777344117008e+01
-1.536372261250525106e+01 9.072859501137500615e+00 -2.462097915428022699e+00 9.072859501137500615e+00 1.971886637061579961e+01 -9.171316083689694310e+00 -2.462097915428022699e+00 -9.171316083689694310e+00 2.080181684694011324e+01
-1.540643208895483163e+01 9.027542498757313183e+00 -2.675141775427261948e+00 9.027542498757313183e+00 1.936997940110071070e+01 -9.154969593545411399e+00 -2.675141775427261948e+00 -9.154969593545411399e+00 2.019998187921878952e+01
-1.546363581299109313e+01 8.973701584024661670e+00 -2.885560126558442295e+00 8.973701584024661670e+00 1.896919367409783774e+01 -9.127383767493347122e+00 -2.885560126558442295e+00 -9.127383767493347122e+00 1.950834012185990574e+01
-4.044598601226238088e+01 1.193788856807171328e+01 -1.080620260418754697e+01 1.193788856807171328e+01 -4.161091398054349355e+01 -1.206414296676803666e+01 -1.080620260418754697e+01 -1.206414296676803666e+01 -5.371932846845876952e+01
-4.044420210781407121e+01 1.186144922155016346e+01 -1.071923246689050480e+01 1.186144922155016346e+01 -4.154074707224341267e+01 -1.210219959499858788e+01 -1.071923246689050480e+01 -1.210219959499858788e+01 -5.361432746899603785e+01
-4.037614519402274027e+01 1.177785507546712296e+01 -1.062054226918576916e+01 1.177785507546712296e+01 -4.140004880204628535e+01 -1.212433535557220665e+01 -1.062054226918576916e+01 -1.212433535557220665e+01 -5.331735533277355188e+01
-4.024003136644007128e+01 1.168729794750520767e+01 -1.051040055582899591e+01 1.168729794750520767e+01 -4.118749562794207009e+01 -1.213102979269542381e+01 -1.051040055582899591e+01 -1.213102979269542381e+01 -5.282426879784682683e+01
-4.003931334335312187e+01 1.159019983656616404e+01 -1.038919096218541327e+01 1.159019983656616404e+01 -4.090717326657043884e+01 -1.212258981466042229e+01 -1.038919096218541327e+01 -1.212258981466042229e+01 -5.214289402566652853e+01
-3.977232231092314407e+01 1.148665665149130177e+01 -1.025731630538851213e+01 1.148665665149130177e+01 -4.055783490299441496e+01 -1.209918805738155356e+01 -1.025731630538851213e+01 -1.209918805738155356e+01 -5.127177320184478049e+01
-3.944076544652540406e+01 1.137712875471889085e+01 -1.011508349373047011e+01 1.137712875471889085e+01 -4.014228107538014001e+01 -1.206145751921144438e+01 -1.011508349373047011e+01 -1.206145751921144438e+01 -5.021717876460304808e+01
-3.904562102034122972e+01 1.126199978161416304e+01 -9.962550072516075161e+00 1.126199978161416304e+01 -3.966114478208026384e+01 -1.200959001783270530e+01 -9.962550072516075161e+00 -1.200959001783270530e+01 -4.898177697972966627e+01
-3.859011156943854104e+01 1.114171091284712745e+01 -9.800368221866211371e+00 1.114171091284712745e+01 -3.911941328284271435e+01 -1.194410346098839604e+01 -9.800368221866211371e+00 -1.194410346098839604e+01 -4.757700018110840290e+01
-3.807703763198347247e+01 1.101683760146562285e+01 -9.628288578793481989e+00 1.101683760146562285e+01 -3.851944593516365956e+01 -1.186574593764071039e+01 -9.628288578793481989e+00 -1.186574593764071039e+01 -4.601032925836120313e+01
-1.995597414749473941e+00 9.065291374070648445e+00 1.248218223024431950e+01 9.065291374070648445e+00 -2.709619341320618702e+01 1.725547583200188839e+01 1.248218223024431950e+01 1.725547583200188839e+01 -3.223214092950571086e+01
-1.826522028444062862e+00 9.149476904063980953e+00 1.256073314968767995e+01 9.149476904063980953e+00 -2.714688637325281206e+01 1.713073593397125549e+01 1.256073314968767995e+01 1.713073593397125549e+01 -3.208147070200332962e+01
-1.615187063013861390e+00 9.223635051466736456e+00 1.261622664964365370e+01 9.223635051466736456e+00 -2.713454212777162056e+01 1.697900921699076093e+01 1.261622664964365370e+01 1.697900921699076093e+01 -3.180383638809533053e+01
-1.368283618486961339e+00 9.287320978603920807e+00 1.264823642734037179e+01 9.287320978603920807e+00 -2.706542547401884136e+01 1.680011033202914916e+01 1.264823642734037179e+01 1.680011033202914916e+01 -3.141048867397853428e+01
-1.086831114535232734e+00 9.340089847800534528e+00 1.265589134233095869e+01 9.340089847800534528e+00 -2.693918424883509388e+01 1.659379832534579791e+01 1.265589134233095869e+01 1.659379832534579791e+01 -3.090194653694043225e+01
-7.727386461805411111e-01 9.381330007253454895e+00 1.263841292868417021e+01 9.381330007253454895e+00 -2.675687494169849856e+01 1.635975810358758409e+01 1.263841292868417021e+01 1.635975810358758409e+01 -3.028199109721850846e+01
-4.281191923791258791e-01 9.410781968318934432e+00 1.259511539498438459e+01 9.410781968318934432e+00 -2.651942429776529764e+01 1.609769310830450451e+01 1.259511539498438459e+01 1.609769310830450451e+01 -2.955444054485649019e+01
-5.532668582785050387e-02 9.428037963128224064e+00 1.252538708942847911e+01 9.428037963128224064e+00 -2.622829657438236950e+01 1.580738092065907274e+01 1.252538708942847911e+01 1.580738092065907274e+01 -2.872363204718561391e+01
3.427844983920492750e-01 9.432690223812574715e+00 1.242859782531021118e+01 9.432690223812574715e+00 -2.588571595992469554e+01 1.548833963317003182e+01 1.242859782531021118e+01 1.548833963317003182e+01 -2.779462563275897224e+01
7.638233577774603544e-01 9.424442191921990286e+00 1.230433983476082815e+01 9.424442191921990286e+00 -2.549348033999538998e+01 1.514016147796863265e+01 1.230433983476082815e+01 1.514016147796863265e+01 -2.677233305090466686e+01
5.389946673593728832e+01 8.064239136586525802e+00 -2.553831413775915493e+00 8.064239136586525802e+00 5.045214398545545720e+01 -2.304029190254043158e+01 -2.553831413775915493e+00 -2.304029190254043158e+01 7.170409201510706509e+01
5.374367745579409217e+01 8.070585729148060494e+00 -2.447879049484558589e+00 8.070585729148060494e+00 5.037595084473011298e+01 -2.282649850968337546e+01 -2.447879049484558589e+00 -2.282649850968337546e+01 7.141432667643967136e+01
5.346085423445943263e+01 8.065226006207353748e+00 -2.326204831233797066e+00 8.065226006207353748e+00 5.018461724324363615e+01 -2.257067808297379585e+01 -2.326204831233797066e+00 -2.257067808297379585e+01 7.082072459951136523e+01
5.305120125185484881e+01 8.048347132692494910e+00 -2.190135928513710084e+00 8.048347132692494910e+00 4.987628854670860079e+01 -2.227444704679063747e+01 -2.190135928513710084e+00 -2.227444704679063747e+01 6.992823714741973617e+01
5.252293674982277594e+01 8.020119258538109364e+00 -2.041067570788227759e+00 8.020119258538109364e+00 4.945724328771268574e+01 -2.193896242068935720e+01 -2.041067570788227759e+00 -2.193896242068935720e+01 6.874574614675225348e+01
5.187648610319975262e+01 7.981359103430398783e+00 -1.881126632240170071e+00 7.981359103430398783e+00 4.892523548711884729e+01 -2.156667436372855917e+01 -1.881126632240170071e+00 -2.156667436372855917e+01 6.727690982110335938e+01
5.111737918486113585e+01 7.932679207134015975e+00 -1.712627151980445461e+00 7.932679207134015975e+00 4.828348097869150024e+01 -2.116008407994723939e+01 -1.712627151980445461e+00 -2.116008407994723939e+01 6.553263478128255315e+01
5.025124795764301666e+01 7.875185544224028611e+00 -1.538019289067661610e+00 7.875185544224028611e+00 4.753511052122775027e+01 -2.072222023818174108e+01 -1.538019289067661610e+00 -2.072222023818174108e+01 6.352427002792936861e+01
4.928586827355778865e+01 7.809967074282038624e+00 -1.359957382481978394e+00 7.809967074282038624e+00 4.668541577769445894e+01 -2.025667300205265420e+01 -1.359957382481978394e+00 -2.025667300205265420e+01 6.127003861904218951e+01
4.823012195919290690e+01 7.738350966798126507e+00 -1.181163831177405088e+00 7.738350966798126507e+00 4.574072632565970764e+01 -1.976740686503676159e+01 -1.181163831177405088e+00 -1.976740686503676159e+01 5.878746599788747318e+01
4.237875796376511772e+01 4.509175143957275367e+00 -2.990633995757626673e-01 4.509175143957275367e+00 1.036647024268306794e+01 1.874706577615466685e+01 -2.990633995757626673e-01 1.874706577615466685e+01 4.600468089680060757e+01
4.235966099678443442e+01 4.532171949433102753e+00 -2.219410329229871692e-01 4.532171949433102753e+00 1.050619988203809640e+01 1.863556187371065320e+01 -2.219410329229871692e-01 1.863556187371065320e+01 4.614694630558072674e+01
4.224567378911033444e+01 4.545602783353587029e+00 -1.456755814552425643e-01 4.545602783353587029e+00 1.059465451481128007e+01 1.847304528565980775e+01 -1.456755814552425643e-01 1.847304528565980775e+01 4.609073966466871042e+01
4.203602686588278914e+01 4.549502621848726669e+00 -7.066927066754323528e-02 4.549502621848726669e+00 1.062751458894746115e+01 1.826033795105714930e+01 -7.066927066754323528e-02 1.826033795105714930e+01 4.583011503196433267e+01
4.173365822202190856e+01 4.543714072333519205e+00 3.340220415120207387e-03 4.543714072333519205e+00 1.060519981800665867e+01 1.799717754892767729e+01 3.340220415120207387e-03 1.799717754892767729e+01 4.536981167308276497e+01
4.133704639587263330e+01 4.528814240952981685e+00 7.570583338772449156e-02 4.528814240952981685e+00 1.052031275049360382e+01 1.768564515900646938e+01 7.570583338772449156e-02 1.768564515900646938e+01 4.470202991103373336e+01
4.085556499027530464e+01 4.504698199317114238e+00 1.467073772902796891e-01 4.504698199317114238e+00 1.037962126756354131e+01 1.732516367514849520e+01 1.467073772902796891e-01 1.732516367514849520e+01 4.384348833595782935e+01
4.028790240035487358e+01 4.472310302935948556e+00 2.158551863027681761e-01 4.472310302935948556e+00 1.017497593092617691e+01 1.691798905773884343e+01 2.158551863027681761e-01 1.691798905773884343e+01 4.278712176959481894e+01
3.963892030818151824e+01 4.432087753434501565e+00 2.830443320351861414e-01 4.432087753434501565e+00 9.906569109296516018e+00 1.646527551906754994e+01 2.830443320351861414e-01 1.646527551906754994e+01 4.154349300320506444e+01
3.891342793163040881e+01 4.384852489867801850e+00 3.483097906175349756e-01 4.384852489867801850e+00 9.573299054579523570e+00 1.596873688950468129e+01 3.483097906175349756e-01 1.596873688950468129e+01 4.011601220946369040e+01
-2.925255445260467368e+01 -9.198793101315946075e+00 -9.027231079702245253e+00 -9.198793101315946075e+00 -4.018168714068131209e+01 5.197300034121471235e+00 -9.027231079702245253e+00 5.197300034121471235e+00 -3.107737801994970894e+01
-2.917632778905355195e+01 -9.237407799828689647e+00 -8.958515457459085951e+00 -9.237407799828689647e+00 -4.023367792535207599e+01 5.183469879975064920e+00 -8.958515457459085951e+00 5.183469879975064920e+00 -3.105859095693003269e+01
-2.905984043053176435e+01 -9.267527643058620868e+00 -8.874342604111118860e+00 -9.267527643058620868e+00 -4.023084000042462804e+01 5.159404276590346505e+00 -8.874342604111118860e+00 5.159404276590346505e+00 -3.091832178751627325e+01
-2.890330049153399372e+01 -9.289001275009606928e+00 -8.774655761159795730e+00 -9.289001275009606928e+00 -4.017311660740043067e+01 5.125197821464896997e+00 -8.774655761159795730e+00 5.125197821464896997e+00 -3.065706241869584403e+01
-2.870776746403315727e+01 -9.301998971177297904e+00 -8.659700882098830377e+00 -9.301998971177297904e+00 -4.006145372125529747e+01 5.080793756100169034e+00 -8.659700882098830377e+00 5.080793756100169034e+00 -3.027738590240297611e+01
-2.847430084000216155e+01 -9.306407214564591968e+00 -8.529667161923379481e+00 -9.306407214564591968e+00 -3.989700543145971778e+01 5.026229919495192711e+00 -8.529667161923379481e+00 5.026229919495192711e+00 -2.978209232456606514e+01
-2.820447093790085802e+01 -9.302396280667140971e+00 -8.384649198131031156e+00 -9.302396280667140971e+00 -3.968134205647355373e+01 4.961468472650938821e+00 -8.384649198131031156e+00 4.961468472650938821e+00 -2.917320607163336277e+01
-2.790047241967313951e+01 -9.290041847483005100e+00 -8.224760507718880120e+00 -9.290041847483005100e+00 -3.941690421173439063e+01 4.886339140071758180e+00 -8.224760507718880120e+00 4.886339140071758180e+00 -2.845704625644330221e+01
-2.756302422630062310e+01 -9.269324995512668863e+00 -8.050095688184507381e+00 -9.269324995512668863e+00 -3.910420272372918049e+01 4.800690565761521533e+00 -8.050095688184507381e+00 4.800690565761521533e+00 -2.763223175553120470e+01
-2.719494536321123235e+01 -9.240283563755166796e+00 -7.860616900528880180e+00 -9.240283563755166796e+00 -3.874671878036891570e+01 4.704314635225548713e+00 -7.860616900528880180e+00 4.704314635225548713e+00 -2.670818447965617182e+01
-3.748715566329568816e+01 9.470861027472640359e+00 -1.923127926167990154e+01 9.470861027472640359e+00 -1.689008754238586008e+01 5.466490788165319969e+00 -1.923127926167990154e+01 5.466490788165319969e+00 -2.153746853082314772e+01
-3.735267355155463775e+01 9.376515558249264970e+00 -1.927786175154868431e+01 9.376515558249264970e+00 -1.684582855563201775e+01 5.494635156541390231e+00 -1.927786175154868431e+01 5.494635156541390231e+00 -2.128098376761965582e+01
-3.717292060492904682e+01 9.276548710522012797e+00 -1.929650599025320545e+01 9.276548710522012797e+00 -1.676930285626592365e+01 5.510093947427047389e+00 -1.929650599025320545e+01 5.510093947427047389e+00 -2.093279558308961441e+01
-3.694971440246850136e+01 9.171316504929464486e+00 -1.928700586058165456e+01 9.171316504929464486e+00 -1.666200947855529080e+01 5.512567353968752748e+00 -1.928700586058165456e+01 5.512567353968752748e+00 -2.049599573541014408e+01
-3.668504116457770436e+01 9.061643410318854563e+00 -1.924906155568049471e+01 9.061643410318854563e+00 -1.652589716704811806e+01 5.501849258954696786e+00 -1.924906155568049471e+01 5.501849258954696786e+00 -1.997633676858355400e+01
-3.638034371173930737e+01 8.948185254182300596e+00 -1.918248569626626221e+01 8.948185254182300596e+00 -1.636180912851999736e+01 5.477602379674647359e+00 -1.918248569626626221e+01 5.477602379674647359e+00 -1.937576742715785016e+01
-3.603704612650763295e+01 8.831654077796965652e+00 -1.908665993070353295e+01 8.831654077796965652e+00 -1.617148799030712070e+01 5.439470695490025598e+00 -1.908665993070353295e+01 5.439470695490025598e+00 -1.869758558652197067e+01
-3.565842754634328315e+01 8.712705708654960191e+00 -1.896145309349387986e+01 8.712705708654960191e+00 -1.595731346930946515e+01 5.387210613332330311e+00 -1.896145309349387986e+01 5.387210613332330311e+00 -1.794765621824829438e+01
-3.524493768152654383e+01 8.592108401818485675e+00 -1.880598450200503535e+01 8.592108401818485675e+00 -1.572089702736480987e+01 5.320353684992904952e+00 -1.880598450200503535e+01 5.320353684992904952e+00 -1.712841525302183499e+01
-3.480039906944007555e+01 8.470536722708006394e+00 -1.861999182524014529e+01 8.470536722708006394e+00 -1.546469333308651350e+01 5.238581365689864100e+00 -1.861999182524014529e+01 5.238581365689864100e+00 -1.624610242098189516e+01
3.417186120464614163e+01 -6.153261888619416808e+00 -1.653537394246655268e+01 -6.153261888619416808e+00 4.019414301069493689e+01 -1.663983081937179165e+01 -1.653537394246655268e+01 -1.663983081937179165e+01 2.324814668340628998e+01
3.393306533526646973e+01 -6.088903086420885735e+00 -1.672321184190644772e+01 -6.088903086420885735e+00 4.026168668601470557e+01 -1.674449654041612945e+01 -1.672321184190644772e+01 -1.674449654041612945e+01 2.303489941370953531e+01
3.367190573932511199e+01 -6.018748859362401227e+00 -1.687330116320448070e+01 -6.018748859362401227e+00 4.030255052256477200e+01 -1.682679853489878496e+01 -1.687330116320448070e+01 -1.682679853489878496e+01 2.274639863922466887e+01
3.338973990372619483e+01 -5.943095069974350331e+00 -1.698571152107368221e+01 -5.943095069974350331e+00 4.031482011573675095e+01 -1.688598844465465376e+01 -1.698571152107368221e+01 -1.688598844465465376e+01 2.238107802890845832e+01
