-6.701542056216422405e-02 -5.392336322622064138e-02 -4.504825032500364701e-01 -5.392336322622064138e-02 -7.540591034652585622e-03 7.799177249989592831e-01 -4.504825032500364701e-01 7.799177249989592831e-01 3.099056334577362515e-01
9.419409760073216287e-02 -2.298343214638713661e-02 -4.953643904155226041e-01 -2.298343214638713661e-02 -5.670813785292687370e-02 7.847639561675129327e-01 -4.953643904155226041e-01 7.847639561675129327e-01 4.475892309106013767e-01
2.627272113728235103e-01 1.036153156560175315e-02 -5.431937987768081788e-01 1.036153156560175315e-02 -9.567689967469263090e-02 7.868073297572388825e-01 -5.431937987768081788e-01 7.868073297572388825e-01 5.976958164709158527e-01
4.381680128553160358e-01 4.580411772368105094e-02 -5.938622306211643886e-01 4.580411772368105094e-02 -1.235969777502408107e-01 7.861563434808660489e-01 -5.938622306211643886e-01 7.861563434808660489e-01 7.595744038623065686e-01
6.184369625542408544e-01 8.298266728542137705e-02 -6.470441928104048168e-01 8.298266728542137705e-02 -1.411916901644301725e-01 7.831003245723378026e-01 -6.470441928104048168e-01 7.831003245723378026e-01 9.309103752132257270e-01
8.019789265871514194e-01 1.214631893999074536e-01 -7.024503581105859817e-01 1.214631893999074536e-01 -1.488046130075686424e-01 7.778381855049902871e-01 -7.024503581105859817e-01 7.778381855049902871e-01 1.109588025125461064e+00
9.868047802206864061e-01 1.607393614077382016e-01 -7.596648186229139066e-01 1.607393614077382016e-01 -1.473941427420940586e-01 7.707858341776173683e-01 -7.596648186229139066e-01 7.707858341776173683e-01 1.293039574397764513e+00
1.170599905583297629e+00 2.003952754101197831e-01 -8.183078323528379938e-01 2.003952754101197831e-01 -1.382441689686307318e-01 7.623410955368913333e-01 -8.183078323528379938e-01 7.623410955368913333e-01 1.478172838217364449e+00
1.351031601851315544e+00 2.398161110349222302e-01 -8.778911595930785072e-01 2.398161110349222302e-01 -1.226928301441673475e-01 7.529922092900918074e-01 -8.778911595930785072e-01 7.529922092900918074e-01 1.662130710149068769e+00
1.526400071525322311e+00 2.785859603833518716e-01 -9.380169753969630486e-01 2.785859603833518716e-01 -1.018251033959921004e-01 7.432274151444985266e-01 -9.380169753969630486e-01 7.432274151444985266e-01 1.841965668997078476e+00
-2.071633508353480835e+01 3.021879378991502385e+00 -4.840024727128276538e+01 3.021879378991502385e+00 -3.647799873919245073e+01 -2.250064544392338561e+01 -4.840024727128276538e+01 -2.250064544392338561e+01 6.502471142506179547e+01
-2.066213188008469004e+01 3.024760366977266912e+00 -4.840676642999414270e+01 3.024760366977266912e+00 -3.630953481351203749e+01 -2.231072185132336827e+01 -4.840676642999414270e+01 -2.231072185132336827e+01 6.527275340991309349e+01
-2.075149791125850030e+01 3.004445708103285373e+00 -4.825978063910503835e+01 3.004445708103285373e+00 -3.622925497521640636e+01 -2.204681596467864679e+01 -4.825978063910503835e+01 -2.204681596467864679e+01 6.520168903959756790e+01
-2.098592907466424151e+01 2.962652914437995388e+00 -4.796146910747648207e+01 2.962652914437995388e+00 -3.624094513800478978e+01 -2.170959262737056150e+01 -4.796146910747648207e+01 -2.170959262737056150e+01 6.480943144461269867e+01
-2.136265518954637344e+01 2.900693204872353270e+00 -4.751578395965304225e+01 2.900693204872353270e+00 -3.634669217137971486e+01 -2.130158193782250109e+01 -4.751578395965304225e+01 -2.130158193782250109e+01 6.409793821935907943e+01
-2.187513862932180331e+01 2.820579577422053230e+00 -4.692532916554492317e+01 2.820579577422053230e+00 -3.654291330823066630e+01 -2.082309784985343271e+01 -4.692532916554492317e+01 -2.082309784985343271e+01 6.308146656079186698e+01
-2.251994436985366832e+01 2.725229955816267147e+00 -4.619926478951713733e+01 2.725229955816267147e+00 -3.683341293012860262e+01 -2.028019782538213889e+01 -4.619926478951713733e+01 -2.028019782538213889e+01 6.176332221794605459e+01
-2.328669346724452538e+01 2.617691538886092850e+00 -4.534615992404015117e+01 2.617691538886092850e+00 -3.721529158121603587e+01 -1.967690786044001072e+01 -4.534615992404015117e+01 -1.967690786044001072e+01 6.016021861471338639e+01
-2.416827579088849376e+01 2.501510157998624528e+00 -4.437940377609909604e+01 2.501510157998624528e+00 -3.768936184784794108e+01 -1.902111373624449442e+01 -4.437940377609909604e+01 -1.902111373624449442e+01 5.828436301428997268e+01
-2.513987052121589727e+01 2.379954626445403232e+00 -4.331013247233124730e+01 2.379954626445403232e+00 -3.823998144269134514e+01 -1.831783871389897556e+01 -4.331013247233124730e+01 -1.831783871389897556e+01 5.618463987307529095e+01
-7.398676030617673405e+01 -2.960362101263675072e+01 -3.605908207115681385e+00 -2.960362101263675072e+01 -4.617021129764388832e+01 -1.174111857529529956e+01 -3.605908207115681385e+00 -1.174111857529529956e+01 -5.827541317522221931e+01
-7.391920212193237205e+01 -2.958503263504202607e+01 -3.744086423135962516e+00 -2.958503263504202607e+01 -4.612290081481778969e+01 -1.178376714833143701e+01 -3.744086423135962516e+00 -1.178376714833143701e+01 -5.808632927475814967e+01
-7.378408575344363385e+01 -2.955597471427493161e+01 -3.880190484376811355e+00 -2.955597471427493161e+01 -4.601067916432297977e+01 -1.181521528555864187e+01 -3.880190484376811355e+00 -1.181521528555864187e+01 -5.770132663998541744e+01
-7.358105563131975657e+01 -2.951646700419050617e+01 -4.015326606720591940e+00 -2.951646700419050617e+01 -4.583354634615945145e+01 -1.183581855636766988e+01 -4.015326606720591940e+00 -1.183581855636766988e+01 -5.712131394823595798e+01
-7.331030929411119246e+01 -2.946631196623832594e+01 -4.149257743906797913e+00 -2.946631196623832594e+01 -4.559181842200788282e+01 -1.184533991449801604e+01 -4.149257743906797913e+00 -1.184533991449801604e+01 -5.634708135371145232e+01
-7.297295295770027224e+01 -2.940550960041839446e+01 -4.282161680630807155e+00 -2.940550960041839446e+01 -4.528693742328636773e+01 -1.184364108296438545e+01 -4.282161680630807155e+00 -1.184364108296438545e+01 -5.538400190498339271e+01
-7.257068545362064071e+01 -2.933392162974541151e+01 -4.413228508835891795e+00 -2.933392162974541151e+01 -4.492070095080373449e+01 -1.182983313828987804e+01 -4.413228508835891795e+00 -1.182983313828987804e+01 -5.423703381966736714e+01
-7.210581798291224231e+01 -2.925107396169837060e+01 -4.543347151998951006e+00 -2.925107396169837060e+01 -4.449543995945496988e+01 -1.180403460360474810e+01 -4.543347151998951006e+00 -1.180403460360474810e+01 -5.291259710065209276e+01
-7.157771842221372083e+01 -2.915724315024785795e+01 -4.671055824846859217e+00 -2.915724315024785795e+01 -4.401105567996486201e+01 -1.176502073989637687e+01 -4.671055824846859217e+00 -1.176502073989637687e+01 -5.141023740927161612e+01
-7.099353766705033308e+01 -2.905191559516277877e+01 -4.797065666161136832e+00 -2.905191559516277877e+01 -4.347375082281665470e+01 -1.171334465510594747e+01 -4.797065666161136832e+00 -1.171334465510594747e+01 -4.975010367766897446e+01
1.023667275719243435e+02 -6.169894109612019673e-01 -6.821843819575771306e+01 -6.169894109612019673e-01 2.570223099489138008e+01 -2.755493153309355137e+01 -6.821843819575771306e+01 -2.755493153309355137e+01 6.868813070448470626e+01
1.019358081322392735e+02 -6.858400556813074589e-01 -6.790531551773486285e+01 -6.858400556813074589e-01 2.535157503496636267e+01 -2.750871974121308483e+01 -6.790531551773486285e+01 -2.750871974121308483e+01 6.771238425872638800e+01
1.012982008913100884e+02 -7.893368067726550530e-01 -6.733693255600627481e+01 -7.893368067726550530e-01 2.490688206966018825e+01 -2.737461892949380271e+01 -6.733693255600627481e+01 -2.737461892949380271e+01 6.631782752712747708e+01
1.004630938606793507e+02 -9.245415385478793491e-01 -6.652280000643850144e+01 -9.245415385478793491e-01 2.437075055695069281e+01 -2.715568610732141508e+01 -6.652280000643850144e+01 -2.715568610732141508e+01 6.451884543718620080e+01
9.944758930952147580e+01 -1.087225388023432160e+00 -6.547720089621699913e+01 -1.087225388023432160e+00 2.375033050212331887e+01 -2.685630298814874095e+01 -6.547720089621699913e+01 -2.685630298814874095e+01 6.234578729874838388e+01
9.827060672925685481e+01 -1.271766854606724229e+00 -6.422065115499684396e+01 -1.271766854606724229e+00 2.305222844212826772e+01 -2.648292325845670092e+01 -6.422065115499684396e+01 -2.648292325845670092e+01 5.983341810188356646e+01
9.695507369027822620e+01 -1.471780185358742665e+00 -6.278051101678008195e+01 -1.471780185358742665e+00 2.228339058162526243e+01 -2.604391972728501869e+01 -6.278051101678008195e+01 -2.604391972728501869e+01 5.702725331966772870e+01
9.553230755540350572e+01 -1.679979507910240644e+00 -6.118959238230650044e+01 -1.679979507910240644e+00 2.145667334341971610e+01 -2.554955035946125363e+01 -6.118959238230650044e+01 -2.554955035946125363e+01 5.398581769845148415e+01
9.403564671032228262e+01 -1.888858165880782591e+00 -5.948609088551186375e+01 -1.888858165880782591e+00 2.058585025313273675e+01 -2.501182240851700556e+01 -5.948609088551186375e+01 -2.501182240851700556e+01 5.077556722560282054e+01
9.250157146703720912e+01 -2.091469954610644333e+00 -5.771007033273429698e+01 -2.091469954610644333e+00 1.968804056332423613e+01 -2.444323564616268385e+01 -5.771007033273429698e+01 -2.444323564616268385e+01 4.746842653861300221e+01
-1.449395193482085098e+01 -1.976036976370262721e+01 -8.534230118308421709e+00 -1.976036976370262721e+01 4.064945147370243461e+01 4.054464352080360356e+01 -8.534230118308421709e+00 4.054464352080360356e+01 5.465620340002351440e+01
-1.448366447286767311e+01 -1.978780890791222191e+01 -8.255741428434575369e+00 -1.978780890791222191e+01 4.023944290385823308e+01 4.039169734076524776e+01 -8.255741428434575369e+00 4.039169734076524776e+01 5.414156424731416450e+01
-1.451085529903012272e+01 -1.979263337282819535e+01 -7.952953043947190714e+00 -1.979263337282819535e+01 3.965926552370579117e+01 4.008912180031828143e+01 -7.952953043947190714e+00 4.008912180031828143e+01 5.335219664944487761e+01
-1.457490361819033353e+01 -1.977502052848421954e+01 -7.625527961782284869e+00 -1.977502052848421954e+01 3.891642208566957351e+01 3.964243310750998717e+01 -7.625527961782284869e+00 3.964243310750998717e+01 5.229744800719036135e+01
-1.467925040900160738e+01 -1.973548474797796004e+01 -7.274867405205891480e+00 -1.973548474797796004e+01 3.802238843092840170e+01 3.906062392304773567e+01 -7.274867405205891480e+00 3.906062392304773567e+01 5.099037275502913502e+01
-1.482167854604300672e+01 -1.967524988454177048e+01 -6.902337123477314762e+00 -1.967524988454177048e+01 3.699119452914598583e+01 3.835407039390152306e+01 -6.902337123477314762e+00 3.835407039390152306e+01 4.944994948656446354e+01
-1.500612564406212002e+01 -1.959532694736760661e+01 -6.510438034071376556e+00 -1.959532694736760661e+01 3.584025811762926850e+01 3.753710401879233416e+01 -6.510438034071376556e+00 3.753710401879233416e+01 4.769829624499568155e+01
-1.523017947060096589e+01 -1.949805722089998028e+01 -6.102096742543723806e+00 -1.949805722089998028e+01 3.458948011415663615e+01 3.662457066953880513e+01 -6.102096742543723806e+00 3.662457066953880513e+01 4.576123810722593532e+01
-1.549612809909395850e+01 -1.938540951251269462e+01 -5.681162178625112524e+00 -1.938540951251269462e+01 3.326097856192740920e+01 3.563498777765665437e+01 -5.681162178625112524e+00 3.563498777765665437e+01 4.367029372823936484e+01
-1.580230425122454463e+01 -1.926055874580853455e+01 -5.252210489184370168e+00 -1.926055874580853455e+01 3.187758098427562459e+01 3.458586176546965163e+01 -5.252210489184370168e+00 3.458586176546965163e+01 4.145490653362608668e+01
-4.813611101009929172e+01 -1.771124638135522344e+00 9.598312902340401465e+00 -1.771124638135522344e+00 4.844292320656944639e+01 5.267929161167649532e+00 9.598312902340401465e+00 5.267929161167649532e+00 -4.712546926743439002e+01
-4.812386663621074945e+01 -1.817845617655874157e+00 9.620471149951399070e+00 -1.817845617655874157e+00 4.845968061252568049e+01 5.297781758533385066e+00 9.620471149951399070e+00 5.297781758533385066e+00 -4.709091867767033079e+01
-4.801335283865171988e+01 -1.864511109077032991e+00 9.638597262354386075e+00 -1.864511109077032991e+00 4.847469939137386064e+01 5.311746263496911702e+00 9.638597262354386075e+00 5.311746263496911702e+00 -4.693229669811113069e+01
-4.780566088337300812e+01 -1.911380056861899268e+00 9.652783719714683741e+00 -1.911380056861899268e+00 4.848801653518014376e+01 5.309397267297748080e+00 9.652783719714683741e+00 5.309397267297748080e+00 -4.665084256297210175e+01
-4.749855275037382540e+01 -1.957897580018544081e+00 9.662864057734712020e+00 -1.957897580018544081e+00 4.849978001220902257e+01 5.290050416712519521e+00 9.662864057734712020e+00 5.290050416712519521e+00 -4.624278308150812933e+01
-4.709428495568802475e+01 -2.004211646811481895e+00 9.668542339885442871e+00 -2.004211646811481895e+00 4.850950892560082650e+01 5.253779695873481259e+00 9.668542339885442871e+00 5.253779695873481259e+00 -4.571163250000141431e+01
-4.659122984840595194e+01 -2.049452943686691953e+00 9.669467141538657273e+00 -2.049452943686691953e+00 4.851681485866121335e+01 5.200141199987092122e+00 9.669467141538657273e+00 5.200141199987092122e+00 -4.505363612373993476e+01
-4.599301265100819336e+01 -2.094342815933680768e+00 9.665102077735490127e+00 -2.094342815933680768e+00 4.852064353750552073e+01 5.129911762442049827e+00 9.665102077735490127e+00 5.129911762442049827e+00 -4.427462020313891600e+01
-4.529907848250282854e+01 -2.137346092808113607e+00 9.655003243682395819e+00 -2.137346092808113607e+00 4.852034760097648558e+01 5.043091383238355263e+00 9.655003243682395819e+00 5.043091383238355263e+00 -4.337144041257742799e+01
-4.451368143049462844e+01 -2.179757496624490365e+00 9.638338317891486540e+00 -2.179757496624490365e+00 4.851589005700799362e+01 4.941196737087279800e+00 9.638338317891486540e+00 4.941196737087279800e+00 -4.235084780412395133e+01
-2.709773952555041276e+01 -2.542820975375306602e+01 3.697428785586544109e+01 -2.542820975375306602e+01 -9.243459952576101202e+00 4.557922687827510089e+01 3.697428785586544109e+01 4.557922687827510089e+01 -2.151815347975253090e+01
-2.718027325160561247e+01 -2.554029581827136397e+01 3.692604828379427317e+01 -2.554029581827136397e+01 -9.423723616631509259e+00 4.544460785574987227e+01 3.692604828379427317e+01 4.544460785574987227e+01 -2.190800912354593422e+01
-2.722476044210312907e+01 -2.563892184739363955e+01 3.683070792211956501e+01 -2.563892184739363955e+01 -9.598312036913840828e+00 4.524407013005775013e+01 3.683070792211956501e+01 4.524407013005775013e+01 -2.225412431944354097e+01
-2.723254523372606783e+01 -2.572468523520128159e+01 3.668897617631294850e+01 -2.572468523520128159e+01 -9.765881076739994171e+00 4.497920052922737000e+01 3.668897617631294850e+01 4.497920052922737000e+01 -2.255515493076224942e+01
-2.720301156382801011e+01 -2.579702592474298228e+01 3.650128242337041939e+01 -2.579702592474298228e+01 -9.924619885300801414e+00 4.465128718424670495e+01 3.650128242337041939e+01 4.465128718424670495e+01 -2.280874871830664574e+01
-2.713826898025881462e+01 -2.585570122467319720e+01 3.626781334894239706e+01 -2.585570122467319720e+01 -1.007393106851488263e+01 4.426165556323381622e+01 3.626781334894239706e+01 4.426165556323381622e+01 -2.301527905337758639e+01
-2.703956827687636277e+01 -2.590128986050825688e+01 3.598877430724436977e+01 -2.590128986050825688e+01 -1.021248915826418191e+01 4.381155646004658877e+01 3.598877430724436977e+01 4.381155646004658877e+01 -2.317483927880028460e+01
-2.690907500722564905e+01 -2.593336245525216555e+01 3.566405328688606602e+01 -2.593336245525216555e+01 -1.033827794952405554e+01 4.330240868562828638e+01 3.566405328688606602e+01 4.330240868562828638e+01 -2.328599191506642896e+01
-2.674826398794506588e+01 -2.595268442007169085e+01 3.529413567055861023e+01 -2.595268442007169085e+01 -1.044999064274149347e+01 4.273546303383678691e+01 3.529413567055861023e+01 4.273546303383678691e+01 -2.334970772755826118e+01
-2.656066357782775000e+01 -2.595916241214161957e+01 3.487904012682704291e+01 -2.595916241214161957e+01 -1.054540567867637080e+01 4.211269837256665483e+01 3.487904012682704291e+01 4.211269837256665483e+01 -2.336510929371875278e+01
6.281961748475852403e+01 3.241921609037956564e+00 -5.676043065427871426e+01 3.241921609037956564e+00 -1.155371589307648827e+00 1.349226197377052472e+01 -5.676043065427871426e+01 1.349226197377052472e+01 9.757087640578218668e+01
6.245780114634273872e+01 3.159621975567283414e+00 -5.654227847249723027e+01 3.159621975567283414e+00 -1.567841867919050003e+00 1.356878101708179329e+01 -5.654227847249723027e+01 1.356878101708179329e+01 9.666535476891988310e+01
6.181914140894145504e+01 3.079839415889744636e+00 -5.609326722606137139e+01 3.079839415889744636e+00 -2.117900607802029711e+00 1.362162220760799691e+01 -5.609326722606137139e+01 1.362162220760799691e+01 9.523872942036044265e+01
6.091504322070699828e+01 3.004413997743768494e+00 -5.542193760673816882e+01 3.004413997743768494e+00 -2.799524190982674021e+00 1.364946625149893933e+01 -5.542193760673816882e+01 1.364946625149893933e+01 9.330938367835854308e+01
5.976244909213659895e+01 2.934717092368372970e+00 -5.454118744782622485e+01 2.934717092368372970e+00 -3.604883650007856044e+00 1.365118480533011258e+01 -5.454118744782622485e+01 1.365118480533011258e+01 9.090616841632240153e+01
5.838609578292140867e+01 2.872206866650614199e+00 -5.347023330580140055e+01 2.872206866650614199e+00 -4.523476711464845756e+00 1.362622237695406824e+01 -5.347023330580140055e+01 1.362622237695406824e+01 8.807189124786486900e+01
5.681854902020568687e+01 2.817890150107746905e+00 -5.223365570818837256e+01 2.817890150107746905e+00 -5.539558644799349452e+00 1.357428386116747276e+01 -5.223365570818837256e+01 1.357428386116747276e+01 8.486430599719118106e+01
5.510030765336448866e+01 2.772270357498397342e+00 -5.086257957437396016e+01 2.772270357498397342e+00 -6.635249546515314734e+00 1.349660175617248115e+01 -5.086257957437396016e+01 1.349660175617248115e+01 8.135764030250436463e+01
5.327376267690010536e+01 2.735833544451583776e+00 -4.939333756262732322e+01 2.735833544451583776e+00 -7.792773667894334011e+00 1.339505084796673451e+01 -4.939333756262732322e+01 1.339505084796673451e+01 7.763049630266863232e+01
5.138830081454677412e+01 2.708041577949464429e+00 -4.786323444247567238e+01 2.708041577949464429e+00 -8.987498404022909781e+00 1.327228708338023644e+01 -4.786323444247567238e+01 1.327228708338023644e+01 7.377583213673386808e+01
-6.902413590746087380e+01 -1.691181073156067782e+01 1.767975025337992534e+01 -1.691181073156067782e+01 -2.994345675685485375e+01 4.092414630924527330e+01 1.767975025337992534e+01 4.092414630924527330e+01 2.917481096966046294e+01
-6.907534969128531088e+01 -1.677414624816825750e+01 1.778275046863027242e+01 -1.677414624816825750e+01 -3.005506577438056937e+01 4.079906098483171917e+01 1.778275046863027242e+01 4.079906098483171917e+01 2.900085971658848294e+01
-6.912541817990683057e+01 -1.662888463992972277e+01 1.785276618203618071e+01 -1.662888463992972277e+01 -3.027465704128938739e+01 4.055448319424560566e+01 1.785276618203618071e+01 4.055448319424560566e+01 2.867769558682785558e+01
-6.917390234349761613e+01 -1.647730481982168271e+01 1.789025551167881645e+01 -1.647730481982168271e+01 -3.059677131711399412e+01 4.019335252850778772e+01 1.789025551167881645e+01 4.019335252850778772e+01 2.820968979040310032e+01
-6.922108850585840401e+01 -1.632154467222293803e+01 1.789540934009201223e+01 -1.632154467222293803e+01 -3.101463227190371441e+01 3.971990657986910378e+01 1.789540934009201223e+01 3.971990657986910378e+01 2.760319871569048900e+01
-6.926762566760419304e+01 -1.616326487517774524e+01 1.786832310854267192e+01 -1.616326487517774524e+01 -3.152018466273125341e+01 3.914031085417200728e+01 1.786832310854267192e+01 3.914031085417200728e+01 2.686610581133687603e+01
-6.931215856274486953e+01 -1.600456513655814206e+01 1.780897772877741403e+01 -1.600456513655814206e+01 -3.210228094962141654e+01 3.846074994551234738e+01 1.780897772877741403e+01 3.846074994551234738e+01 2.601282270864581747e+01
-6.936438402399856784e+01 -1.584869045943910315e+01 1.771827034870520379e+01 -1.584869045943910315e+01 -3.275521374481291303e+01 3.769431839571029030e+01 1.771827034870520379e+01 3.769431839571029030e+01 2.503880640331234630e+01
-6.941750663316123848e+01 -1.569684340378371168e+01 1.759610552705913022e+01 -1.569684340378371168e+01 -3.346214720882265681e+01 3.684706718108800061e+01 1.759610552705913022e+01 3.684706718108800061e+01 2.397299468746388129e+01
-6.947746283703472159e+01 -1.555125729523768108e+01 1.744341858825491798e+01 -1.555125729523768108e+01 -3.421326997941218195e+01 3.593178543141156212e+01 1.744341858825491798e+01 3.593178543141156212e+01 2.282266018563904453e+01
-9.916282946160512779e+01 -1.322584835937786529e+01 -4.911152530888355905e+00 -1.322584835937786529e+01 -9.026138852864963269e+01 3.008721139143306900e+01 -4.911152530888355905e+00 3.008721139143306900e+01 -3.900590893127077408e+01
-9.911112105237089054e+01 -1.320167273336613256e+01 -4.786896773148114015e+00 -1.320167273336613256e+01 -9.029297446509002611e+01 2.996072435237590881e+01 -4.786896773148114015e+00 2.996072435237590881e+01 -3.898234741938296111e+01
-9.901362019996285824e+01 -1.317360771790289142e+01 -4.653286010253459004e+00 -1.317360771790289142e+01 -9.028147006050188850e+01 2.979794316859495140e+01 -4.653286010253459004e+00 2.979794316859495140e+01 -3.882292339281278970e+01
-9.886913961707477938e+01 -1.314153049016335828e+01 -4.510770592561932801e+00 -1.314153049016335828e+01 -9.022617931887809561e+01 2.959905207432737839e+01 -4.510770592561932801e+00 2.959905207432737839e+01 -3.852671568037435179e+01
-9.868023811255632438e+01 -1.310505211120238656e+01 -4.359923693255863597e+00 -1.310505211120238656e+01 -9.013076645449139335e+01 2.936421483333955962e+01 -4.359923693255863597e+00 2.936421483333955962e+01 -3.810170776567864692e+01
-9.844364041107995433e+01 -1.306474575420229911e+01 -4.201871188229108434e+00 -1.306474575420229911e+01 -8.998986820399287012e+01 2.909521237659087589e+01 -4.201871188229108434e+00 2.909521237659087589e+01 -3.753447101988258794e+01
-9.816374766386704209e+01 -1.301966977750641341e+01 -4.036879193602033844e+00 -1.301966977750641341e+01 -8.980964617909252468e+01 2.879128729666182096e+01 -4.036879193602033844e+00 2.879128729666182096e+01 -3.683982606384348202e+01
-9.784320056165049095e+01 -1.296988559252712747e+01 -3.865766528206534325e+00 -1.296988559252712747e+01 -8.959323236182237338e+01 2.845284900296833897e+01 -3.865766528206534325e+00 2.845284900296833897e+01 -3.602628861341306532e+01
-9.747763889415044503e+01 -1.291613013621314465e+01 -3.689986595469227026e+00 -1.291613013621314465e+01 -8.933366679211128769e+01 2.808280430236367309e+01 -3.689986595469227026e+00 2.808280430236367309e+01 -3.507451407368776586e+01
-9.707437061944159495e+01 -1.285709329843343340e+01 -3.509744100098085795e+00 -1.285709329843343340e+01 -8.904063200264644706e+01 2.767978167330438311e+01 -3.509744100098085795e+00 2.767978167330438311e+01 -3.400978347610239894e+01
1.361927697815987131e+02 6.004877572198834912e+01 5.994633594584288794e+00 6.004877572198834912e+01 1.362224131084852274e+02 -4.753137167864824875e+01 5.994633594584288794e+00 -4.753137167864824875e+01 5.116855410918498492e+00
1.361854363582348242e+02 6.009582370699185105e+01 6.029573282789169042e+00 6.009582370699185105e+01 1.364159828922993825e+02 -4.751424406096946029e+01 6.029573282789169042e+00 -4.751424406096946029e+01 5.277848498500593344e+00
1.361661576030359413e+02 6.010506382043035245e+01 6.083139866338348689e+00 6.010506382043035245e+01 1.365800397211979487e+02 -4.741336874847495864e+01 6.083139866338348689e+00 -4.741336874847495864e+01 5.366094026312825171e+00
1.361351290739584670e+02 6.007579531296022424e+01 6.152839981288102500e+00 6.007579531296022424e+01 1.367134591369317889e+02 -4.722864796218656380e+01 6.152839981288102500e+00 -4.722864796218656380e+01 5.375285250262243686e+00
1.360944041295443014e+02 6.000888189888875246e+01 6.236832123549273632e+00 6.000888189888875246e+01 1.368159152095736033e+02 -4.696153209028069142e+01 6.236832123549273632e+00 -4.696153209028069142e+01 5.319746790652993162e+00
1.360496050610390739e+02 5.990253096361587382e+01 6.331254023483543492e+00 5.990253096361587382e+01 1.368921665160617920e+02 -4.661107593596821630e+01 6.331254023483543492e+00 -4.661107593596821630e+01 5.191688922222980729e+00
1.359851035284294767e+02 5.976275591429999423e+01 6.434378252476305349e+00 5.976275591429999423e+01 1.369219076219264650e+02 -4.618213585516567576e+01 6.434378252476305349e+00 -4.618213585516567576e+01 4.982115978979157589e+00
1.359181086318762084e+02 5.958636263765371410e+01 6.542326244392875800e+00 5.958636263765371410e+01 1.369250528457247640e+02 -4.567412517400395444e+01 6.542326244392875800e+00 -4.567412517400395444e+01 4.719742387515272419e+00
1.358442692068499582e+02 5.937493189382436753e+01 6.651154247113112206e+00 5.937493189382436753e+01 1.368945458045309636e+02 -4.508857576314129290e+01 6.651154247113112206e+00 -4.508857576314129290e+01 4.386821263290694439e+00
1.357668282561271837e+02 5.913054963434657907e+01 6.757048880487791287e+00 5.913054963434657907e+01 1.368340369135306389e+02 -4.442755727761594642e+01 6.757048880487791287e+00 -4.442755727761594642e+01 3.992429754780293383e+00
-6.971198792585687443e+01 -1.132589308187692012e+01 5.116117804807580427e+01 -1.132589308187692012e+01 -6.688829223434801463e+01 1.198499041353697514e+01 5.116117804807580427e+01 1.198499041353697514e+01 1.899473240721793132e+01
-6.991716368118061098e+01 -1.133397824870578319e+01 5.089741412732553982e+01 -1.133397824870578319e+01 -6.693133500654803925e+01 1.202000660707356694e+01 5.089741412732553982e+01 1.202000660707356694e+01 1.859373547365024493e+01
-7.016499162093485609e+01 -1.132147944008145402e+01 5.052532068870161197e+01 -1.132147944008145402e+01 -6.700267586264908459e+01 1.204965221877939641e+01 5.052532068870161197e+01 1.204965221877939641e+01 1.808792431213448637e+01
-7.045289386584084923e+01 -1.128859194988869241e+01 5.004710455310174666e+01 -1.128859194988869241e+01 -6.710143598016975375e+01 1.207408348376226215e+01 5.004710455310174666e+01 1.207408348376226215e+01 1.748116574158879999e+01
-7.078010876974806820e+01 -1.123734683452894778e+01 4.946694500965971031e+01 -1.123734683452894778e+01 -6.722802547626803005e+01 1.209294887302960575e+01 4.946694500965971031e+01 1.209294887302960575e+01 1.677478776042953257e+01
-7.114243751413422956e+01 -1.116850574015276898e+01 4.878738087887732178e+01 -1.116850574015276898e+01 -6.737959306022648320e+01 1.210568203431563816e+01 4.878738087887732178e+01 1.210568203431563816e+01 1.597902376821784287e+01
-7.153796621892877283e+01 -1.108423642888093497e+01 4.801524744672099843e+01 -1.108423642888093497e+01 -6.755824790600046015e+01 1.211197049740475506e+01 4.801524744672099843e+01 1.211197049740475506e+01 1.509692034955591566e+01
-7.196245700683249424e+01 -1.098645278078404530e+01 4.715431388516652333e+01 -1.098645278078404530e+01 -6.775969354812535528e+01 1.211029096999586052e+01 4.715431388516652333e+01 1.211029096999586052e+01 1.413902337422052469e+01
-7.241356635122835428e+01 -1.087792796902562564e+01 4.621516512276762967e+01 -1.087792796902562564e+01 -6.798637116016062976e+01 1.210052627575810469e+01 4.621516512276762967e+01 1.210052627575810469e+01 1.310916060235287439e+01
-7.288527920046587383e+01 -1.076086881450340549e+01 4.520258585970080389e+01 -1.076086881450340549e+01 -6.823306639538330387e+01 1.208095782850564248e+01 4.520258585970080389e+01 1.208095782850564248e+01 1.202244778063300856e+01
-8.178029542264100371e+01 1.403565803506188558e+01 2.449934309489345097e+01 1.403565803506188558e+01 -5.487849209173901066e+00 -3.936692133797115645e+01 2.449934309489345097e+01 -3.936692133797115645e+01 -9.919057165330939085e+01
-8.175841112444889802e+01 1.405106616537270625e+01 2.449490682087079918e+01 1.405106616537270625e+01 -5.496939609961389195e+00 -3.915942650343843212e+01 2.449490682087079918e+01 -3.915942650343843212e+01 -9.919225506086263522e+01
-8.163397759907243767e+01 1.406778141213662892e+01 2.449150039617483543e+01 1.406778141213662892e+01 -5.448001962149002786e+00 -3.890251870601946393e+01 2.449150039617483543e+01 -3.890251870601946393e+01 -9.894675482521620324e+01
-8.140226150056781762e+01 1.408570475137993405e+01 2.448950011190569143e+01 1.408570475137993405e+01 -5.337748669809241342e+00 -3.859655443201963720e+01 2.448950011190569143e+01 -3.859655443201963720e+01 -9.844567371339864792e+01
-8.106359951044568390e+01 1.410560857009764035e+01 2.448837123860528564e+01 1.410560857009764035e+01 -5.165704417868246523e+00 -3.824256353076566484e+01 2.448837123860528564e+01 -3.824256353076566484e+01 -9.768762538977789234e+01
-8.061688256020036647e+01 1.412701755321588770e+01 2.448759885161027228e+01 1.412701755321588770e+01 -4.930542285078174380e+00 -3.784242745775819827e+01 2.448759885161027228e+01 -3.784242745775819827e+01 -9.667352087491215684e+01
-8.006597258480695700e+01 1.415086252608764461e+01 2.448676705023102329e+01 1.415086252608764461e+01 -4.634420994066116961e+00 -3.739949322330898696e+01 2.448676705023102329e+01 -3.739949322330898696e+01 -9.540926199763515569e+01
-7.941502859116165780e+01 1.417668797843380091e+01 2.448433106047751551e+01 1.417668797843380091e+01 -4.280529116785856125e+00 -3.691675135142435948e+01 2.448433106047751551e+01 -3.691675135142435948e+01 -9.390910821016255738e+01
-7.867011084645616847e+01 1.420449391025435482e+01 2.447949869055998207e+01 1.420449391025435482e+01 -3.872114639575405359e+00 -3.639950952709570942e+01 2.447949869055998207e+01 -3.639950952709570942e+01 -9.218795271814182968e+01
-7.784147823436785529e+01 1.423449817429149178e+01 2.447127970074122771e+01 1.423449817429149178e+01 -3.415554706342327940e+00 -3.585456079492023207e+01 2.447127970074122771e+01 -3.585456079492023207e+01 -9.027047229582397847e+01
8.259157850245649746e-01 -3.147482198336589221e+01 2.289771744046508317e+01 -3.147482198336589221e+01 3.060656325737788208e+01 5.197315483563308902e+01 2.289771744046508317e+01 5.197315483563308902e+01 -5.576192516946230882e+01
7.624470608268769656e-01 -3.145565161432374524e+01 2.278700810237421237e+01 -3.145565161432374524e+01 3.062321169035919155e+01 5.178199939218136905e+01 2.278700810237421237e+01 5.178199939218136905e+01 -5.589843866492926594e+01
7.825128999196098167e-01 -3.143648124528160182e+01 2.266438353014084228e+01 -3.143648124528160182e+01 3.068578494450629535e+01 5.152492638806709380e+01 2.266438353014084228e+01 5.152492638806709380e+01 -5.588140645906913306e+01
8.870087723533502944e-01 -3.141672607947172224e+01 2.252918582740128173e+01 -3.141672607947172224e+01 3.079530641416271664e+01 5.120098552854270224e+01 2.252918582740128173e+01 5.120098552854270224e+01 -5.570728322147754596e+01
1.074765084592638198e+00 -3.139625819260117723e+01 2.238103122127670375e+01 -3.139625819260117723e+01 3.095111820296475358e+01 5.081127330754768678e+01 2.238103122127670375e+01 5.081127330754768678e+01 -5.537771369306375391e+01
1.345069115576802865e+00 -3.137449278790222706e+01 2.221924354050442574e+01 -3.137449278790222706e+01 3.115318376111443754e+01 5.035602729876892880e+01 2.221924354050442574e+01 5.035602729876892880e+01 -5.489235065074690567e+01
1.694156236113582903e+00 -3.135119229168798682e+01 2.204389588468040628e+01 -3.135119229168798682e+01 3.139890805295495113e+01 4.983789736256021996e+01 2.204389588468040628e+01 4.983789736256021996e+01 -5.425737101038616572e+01
2.119870008121974347e+00 -3.132566225779677893e+01 2.185407450885507075e+01 -3.132566225779677893e+01 3.168805350479941296e+01 4.925867443902272669e+01 2.185407450885507075e+01 4.925867443902272669e+01 -5.347507740925444608e+01
2.615704567560981797e+00 -3.129777476193565988e+01 2.165063833328102660e+01 -3.129777476193565988e+01 3.201656308907170256e+01 4.862329275088416836e+01 2.165063833328102660e+01 4.862329275088416836e+01 -5.255650788634267911e+01
3.176469843117001535e+00 -3.126692673243790566e+01 2.143302083608952913e+01 -3.126692673243790566e+01 3.238288343935752067e+01 4.793588242531663468e+01 2.143302083608952913e+01 4.793588242531663468e+01 -5.150889930165149622e+01
-6.975390996011607569e+01 -7.615234277424680620e+00 -2.556673001270347001e+01 -7.615234277424680620e+00 -1.220177372996073331e+02 -2.885264993493837338e+01 -2.556673001270347001e+01 -2.885264993493837338e+01 -1.442144405627597052e+02
-6.963457006524620851e+01 -7.611678646754127087e+00 -2.551384808745777377e+01 -7.611678646754127087e+00 -1.219491890501344216e+02 -2.889870073944124229e+01 -2.551384808745777377e+01 -2.889870073944124229e+01 -1.438282344241071655e+02
-6.942246053379007265e+01 -7.613768926602876519e+00 -2.546615953791877018e+01 -7.613768926602876519e+00 -1.217925904556924905e+02 -2.895759491291169141e+01 -2.546615953791877018e+01 -2.895759491291169141e+01 -1.430933178884188237e+02
-6.912027502534655810e+01 -7.621440469140556395e+00 -2.542293168867555053e+01 -7.621440469140556395e+00 -1.215493206699962201e+02 -2.902855668138523271e+01 -2.542293168867555053e+01 -2.902855668138523271e+01 -1.420168453155894213e+02
-6.872577241512939850e+01 -7.634951865688661243e+00 -2.538347496287079608e+01 -7.634951865688661243e+00 -1.212164489914019896e+02 -2.911065942595984524e+01 -2.538347496287079608e+01 -2.911065942595984524e+01 -1.405975883968417861e+02
-6.824483565570258747e+01 -7.654195369863236564e+00 -2.534709978364718808e+01 -7.654195369863236564e+00 -1.207983068245448521e+02 -2.920207145810826788e+01 -2.534709978364718808e+01 -2.920207145810826788e+01 -1.388513212027871475e+02
-6.768056784292406292e+01 -7.679257178771443648e+00 -2.531307347559382848e+01 -7.679257178771443648e+00 -1.202964457173537340e+02 -2.930068094870496864e+01 -2.531307347559382848e+01 -2.930068094870496864e+01 -1.367975458289215567e+02
-6.704182572955501485e+01 -7.709835602538208654e+00 -2.528029702559435421e+01 -7.709835602538208654e+00 -1.197173951006964217e+02 -2.940353564682954257e+01 -2.528029702559435421e+01 -2.940353564682954257e+01 -1.344703532311287688e+02
-6.634031057289310240e+01 -7.745391909243748430e+00 -2.524793001185391716e+01 -7.745391909243748430e+00 -1.190712615853879868e+02 -2.950723076674896816e+01 -2.524793001185391716e+01 -2.950723076674896816e+01 -1.319179275923139869e+02
-6.559356348424638838e+01 -7.785128775646788846e+00 -2.521541215317594364e+01 -7.785128775646788846e+00 -1.183744010725129812e+02 -2.960853391694457315e+01 -2.521541215317594364e+01 -2.960853391694457315e+01 -1.291993785787155389e+02
4.419300501955934379e+00 -2.926478217927312997e+00 6.956219497214605951e+01 -2.926478217927312997e+00 -1.979271161900845044e+01 3.021307470677671603e+01 6.956219497214605951e+01 3.021307470677671603e+01 7.301006192696107178e+01
4.224078728617579159e+00 -2.759797639521466284e+00 6.917655359477544152e+01 -2.759797639521466284e+00 -2.020383167579182171e+01 3.026707645972838279e+01 6.917655359477544152e+01 3.026707645972838279e+01 7.223959463493221733e+01
3.827365179752522106e+00 -2.634723780839453244e+00 6.854471496384735474e+01 -2.634723780839453244e+00 -2.072000145132042803e+01 3.023349751737286439e+01 6.854471496384735474e+01 3.023349751737286439e+01 7.105364003026046760e+01
3.236118470506211597e+00 -2.553721151411954438e+00 6.767245980392269189e+01 -2.553721151411954438e+00 -2.133437105881047202e+01 3.011177611650832731e+01 6.767245980392269189e+01 3.011177611650832731e+01 6.946752881193816620e+01
2.458891898661596187e+00 -2.517260907472776310e+00 6.657102337903839384e+01 -2.517260907472776310e+00 -2.204010873287175798e+01 2.990330760444256342e+01 6.657102337903839384e+01 2.990330760444256342e+01 6.750206433982721421e+01
1.506648907351480826e+00 -2.525107470905014750e+00 6.525887138928094089e+01 -2.525107470905014750e+00 -2.283150623451778216e+01 2.961207868776933338e+01 6.525887138928094089e+01 2.961207868776933338e+01 6.518004332708639481e+01
4.035271928616435688e-01 -2.574107719220888768e+00 6.376028650208500181e+01 -2.574107719220888768e+00 -2.369292480106489762e+01 2.924379760547513740e+01 6.376028650208500181e+01 2.924379760547513740e+01 6.255278556041341176e+01
-8.282564162445789080e-01 -2.660293067220258934e+00 6.210799595430648878e+01 -2.660293067220258934e+00 -2.461398087397574130e+01 2.880774251108723760e+01 6.210799595430648878e+01 2.880774251108723760e+01 5.966534082431761021e+01
-2.153582659154996026e+00 -2.777230420172306147e+00 6.033963788046911958e+01 -2.777230420172306147e+00 -2.557381672920758930e+01 2.831534800397224672e+01 6.033963788046911958e+01 2.831534800397224672e+01 5.659198871119792784e+01
-3.541427710012811758e+00 -2.917888677357149074e+00 5.849790628391318847e+01 -2.917888677357149074e+00 -2.655771779515077569e+01 2.777986082285757163e+01 5.849790628391318847e+01 2.777986082285757163e+01 5.339695144000092597e+01
-5.055051535688281916e+01 2.651963440488050949e+01 1.353168146671559269e+00 2.651963440488050949e+01 4.904707443241978382e+01 -4.611315296112671880e-01 1.353168146671559269e+00 -4.611315296112671880e-01 1.417398879121100741e+01
-5.040726432972068949e+01 2.650571890428433974e+01 1.401296395776835402e+00 2.650571890428433974e+01 4.912835485311619976e+01 -1.734591835154445372e-01 1.401296395776835402e+00 -1.734591835154445372e-01 1.449565445610877212e+01
-5.021007016621335595e+01 2.649418055884914480e+01 1.445804054713857534e+00 2.649418055884914480e+01 4.905010987670226541e+01 1.249652182315568183e-01 1.445804054713857534e+00 1.249652182315568183e-01 1.467085079147262050e+01
-4.996083459048960407e+01 2.648500108276599718e+01 1.488227131432794170e+00 2.648500108276599718e+01 4.881265036192979778e+01 4.297347956774680844e-01 1.488227131432794170e+00 4.297347956774680844e-01 1.469712749890585890e+01
-4.965986846130125087e+01 2.647860104964029304e+01 1.529809060940924059e+00 2.647860104964029304e+01 4.841990775771888877e+01 7.354552351877693406e-01 1.529809060940924059e+00 7.354552351877693406e-01 1.458072003925381210e+01
-4.930773863872514795e+01 2.647454160005770518e+01 1.571665277583012887e+00 2.647454160005770518e+01 4.787669123181826336e+01 1.036860223790454727e+00 1.571665277583012887e+00 1.036860223790454727e+00 1.432837587601186158e+01
-4.890652970497937702e+01 2.647351759475759181e+01 1.614618642760935918e+00 2.647351759475759181e+01 4.719071739559662859e+01 1.328592019468865182e+00 1.614618642760935918e+00 1.328592019468865182e+00 1.394976820210428414e+01
-4.845797881191234779e+01 2.647481588719166368e+01 1.659528589494430717e+00 2.647481588719166368e+01 4.637092800962104633e+01 1.605823168665328815e+00 1.659528589494430717e+00 1.605823168665328815e+00 1.345627079068589715e+01
-4.796649283947632370e+01 2.647916790971714107e+01 1.706870548815692112e+00 2.647916790971714107e+01 4.542937342197675576e+01 1.863872504293618393e+00 1.706870548815692112e+00 1.863872504293618393e+00 1.286103113837778444e+01
-4.743543637651453793e+01 2.648575080093214851e+01 1.756955379476539791e+00 2.648575080093214851e+01 4.437909141443125804e+01 2.099137721994409844e+00 1.756955379476539791e+00 2.099137721994409844e+00 1.217992132733168731e+01
5.071979609756461116e+01 4.361573709391485920e+01 -2.836964270482761563e+01 4.361573709391485920e+01 7.568893170251304525e+01 -3.495172654750445673e+01 -2.836964270482761563e+01 -3.495172654750445673e+01 2.368841869198219996e+01
5.073181244710887938e+01 4.362289212825888995e+01 -2.826817130867599914e+01 4.362289212825888995e+01 7.566373502654558081e+01 -3.486090211633366920e+01 -2.826817130867599914e+01 -3.486090211633366920e+01 2.365185612413809935e+01
5.068737591802494080e+01 4.357496366853814607e+01 -2.807103128346038545e+01 4.357496366853814607e+01 7.559434146379277308e+01 -3.466699726214920219e+01 -2.807103128346038545e+01 -3.466699726214920219e+01 2.345926930259595267e+01
5.058694867760295466e+01 4.347304722240341590e+01 -2.778022535410482163e+01 4.347304722240341590e+01 7.548068254502645402e+01 -3.437115884452295944e+01 -2.778022535410482163e+01 -3.437115884452295944e+01 2.311137715425158490e+01
