6.529429784166819184e-01 -1.365504726365006794e-03 1.971497125144689333e+00 -1.365504726364983592e-03 -1.491880980515459532e-01 -3.046531082555654262e-04 1.971497125144689333e+00 -3.046531082555654262e-04 5.313675482636771585e-01
7.368709285409981158e-01 -1.294081447687207148e-02 2.110449046707013832e+00 -1.294081447687210965e-02 -1.128282506243910299e-01 6.210539280434591858e-02 2.110449046707013832e+00 6.210539280434591858e-02 6.748196074903489716e-01
8.349878524754301701e-01 -2.483287716051093413e-02 2.252751889599124091e+00 -2.483287716051096536e-02 -6.306279206093783063e-02 1.270283074260274425e-01 2.252751889599124091e+00 1.270283074260274425e-01 8.352334758125228298e-01
9.456362622342102675e-01 -3.697550457879940355e-02 2.398335744668730118e+00 -3.697550457879937580e-02 -1.055174907293619010e-03 1.943791704573383239e-01 2.398335744668730118e+00 1.943791704573383239e-01 1.011035936395114909e+00
1.066866595366919857e+00 -4.923623336526434385e-02 2.546930016782734452e+00 -4.923623336526433691e-02 7.169031943062684209e-02 2.638339609963922250e-01 2.546930016782734452e+00 2.638339609963922250e-01 1.199568795275397282e+00
1.196612399383103043e+00 -6.155008664953341008e-02 2.698115900176154547e+00 -6.155008664953338232e-02 1.536416359699265266e-01 3.350289452221629771e-01 2.698115900176154547e+00 3.350289452221629771e-01 1.398011111921495297e+00
1.332606535811463599e+00 -7.383223110168962711e-02 2.851685440899569102e+00 -7.383223110168957160e-02 2.432142443787657649e-01 4.076039363285170469e-01 2.851685440899569102e+00 4.076039363285170469e-01 1.603071789046222273e+00
1.471191576948668089e+00 -8.579303821680356323e-02 3.007446345299473300e+00 -8.579303821680363262e-02 3.376280414031226917e-01 4.811897060332601672e-01 3.007446345299473300e+00 4.811897060332601672e-01 1.810067342048581107e+00
1.613179482133128895e+00 -9.791378100462994061e-02 3.164881000522963284e+00 -9.791378100462987122e-02 4.372645425449934176e-01 5.553960452359372191e-01 3.164881000522963284e+00 5.553960452359372191e-01 2.019341347018992483e+00
1.753196716716753034e+00 -1.095175197259781880e-01 3.324059790932261560e+00 -1.095175197259782712e-01 5.379494837292032594e-01 6.299108723768610529e-01 3.324059790932261560e+00 6.299108723768610529e-01 2.223280881111820317e+00
2.512259658277971042e+01 -1.236656175262161028e+01 1.457306274194905171e+01 -1.236656175262161028e+01 3.057507972736895141e+01 1.816781265916559818e+01 1.457306274194905171e+01 1.816781265916559818e+01 3.858769457026733107e+01
2.507697584232540677e+01 -1.232221797307725986e+01 1.439002001644526274e+01 -1.232221797307725986e+01 3.039403115999851934e+01 1.821093195564561285e+01 1.439002001644526274e+01 1.821093195564561285e+01 3.828979533332834251e+01
2.497892973410209194e+01 -1.226576930381113328e+01 1.418878497112840620e+01 -1.226576930381113328e+01 3.015179342464143986e+01 1.820809815198241921e+01 1.418878497112840620e+01 1.820809815198241921e+01 3.783594943183792481e+01
2.482786350919280949e+01 -1.219810786819868831e+01 1.396981241399380913e+01 -1.219810786819868831e+01 2.985001082712697595e+01 1.815994098232340548e+01 1.396981241399380913e+01 1.815994098232340548e+01 3.722790612731655102e+01
2.462356725621510378e+01 -1.212028322315220841e+01 1.373353966042159335e+01 -1.212028322315220841e+01 2.949085245174052972e+01 1.806709018081594209e+01 1.373353966042159335e+01 1.806709018081594209e+01 3.646877910527068423e+01
2.436590103424732945e+01 -1.203341489604480863e+01 1.348057895194392941e+01 -1.203341489604480863e+01 2.907631245661545805e+01 1.793035040775945177e+01 1.348057895194392941e+01 1.793035040775945177e+01 3.556225930750856890e+01
2.405479487282866913e+01 -1.193883232563206320e+01 1.321154253009298785e+01 -1.193883232563206320e+01 2.860866488172838729e+01 1.775075372745102342e+01 1.321154253009298785e+01 1.775075372745102342e+01 3.451259743952498127e+01
2.369075605780006200e+01 -1.183788244328474271e+01 1.292707762163134788e+01 -1.183788244328474271e+01 2.809069105289689716e+01 1.752948963772458768e+01 1.292707762163134788e+01 1.752948963772458768e+01 3.332530367510944558e+01
2.327444930853929606e+01 -1.173196465821923873e+01 1.262781396070638529e+01 -1.173196465821923873e+01 2.752496238455611177e+01 1.726787008472051355e+01 1.262781396070638529e+01 1.726787008472051355e+01 3.200615057727958401e+01
2.280695916718907412e+01 -1.162254835011276022e+01 1.231448623715670365e+01 -1.162254835011276022e+01 2.691450509913646627e+01 1.696741692596161855e+01 1.231448623715670365e+01 1.696741692596161855e+01 3.056204772904131772e+01
-2.314598753171677714e+01 4.253603040447647921e+00 2.068510624616724414e+01 4.253603040447647921e+00 -2.617269039041048373e+01 5.754907585321006103e+00 2.068510624616724414e+01 5.754907585321006103e+00 -1.349659145749215305e+01
-2.310605485820293481e+01 4.371332686392810807e+00 2.076338770273824963e+01 4.371332686392810807e+00 -2.612113009754402881e+01 5.947434128832468581e+00 2.076338770273824963e+01 5.947434128832468581e+00 -1.337524681450467412e+01
-2.303552514786699490e+01 4.482540430457504499e+00 2.080995408216480413e+01 4.482540430457504499e+00 -2.603485465266810550e+01 6.127140476647465306e+00 2.080995408216480413e+01 6.127140476647465306e+00 -1.318354016722961219e+01
-2.293611272920326627e+01 4.587263540652473104e+00 2.082502899251137407e+01 4.587263540652473104e+00 -2.591557838427699778e+01 6.293877556723013633e+00 2.082502899251137407e+01 6.293877556723013633e+00 -1.292482563663406836e+01
-2.280914061659321135e+01 4.684421244666097550e+00 2.080820248565976271e+01 4.684421244666097550e+00 -2.576441933269308748e+01 6.447104982903304027e+00 2.080820248565976271e+01 6.447104982903304027e+00 -1.260193559153470666e+01
-2.265632313853112123e+01 4.773827202444649309e+00 2.075936275757772975e+01 4.773827202444649309e+00 -2.558346450651811566e+01 6.586263735027151789e+00 2.075936275757772975e+01 6.586263735027151789e+00 -1.221775830276430064e+01
-2.247892740738234707e+01 4.854568347724863564e+00 2.067823029818469038e+01 4.854568347724863564e+00 -2.537370150803684155e+01 6.710943864976358419e+00 2.067823029818469038e+01 6.710943864976358419e+00 -1.177469755701594067e+01
-2.227931994182923248e+01 4.926421072442265903e+00 2.056454423140541721e+01 4.926421072442265903e+00 -2.513839128818949931e+01 6.820735424632720978e+00 2.056454423140541721e+01 6.820735424632720978e+00 -1.127687146947701002e+01
-2.205902873031234179e+01 4.988770454419555023e+00 2.041804368116469703e+01 4.988770454419555023e+00 -2.487840964522860432e+01 6.915284367894157569e+00 2.041804368116469703e+01 6.915284367894157569e+00 -1.072692606891044065e+01
-2.182043892551939024e+01 5.041262447554649029e+00 2.023839323536581958e+01 5.041262447554649029e+00 -2.459698026208365462e+01 6.994180746642467028e+00 2.023839323536581958e+01 6.994180746642467028e+00 -1.012899810450898741e+01
-1.513994623985522381e+01 -1.708117712743115391e+01 2.405900213482884098e+01 -1.708117712743115391e+01 -3.943231767531860221e+00 1.791480211993072613e+00 2.405900213482884098e+01 1.791480211993072613e+00 -2.695099410998004430e+01
-1.515264197204134078e+01 -1.700242304998053910e+01 2.399574458969829038e+01 -1.700242304998053910e+01 -3.793278402465624755e+00 1.689195728153963572e+00 2.399574458969829038e+01 1.689195728153963572e+00 -2.676787337490653229e+01
-1.511899551780062545e+01 -1.690918588762674801e+01 2.390411051689485689e+01 -1.690918588762674801e+01 -3.597922593122761192e+00 1.590485949748972061e+00 2.390411051689485689e+01 1.590485949748972061e+00 -2.646844572900750236e+01
-1.504062839300009813e+01 -1.680196315091989234e+01 2.378457900065195929e+01 -1.680196315091989234e+01 -3.359154381703706171e+00 1.494761234644635506e+00 2.378457900065195929e+01 1.494761234644635506e+00 -2.605807323043412538e+01
-1.491785384502315992e+01 -1.668139976094343524e+01 2.363722374623629818e+01 -1.668139976094343524e+01 -3.078171478792055105e+00 1.401634630190869091e+00 2.363722374623629818e+01 1.401634630190869091e+00 -2.553850637927012812e+01
-1.475234866868684769e+01 -1.654843545984759601e+01 2.346213688523121377e+01 -1.654843545984759601e+01 -2.757479863455024827e+00 1.310829741637612011e+00 2.346213688523121377e+01 1.310829741637612011e+00 -2.491361470201635342e+01
-1.454413129030782770e+01 -1.640386257924920699e+01 2.325920785973669069e+01 -1.640386257924920699e+01 -2.397927146259468234e+00 1.221775353168072398e+00 2.325920785973669069e+01 1.221775353168072398e+00 -2.418536981455656587e+01
-1.429487850470313859e+01 -1.624886040341519688e+01 2.302816027500265861e+01 -1.624886040341519688e+01 -2.002424685239356350e+00 1.134066085815494729e+00 2.302816027500265861e+01 1.134066085815494729e+00 -2.335828616447509276e+01
-1.400681989618993484e+01 -1.608446080607912876e+01 2.276871773627906848e+01 -1.608446080607912876e+01 -1.573828559478650524e+00 1.046909607963038003e+00 2.276871773627906848e+01 1.046909607963038003e+00 -2.243899722577339162e+01
-1.368166911221859117e+01 -1.591195362940794489e+01 2.248034588038246184e+01 -1.591195362940794489e+01 -1.115086979644663856e+00 9.598636880106059532e-01 2.248034588038246184e+01 9.598636880106059532e-01 -2.143094871966887993e+01
-3.720672069539007865e+00 2.700241454669644980e+01 -8.178974361998811560e+00 2.700241454669644980e+01 1.774270014596368572e-01 8.350831577373799774e+00 -8.178974361998811560e+00 8.350831577373799774e+00 -3.319332338810627903e+01
-3.471295890597752898e+00 2.699635007566349287e+01 -8.167413391540216949e+00 2.699635007566349287e+01 2.718935049216244515e-01 8.096563513943726420e+00 -8.167413391540216949e+00 8.096563513943726420e+00 -3.273062806645595657e+01
-3.172854293450290353e+00 2.697097456998179155e+01 -8.143045577419883330e+00 2.697097456998179155e+01 4.215265409522784834e-01 7.835131679595568777e+00 -8.143045577419883330e+00 7.835131679595568777e+00 -3.213438613042735881e+01
-2.831979720736892858e+00 2.692643460296936198e+01 -8.105266304700988300e+00 2.692643460296936198e+01 6.203715685071565789e-01 7.566169641034284687e+00 -8.105266304700988300e+00 7.566169641034284687e+00 -3.142183826655222845e+01
-2.450357765614755490e+00 2.686251031464917816e+01 -8.053324385128696861e+00 2.686251031464917816e+01 8.676041126724126640e-01 7.289787328248388043e+00 -8.053324385128696861e+00 7.289787328248388043e+00 -3.059567775954913671e+01
-2.029985489541861199e+00 2.677900016670896477e+01 -7.986560238771930997e+00 2.677900016670896477e+01 1.162564593516970168e+00 7.006296209538665387e+00 -7.986560238771930997e+00 7.006296209538665387e+00 -2.965958726403325940e+01
-1.573831002208055052e+00 2.667601408913723660e+01 -7.904295964034863786e+00 2.667601408913723660e+01 1.502852872958299502e+00 6.715769571564123908e+00 -7.904295964034863786e+00 6.715769571564123908e+00 -2.861964957270230414e+01
-1.084624231661404536e+00 2.655333222195696763e+01 -7.805908624315919475e+00 2.655333222195696763e+01 1.887497902764538216e+00 6.418262379319019217e+00 -7.805908624315919475e+00 6.418262379319019217e+00 -2.748125125499339561e+01
-5.656997208867975413e-01 2.641148589344596687e+01 -7.690848569672536605e+00 2.641148589344596687e+01 2.313256748274559182e+00 6.113939527786123485e+00 -7.690848569672536605e+00 6.113939527786123485e+00 -2.625126293518858134e+01
-2.015383122734412669e-02 2.625034685195097239e+01 -7.558602793491654204e+00 2.625034685195097239e+01 2.779341577904020255e+00 5.802801016965434933e+00 -7.558602793491654204e+00 5.802801016965434933e+00 -2.493642698591665052e+01
-2.805233878680909143e+01 -3.930842672662371751e+00 2.363349514211972036e+00 -3.930842672662371751e+00 -1.029515184702565023e+01 -1.184209061670860663e+01 2.363349514211972036e+00 -1.184209061670860663e+01 5.888040411695472542e+00
-2.799227797877089685e+01 -3.878701566389408217e+00 2.430280203083730939e+00 -3.878701566389408217e+00 -1.023092859108293418e+01 -1.179429613745098138e+01 2.430280203083730939e+00 -1.179429613745098138e+01 6.043616506604593042e+00
-2.791715131946767769e+01 -3.824792340652579004e+00 2.502570504080332991e+00 -3.824792340652579004e+00 -1.017668784294663098e+01 -1.172121386627785355e+01 2.502570504080332991e+00 -1.172121386627785355e+01 6.188878571307829368e+00
-2.782837698805274229e+01 -3.769372846207031280e+00 2.580073073913122794e+00 -3.769372846207031280e+00 -1.013349784145948895e+01 -1.162277013154490213e+01 2.580073073913122794e+00 -1.162277013154490213e+01 6.320603471365841663e+00
-2.772742841741264641e+01 -3.712811441274403101e+00 2.662511643915872472e+00 -3.712811441274403101e+00 -1.010213213888695094e+01 -1.149924120191835186e+01 2.662511643915872472e+00 -1.149924120191835186e+01 6.437115176870173094e+00
-2.761530017474581200e+01 -3.655402812432005710e+00 2.749499437955860159e+00 -3.655402812432005710e+00 -1.008353004869419500e+01 -1.135071916695361338e+01 2.749499437955860159e+00 -1.135071916695361338e+01 6.536774493734533564e+00
-2.749446026013722744e+01 -3.597883676123116992e+00 2.840483918700628330e+00 -3.597883676123116992e+00 -1.007857563061315354e+01 -1.117748029531691500e+01 2.840483918700628330e+00 -1.117748029531691500e+01 6.616910824852040740e+00
-2.736671362887291181e+01 -3.540125106970163138e+00 2.935115145839619633e+00 -3.540125106970163138e+00 -1.008898175037444744e+01 -1.097945091536393036e+01 2.935115145839619633e+00 -1.097945091536393036e+01 6.675350856715026815e+00
-2.723467562432650624e+01 -3.482974328882913362e+00 3.032674820840639107e+00 -3.482974328882913362e+00 -1.011541145277702647e+01 -1.075692571367196848e+01 3.032674820840639107e+00 -1.075692571367196848e+01 6.709129305639299545e+00
-2.710035379880594064e+01 -3.426228744839465712e+00 3.132978764592867282e+00 -3.426228744839465712e+00 -1.015981703639557665e+01 -1.050959158575263963e+01 3.132978764592867282e+00 -1.050959158575263963e+01 6.715870261095288285e+00
7.216908554209119586e+00 -1.789272803069102746e+00 1.166654989609538084e+01 -1.789272803069102746e+00 -2.607218015469031869e+01 -1.844892181072083659e+01 1.166654989609538084e+01 -1.844892181072083659e+01 1.659119522950942738e+01
7.252511078161758107e+00 -1.692304209171485718e+00 1.158725502186719147e+01 -1.692304209171485718e+00 -2.614272927073157504e+01 -1.826389436407854205e+01 1.158725502186719147e+01 -1.826389436407854205e+01 1.653008424417823363e+01
7.255317008913399590e+00 -1.591873752658208296e+00 1.149059617357202967e+01 -1.591873752658208296e+00 -2.621493643676244290e+01 -1.804297286821070756e+01 1.149059617357202967e+01 -1.804297286821070756e+01 1.641121481415417449e+01
7.225508549759602772e+00 -1.488746687370626320e+00 1.137719284241480011e+01 -1.488746687370626320e+00 -2.628832792421444964e+01 -1.778644884839023632e+01 1.137719284241480011e+01 -1.778644884839023632e+01 1.623418609218700936e+01
7.162666633120580606e+00 -1.384034453411662868e+00 1.124770096025952881e+01 -1.384034453411662868e+00 -2.636328636000828851e+01 -1.749497823648114903e+01 1.124770096025952881e+01 -1.749497823648114903e+01 1.599888875629940799e+01
7.066572615041656569e+00 -1.278356541986225281e+00 1.110294044193623364e+01 -1.278356541986225281e+00 -2.644019437106462433e+01 -1.716934450665435108e+01 1.110294044193623364e+01 -1.716934450665435108e+01 1.570546856912781486e+01
6.936297258715470981e+00 -1.173152359129246980e+00 1.094360365996805484e+01 -1.173152359129246980e+00 -2.652016339748639240e+01 -1.680991206550097417e+01 1.094360365996805484e+01 -1.680991206550097417e+01 1.535317849716042993e+01
6.771676581176017784e+00 -1.068786311431849434e+00 1.077051052918501028e+01 -1.068786311431849434e+00 -2.660397691344449811e+01 -1.641762837015792442e+01 1.077051052918501028e+01 -1.641762837015792442e+01 1.494223718435192971e+01
6.571999989570610268e+00 -9.666249236107414822e-01 1.058433520178067866e+01 -9.666249236107414822e-01 -2.669311076563298712e+01 -1.599251164095477229e+01 1.058433520178067866e+01 -1.599251164095477229e+01 1.447226200378162986e+01
6.337030619615017457e+00 -8.669961615979325797e-01 1.038575182994863866e+01 -8.669961615979325797e-01 -2.678838486888188442e+01 -1.553534535206241785e+01 1.038575182994863866e+01 -1.553534535206241785e+01 1.394318007413131255e+01
1.864394804106634496e+01 -1.339989125756211230e+01 -1.229342961798283618e+01 -1.339989125756211230e+01 -2.405408732518232284e+01 -3.737952276746798752e+00 -1.229342961798283618e+01 -3.737952276746798752e+00 -1.810626233874487667e+01
1.868851923568718121e+01 -1.337398881740950962e+01 -1.222580561696384294e+01 -1.337398881740950962e+01 -2.405752149919409177e+01 -3.679553051663675411e+00 -1.222580561696384294e+01 -3.679553051663675411e+00 -1.805657641687246340e+01
1.874600511661823887e+01 -1.333277872926827534e+01 -1.212957567710213169e+01 -1.333277872926827534e+01 -2.401740742403533702e+01 -3.618523395422601041e+00 -1.212957567710213169e+01 -3.618523395422601041e+00 -1.794083744592261453e+01
1.881618648126302062e+01 -1.327613312495711995e+01 -1.200444752826903994e+01 -1.327613312495711995e+01 -2.393409217048384363e+01 -3.554918108672699084e+00 -1.200444752826903994e+01 -3.554918108672699084e+00 -1.776068944536904581e+01
1.889846052248115882e+01 -1.320445387590295105e+01 -1.185045770423065115e+01 -1.320445387590295105e+01 -2.380759400542265425e+01 -3.488992927776549013e+00 -1.185045770423065115e+01 -3.488992927776549013e+00 -1.751684482365036644e+01
1.899176776105625564e+01 -1.311774098210577222e+01 -1.166771580628521399e+01 -1.311774098210577222e+01 -2.363977615092198192e+01 -3.420875720915439899e+00 -1.166771580628521399e+01 -3.420875720915439899e+00 -1.721162347491283029e+01
1.909475644764325963e+01 -1.301659725070594220e+01 -1.145636796949705527e+01 -1.301659725070594220e+01 -2.343102221152568987e+01 -3.350584754972412593e+00 -1.145636796949705527e+01 -3.350584754972412593e+00 -1.684679728681144439e+01
1.920707951146437864e+01 -1.290100441482042193e+01 -1.121666993022875936e+01 -1.290100441482042193e+01 -2.318323194307008706e+01 -3.278247898128756610e+00 -1.121666993022875936e+01 -3.278247898128756610e+00 -1.642439388336379125e+01
1.932716600057806389e+01 -1.277174795041999111e+01 -1.094893222549202605e+01 -1.277174795041999111e+01 -2.289658801438557845e+01 -3.203572880255810773e+00 -1.094893222549202605e+01 -3.203572880255810773e+00 -1.594634955417225619e+01
1.945417563836441488e+01 -1.262899225945201920e+01 -1.065341059164943438e+01 -1.262899225945201920e+01 -2.257408619429094543e+01 -3.126669302651822857e+00 -1.065341059164943438e+01 -3.126669302651822857e+00 -1.541514859533046078e+01
-2.254287574502358993e+01 8.911347851257078290e+00 -4.530088004084952047e+00 8.911347851257078290e+00 -2.583358220414566020e+01 -1.544916014683429495e+01 -4.530088004084952047e+00 -1.544916014683429495e+01 9.940051780951464355e-01
-2.232913811157557760e+01 8.803097389961109798e+00 -4.522892324971907740e+00 8.803097389961109798e+00 -2.569701266551562213e+01 -1.542477272922178955e+01 -4.522892324971907740e+00 -1.542477272922178955e+01 1.474001484290500263e+00
-2.211187682082993788e+01 8.685351599526278221e+00 -4.500915830773565496e+00 8.685351599526278221e+00 -2.554692341020153989e+01 -1.536980367537884717e+01 -4.500915830773565496e+00 -1.536980367537884717e+01 1.959172003043945010e+00
-2.189285370143548803e+01 8.558778120282662272e+00 -4.464214158184097947e+00 8.558778120282662272e+00 -2.538535445032309923e+01 -1.528456825990578416e+01 -4.464214158184097947e+00 -1.528456825990578416e+01 2.445529437939747197e+00
-2.167423858446497675e+01 8.424248593772302840e+00 -4.413009853980196517e+00 8.424248593772302840e+00 -2.521421597904689094e+01 -1.516932612070873709e+01 -4.413009853980196517e+00 -1.516932612070873709e+01 2.928251942149579179e+00
-2.145599437878895088e+01 8.282634661537246146e+00 -4.347377100420758644e+00 8.282634661537246146e+00 -2.503386036210269339e+01 -1.502476344368251127e+01 -4.347377100420758644e+00 -1.502476344368251127e+01 3.407432243497062085e+00
-2.124092146468078468e+01 8.134956329637331507e+00 -4.267297351941061301e+00 8.134956329637331507e+00 -2.484671706846938122e+01 -1.485084313769765529e+01 -4.267297351941061301e+00 -1.485084313769765529e+01 3.878489587495284496e+00
-2.102931657117607145e+01 7.982196513002946858e+00 -4.172789154105827514e+00 7.982196513002946858e+00 -2.465406574211294455e+01 -1.464834411647259316e+01 -4.172789154105827514e+00 -1.464834411647259316e+01 4.340515241472753694e+00
-2.082446226323101612e+01 7.825282489870311942e+00 -4.063704142397262409e+00 7.825282489870311942e+00 -2.445846567096533519e+01 -1.441715510661897781e+01 -4.063704142397262409e+00 -1.441715510661897781e+01 4.788316447306654844e+00
-2.062659963318704115e+01 7.665308448558159071e+00 -3.939875406732847640e+00 7.665308448558159071e+00 -2.426160450141647118e+01 -1.415781392951381612e+01 -3.939875406732847640e+00 -1.415781392951381612e+01 5.220520833207385358e+00
3.592725418736638687e+01 -1.567487514404965765e+01 -2.427424656345585063e+01 -1.567487514404965765e+01 -6.708462368832218026e+00 -3.197957341940179443e+00 -2.427424656345585063e+01 -3.197957341940179443e+00 2.991142663699160309e+01
3.613852824656586193e+01 -1.562006154948659287e+01 -2.441446201336117738e+01 -1.562006154948659287e+01 -6.674710418094454312e+00 -3.258085224692078175e+00 -2.441446201336117738e+01 -3.258085224692078175e+00 3.023582927251855068e+01
3.627252295778860969e+01 -1.553512180616074900e+01 -2.448258798870496378e+01 -1.553512180616074900e+01 -6.662002337642900507e+00 -3.319848273040540754e+00 -2.448258798870496378e+01 -3.319848273040540754e+00 3.041573303521872873e+01
3.632843851177545247e+01 -1.542090904394860118e+01 -2.447837565993990694e+01 -1.542090904394860118e+01 -6.669804921304763212e+00 -3.382748827890960541e+00 -2.447837565993990694e+01 -3.382748827890960541e+00 3.044959162719105095e+01
3.630504853432895374e+01 -1.527863186350847435e+01 -2.440170061229234477e+01 -1.527863186350847435e+01 -6.698953525417419286e+00 -3.445933759366869076e+00 -2.440170061229234477e+01 -3.445933759366869076e+00 3.033621422131628265e+01
3.620126883956444175e+01 -1.510992543043693281e+01 -2.425254507222319589e+01 -1.510992543043693281e+01 -6.749892488458193895e+00 -3.508443296357240726e+00 -2.425254507222319589e+01 -3.508443296357240726e+00 3.007515647911707646e+01
3.601717052163829180e+01 -1.491638936325235498e+01 -2.403124673697522340e+01 -1.491638936325235498e+01 -6.823652675694487080e+00 -3.569104385281932412e+00 -2.403124673697522340e+01 -3.569104385281932412e+00 2.966677387137531952e+01
3.575241588330773368e+01 -1.470045863681049347e+01 -2.373848100103396774e+01 -1.470045863681049347e+01 -6.920696199142717830e+00 -3.626690651943520471e+00 -2.373848100103396774e+01 -3.626690651943520471e+00 2.911229277228841994e+01
3.540810688399653827e+01 -1.446408834041158897e+01 -2.337497657950223839e+01 -1.446408834041158897e+01 -7.042924827485848027e+00 -3.679833533831836867e+00 -2.337497657950223839e+01 -3.679833533831836867e+00 2.841260185881103695e+01
3.498452790033019255e+01 -1.421024665508418039e+01 -2.294201316719474448e+01 -1.421024665508418039e+01 -7.190996181670318954e+00 -3.727093374280343596e+00 -2.294201316719474448e+01 -3.727093374280343596e+00 2.757061599135442620e+01
5.433407552008200270e+01 -3.369042298672987545e+00 1.471545793399164737e+01 -3.369042298672987545e+00 2.429385246780562824e+01 -6.354038315326599573e+00 1.471545793399164737e+01 -6.354038315326599573e+00 5.498997769680126169e+01
5.404195943237902355e+01 -3.334907152369656735e+00 1.493716381091727463e+01 -3.334907152369656735e+00 2.414264308868035869e+01 -6.443707789640101602e+00 1.493716381091727463e+01 -6.443707789640101602e+00 5.443120019318369884e+01
5.364234697140838648e+01 -3.291366720558077663e+00 1.512730589482531229e+01 -3.291366720558077663e+00 2.392518253328689681e+01 -6.517379649887280912e+00 1.512730589482531229e+01 -6.517379649887280912e+00 5.364647149110832913e+01
5.313844801442609622e+01 -3.239025012399329828e+00 1.528574612647894426e+01 -3.239025012399329828e+00 2.364186772193108865e+01 -6.574553431334669185e+00 1.528574612647894426e+01 -6.574553431334669185e+00 5.263846648828853603e+01
5.253426627929989934e+01 -3.178503294459096740e+00 1.541248450587816698e+01 -3.178503294459096740e+00 2.329335443598782973e+01 -6.614797698867210585e+00 1.541248450587816698e+01 -6.614797698867210585e+00 5.141357042442714942e+01
5.183430594863099117e+01 -3.110664436967492286e+00 1.550750377561838000e+01 -3.110664436967492286e+00 2.287984976431234330e+01 -6.637646502560643924e+00 1.550750377561838000e+01 -6.637646502560643924e+00 4.997941107235838842e+01
5.104457259922097023e+01 -3.036509369391449553e+00 1.557132165783765032e+01 -3.036509369391449553e+00 2.240282058629582451e+01 -6.642737436918319638e+00 1.557132165783765032e+01 -6.642737436918319638e+00 4.834589418232395985e+01
5.017139969855886505e+01 -2.957297882266935130e+00 1.560449038948325118e+01 -2.957297882266935130e+00 2.186316428697759662e+01 -6.629897927894215393e+00 1.560449038948325118e+01 -6.629897927894215393e+00 4.652423706731536868e+01
4.922265662314333667e+01 -2.874427825366735689e+00 1.560811444444973262e+01 -2.874427825366735689e+00 2.126345221964339416e+01 -6.598886371823899033e+00 1.560811444444973262e+01 -6.598886371823899033e+00 4.452810759177761213e+01
4.820559148290733731e+01 -2.789072702203805765e+00 1.558336732625005006e+01 -2.789072702203805765e+00 2.060446096750031941e+01 -6.550151461227030403e+00 1.558336732625005006e+01 -6.550151461227030403e+00 4.237108733313269937e+01
3.303420172744388594e+01 -1.078906275088102973e+01 8.700645860660415565e+00 -1.078906275088102973e+01 8.330849279330893253e+00 -7.460542468429918195e+00 8.700645860660415565e+00 -7.460542468429918195e+00 5.266852558644944082e+01
3.286831282056400738e+01 -1.075982024544648397e+01 8.473112488542767551e+00 -1.075982024544648397e+01 8.169471371188514297e+00 -7.478323175515869004e+00 8.473112488542767551e+00 -7.478323175515869004e+00 5.225683112968638966e+01
3.260256760310961965e+01 -1.070723288273226181e+01 8.234678998853178555e+00 -1.070723288273226181e+01 7.944921928196840177e+00 -7.478919961341064848e+00 8.234678998853178555e+00 -7.478919961341064848e+00 5.162797684264951670e+01
3.223861601236215080e+01 -1.063230115662177511e+01 7.986433648096419091e+00 -1.063230115662177511e+01 7.657604658414092214e+00 -7.462455693575396509e+00 7.986433648096419091e+00 -7.462455693575396509e+00 5.078578917562978745e+01
3.177928400472914561e+01 -1.053628884886249750e+01 7.729657770544227979e+00 -1.053628884886249750e+01 7.308730686014928146e+00 -7.429053239888759208e+00 7.729657770544227979e+00 -7.429053239888759208e+00 4.973592004144226308e+01
3.122836292545300196e+01 -1.042082834421157500e+01 7.466018856002293980e+00 -1.042082834421157500e+01 6.899616450319631333e+00 -7.378835467951043725e+00 7.466018856002293980e+00 -7.378835467951043725e+00 4.848428464076609146e+01
3.058895957132959964e+01 -1.028799084053292390e+01 7.197166841752044242e+00 -1.028799084053292390e+01 6.430525239192258269e+00 -7.311872587859335582e+00 7.197166841752044242e+00 -7.311872587859335582e+00 4.703890447719285817e+01
2.986611151682454945e+01 -1.013970711549628945e+01 6.924962295366138498e+00 -1.013970711549628945e+01 5.903247410108393822e+00 -7.228287467283523782e+00 6.924962295366138498e+00 -7.228287467283523782e+00 4.540897707344026912e+01
2.906518983436460246e+01 -9.978925993179107223e+00 6.651441309659952061e+00 -9.978925993179107223e+00 5.319011639766968003e+00 -7.128466261757560929e+00 6.651441309659952061e+00 -7.128466261757560929e+00 4.360577115008995719e+01
2.819309266598804697e+01 -9.807929301736530547e+00 6.378552214827501565e+00 -9.807929301736530547e+00 4.680801857293955592e+00 -7.012602049048420660e+00 6.378552214827501565e+00 -7.012602049048420660e+00 4.164285480840295151e+01
-2.328095498917793549e+01 2.365452834772588275e+00 -1.683335554164667869e+01 2.365452834772588275e+00 2.626290713330138860e-01 -1.329878387133812723e+01 -1.683335554164667869e+01 -1.329878387133812723e+01 9.628538487026865766e+00
-2.327236457484663390e+01 2.187558148205379638e+00 -1.683044942275587275e+01 2.187558148205379638e+00 5.172526076083438368e-02 -1.322044660362754875e+01 -1.683044942275587275e+01 -1.322044660362754875e+01 9.358726367114698519e+00
-2.325851024705274028e+01 2.009718294070073075e+00 -1.678811878532757618e+01 2.009718294070073075e+00 -1.798869315929794988e-01 -1.311109245693777225e+01 -1.678811878532757618e+01 -1.311109245693777225e+01 9.054004265558290854e+00
-2.323986722020607942e+01 1.832737481367896049e+00 -1.670689367620349586e+01 1.832737481367896049e+00 -4.308915273627811349e-01 -1.297240295918045305e+01 -1.670689367620349586e+01 -1.297240295918045305e+01 8.715432276041083171e+00
-2.321789769249070190e+01 1.658169295669405408e+00 -1.658723103231614715e+01 1.658169295669405408e+00 -6.996801085461133995e-01 -1.280589514097154868e+01 -1.658723103231614715e+01 -1.280589514097154868e+01 8.343778052609703622e+00
-2.319252855399740199e+01 1.487055553180737011e+00 -1.642962434555266071e+01 1.487055553180737011e+00 -9.843700949810096912e-01 -1.261326880770001679e+01 -1.642962434555266071e+01 -1.261326880770001679e+01 7.941636997040842694e+00
-2.316692180829919323e+01 1.321022949381648770e+00 -1.623484126995965227e+01 1.321022949381648770e+00 -1.284029335325136856e+00 -1.239627859718672021e+01 -1.623484126995965227e+01 -1.239627859718672021e+01 7.508296287719773865e+00
-2.314135161755558556e+01 1.161003635614473950e+00 -1.600341185237884645e+01 1.161003635614473950e+00 -1.597689123281560430e+00 -1.215649637247951809e+01 -1.600341185237884645e+01 -1.215649637247951809e+01 7.045218122830551266e+00
-2.311850477092977485e+01 1.008295312767558238e+00 -1.573608546937956554e+01 1.008295312767558238e+00 -1.923448601211013242e+00 -1.189543916419436087e+01 -1.573608546937956554e+01 -1.189543916419436087e+01 6.553005659124096383e+00
-2.309978863417391182e+01 8.636290799329277013e-01 -1.543335561284892954e+01 8.636290799329277013e-01 -2.261892648387116012e+00 -1.161456917051529913e+01 -1.543335561284892954e+01 -1.161456917051529913e+01 6.030726745258073507e+00
7.219081910736925067e+00 6.038671099195663805e-01 -1.756776434333366410e+01 6.038671099195663805e-01 -4.541549787390667392e-01 6.859920295540357316e+00 -1.756776434333366410e+01 6.859920295540357316e+00 1.157249771038076425e+01
7.149109522140007833e+00 5.669022619589839662e-01 -1.765594034562211689e+01 5.669022619589839662e-01 -5.769574201146849823e-01 6.932680787024811941e+00 -1.765594034562211689e+01 6.932680787024811941e+00 1.132262972837568071e+01
7.063092051119324033e+00 5.320419819844786069e-01 -1.769957865275222630e+01 5.320419819844786069e-01 -7.020443070820278075e-01 6.989845890099620540e+00 -1.769957865275222630e+01 6.989845890099620540e+00 1.103171367676181269e+01
6.960561815900191185e+00 4.992682822354854166e-01 -1.769873322800568261e+01 4.992682822354854166e-01 -8.301891133453798144e-01 7.031577494609863699e+00 -1.769873322800568261e+01 7.031577494609863699e+00 1.070214192769427619e+01
6.841374914398088869e+00 4.684552483880511375e-01 -1.765338608362192119e+01 4.684552483880511375e-01 -9.617336063554715597e-01 7.057839625034413977e+00 -1.765338608362192119e+01 7.057839625034413977e+00 1.033445411399001124e+01
6.704919762753817736e+00 4.394949538787871757e-01 -1.756346526855868362e+01 4.394949538787871757e-01 -1.097379308774328432e+00 7.068668256894399704e+00 -1.756346526855868362e+01 7.068668256894399704e+00 9.927678896578521872e+00
6.550944532319470603e+00 4.123334354259991508e-01 -1.742898877057653806e+01 4.123334354259991508e-01 -1.238007620869624237e+00 7.064045402429256271e+00 -1.742898877057653806e+01 7.064045402429256271e+00 9.481726336656986831e+00
6.378621786109067493e+00 3.867728276634748719e-01 -1.725008250399942966e+01 3.867728276634748719e-01 -1.384913661402021212e+00 7.043971061638983677e+00 -1.725008250399942966e+01 7.043971061638983677e+00 8.995265339943610883e+00
6.187681707714137502e+00 3.626512407461314202e-01 -1.702676445658793369e+01 3.626512407461314202e-01 -1.538870904075803958e+00 7.008463222284147420e+00 -1.702676445658793369e+01 7.008463222284147420e+00 8.467666334818629181e+00
5.977260884627572324e+00 3.398787358711449214e-01 -1.675905261610260411e+01 3.398787358711449214e-01 -1.701750075989708177e+00 6.957539872125310332e+00 -1.675905261610260411e+01 6.957539872125310332e+00 7.897454324915728741e+00
-1.880572641204257422e+01 6.261836180794517759e+00 -8.661529131742819132e+00 6.261836180794517759e+00 1.746026923062905567e+01 2.832603971983530755e+00 -8.661529131742819132e+00 2.832603971983530755e+00 -3.234179123064424033e+01
-1.874373835054732851e+01 6.241453789592158685e+00 -8.791958155266438979e+00 6.241453789592158685e+00 1.748787228956678419e+01 2.902361106358601894e+00 -8.791958155266438979e+00 2.902361106358601894e+00 -3.221606021119148267e+01
-1.861188347364811690e+01 6.218804657126039359e+00 -8.909024373436762900e+00 6.218804657126039359e+00 1.755448523444696107e+01 2.968553607294695862e+00 -8.909024373436762900e+00 2.968553607294695862e+00 -3.195085148333154024e+01
-1.842005135411667283e+01 6.193961904082086356e+00 -9.013477273284550506e+00 6.193961904082086356e+00 1.765094969935714175e+01 3.031437397192558336e+00 -9.013477273284550506e+00 3.031437397192558336e+00 -3.156914322261721395e+01
-1.816094820353169936e+01 6.167071771832157268e+00 -9.104457686750150103e+00 6.167071771832157268e+00 1.778426698997490618e+01 3.090518911422178494e+00 -9.104457686750150103e+00 3.090518911422178494e+00 -3.105868771415560659e+01
-1.784652925404238388e+01 6.138225661233660979e+00 -9.182715100864323077e+00 6.138225661233660979e+00 1.794341416289665148e+01 3.146090632727266634e+00 -9.182715100864323077e+00 3.146090632727266634e+00 -3.044087275858058916e+01
-1.746571672173067569e+01 6.107423572286596603e+00 -9.247134425166667171e+00 6.107423572286596603e+00 1.813862811415225451e+01 3.197549315448918961e+00 -9.247134425166667171e+00 3.197549315448918961e+00 -2.969617513274944542e+01
-1.702986259308685391e+01 6.074866586877267771e+00 -9.297971582057932949e+00 6.074866586877267771e+00 1.835981818908368979e+01 3.245059481130473156e+00 -9.297971582057932949e+00 3.245059481130473156e+00 -2.884671384415531747e+01
-1.653741305353495505e+01 6.040572985177154131e+00 -9.334787847422555629e+00 6.040572985177154131e+00 1.860833712038062160e+01 3.288237246170807815e+00 -9.334787847422555629e+00 3.288237246170807815e+00 -2.788943610416072971e+01
-1.598999503833687363e+01 6.004597607700701722e+00 -9.357016535944589819e+00 6.004597607700701722e+00 1.888290529603931489e+01 3.326936369198068455e+00 -9.357016535944589819e+00 3.326936369198068455e+00 -2.682863775306393350e+01
-7.516951221018574714e+00 9.864362338911318862e-01 2.805994281377781263e+01 9.864362338911318862e-01 -1.323329069760470489e+01 6.548009788384556273e+00 2.805994281377781263e+01 6.548009788384556273e+00 4.981777194336064696e+00
-7.507481725667285666e+00 1.015155494888962950e+00 2.798416857008843550e+01 1.015155494888962950e+00 -1.323124323915037159e+01 6.490260491444932889e+00 2.798416857008843550e+01 6.490260491444932889e+00 4.979199590389091767e+00
-7.495653996917701178e+00 1.039048603815866612e+00 2.786035217623846094e+01 1.039048603815866612e+00 -1.322075001457191412e+01 6.421944846410626795e+00 2.786035217623846094e+01 6.421944846410626795e+00 4.972618473928736016e+00
-7.482199269932084285e+00 1.058280088583350986e+00 2.768902377772052859e+01 1.058280088583350986e+00 -1.320285303397555765e+01 6.342971448886355113e+00 2.768902377772052859e+01 6.342971448886355113e+00 4.961046677485943412e+00
-7.468543453276846655e+00 1.072886510949530026e+00 2.747042102596237001e+01 1.072886510949530026e+00 -1.317894164416959768e+01 6.253194051839665590e+00 2.747042102596237001e+01 6.253194051839665590e+00 4.942582989638832913e+00
-7.455472624751416255e+00 1.083379735527986387e+00 2.720523859436813652e+01 1.083379735527986387e+00 -1.314976536119535311e+01 6.152612655270559117e+00 2.720523859436813652e+01 6.152612655270559117e+00 4.916624141378540536e+00
-7.444394412043151554e+00 1.089704919681550921e+00 2.689367757260745506e+01 1.089704919681550921e+00 -1.311753617141866535e+01 6.040953045993186166e+00 2.689367757260745506e+01 6.040953045993186166e+00 4.880738775790543826e+00
-7.436588476686006643e+00 1.092575017693428352e+00 2.653665200463314022e+01 1.092575017693428352e+00 -1.308272937769500466e+01 5.918032415216982756e+00 2.653665200463314022e+01 5.918032415216982756e+00 4.834085972438242784e+00
-7.432786053842245444e+00 1.091916906047392777e+00 2.613432641835671433e+01 1.091916906047392777e+00 -1.304748384287398721e+01 5.783613111514211091e+00 2.613432641835671433e+01 5.783613111514211091e+00 4.774727958141643747e+00
-7.435144287240539107e+00 1.088553224300988553e+00 2.568748689157760268e+01 1.088553224300988553e+00 -1.301275017266655176e+01 5.637256393787517972e+00 2.568748689157760268e+01 5.637256393787517972e+00 4.700324780381508027e+00
3.788472140888946171e+01 1.094942898501073714e+01 -1.017965105157391115e+01 1.094942898501073714e+01 4.956608563042375692e+01 -2.228034814972744471e+01 -1.017965105157391115e+01 -2.228034814972744471e+01 5.071565004779828456e+01
3.773787660090358287e+01 1.087037061774399227e+01 -1.006187232593751446e+01 1.087037061774399227e+01 4.952841502399212459e+01 -2.251540653860347163e+01 -1.006187232593751446e+01 -2.251540653860347163e+01 5.049384262600875672e+01
3.751483012764622771e+01 1.077546271711793757e+01 -9.906388575773160454e+00 1.077546271711793757e+01 4.939612907075323278e+01 -2.268104362718475642e+01 -9.906388575773160454e+00 -2.268104362718475642e+01 5.004430786986119273e+01
3.721723405774117310e+01 1.066630572461185089e+01 -9.714662570174812828e+00 1.066630572461185089e+01 4.916886638069562565e+01 -2.277703569784516091e+01 -9.714662570174812828e+00 -2.277703569784516091e+01 4.936912807418346461e+01
3.684691255029382972e+01 1.054474100837930983e+01 -9.488311959669916362e+00 1.054474100837930983e+01 4.884657532667481661e+01 -2.280329670534386821e+01 -9.488311959669916362e+00 -2.280329670534386821e+01 4.847128040430799700e+01
3.640605115442107120e+01 1.041283365420003193e+01 -9.229023230978569359e+00 1.041283365420003193e+01 4.842989264347287559e+01 -2.276027408493314397e+01 -9.229023230978569359e+00 -2.276027408493314397e+01 4.735498107703503479e+01
3.589686983733607661e+01 1.027280362928721047e+01 -8.938568916061692349e+00 1.027280362928721047e+01 4.792000575541315044e+01 -2.264893154331019431e+01 -8.938568916061692349e+00 -2.264893154331019431e+01 4.602606395969228714e+01
3.532817963169896558e+01 1.012680206466137811e+01 -8.618446202109582899e+00 1.012680206466137811e+01 4.732486524274753492e+01 -2.247061138623182686e+01 -8.618446202109582899e+00 -2.247061138623182686e+01 4.450178972758852325e+01
3.468888070144378588e+01 9.978012634232932498e+00 -8.271890390177123464e+00 9.978012634232932498e+00 4.663436939420358840e+01 -2.222830798807862962e+01 -8.271890390177123464e+00 -2.222830798807862962e+01 4.276539676781172972e+01
3.399365236465465756e+01 9.828156242818300470e+00 -7.900037277443159311e+00 9.828156242818300470e+00 4.586262962927603581e+01 -2.192443061559361084e+01 -7.900037277443159311e+00 -2.192443061559361084e+01 4.085118271335333162e+01
1.475777886223405666e+00 -1.603001545740428924e+01 4.312554735143990570e+00 -1.603001545740428924e+01 -2.996279042413736438e+00 -2.039618770380492307e+01 4.312554735143990570e+00 -2.039618770380492307e+01 3.113965698669293758e+01
1.441641284026429215e+00 -1.595111957616633980e+01 4.283765480443059381e+00 -1.595111957616633980e+01 -2.889962251288658912e+00 -2.020724809227798602e+01 4.283765480443059381e+00 -2.020724809227798602e+01 3.122485445588919362e+01
1.363069484454907165e+00 -1.584654922513256281e+01 4.246316043433718157e+00 -1.584654922513256281e+01 -2.825073899855166104e+00 -1.996605931430821101e+01 4.246316043433718157e+00 -1.996605931430821101e+01 3.118239975758725535e+01
1.238838178991226613e+00 -1.571713261300605069e+01 4.200404474023227586e+00 -1.571713261300605069e+01 -2.802586233112537073e+00 -1.967280141526582682e+01 4.200404474023227586e+00 -1.967280141526582682e+01 3.101056445623285285e+01
