-1.978980197221449133e+00 -1.265806648502831964e-04 9.307295456920110510e-01 -1.265806648502831964e-04 -2.044548981613895755e+00 3.616590424293806075e-04 9.307295456920110510e-01 3.616590424293806075e-04 -4.685292894672625497e-02
-2.048762309458198150e+00 8.216893443995526569e-02 9.099522337044431142e-01 8.216893443995526569e-02 -2.197982830364560325e+00 -1.797445440874021264e-02 9.099522337044431142e-01 -1.797445440874021264e-02 -3.400137487399821357e-01
-2.107821231086915770e+00 1.629454815665574152e-01 8.932978348005700120e-01 1.629454815665574152e-01 -2.342682613240555600e+00 -3.694347118416122649e-02 8.932978348005700120e-01 -3.694347118416122649e-02 -6.181114694160543266e-01
-2.155017736123950201e+00 2.416786551034335595e-01 8.805855194591772905e-01 2.416786551034335595e-01 -2.476840035029734377e+00 -5.645497652322631343e-02 8.805855194591772905e-01 -5.645497652322631343e-02 -8.782709015876293268e-01
-2.191075142654159702e+00 3.178982982954255410e-01 8.716525411111716304e-01 3.178982982954255410e-01 -2.600509344588461058e+00 -7.649088747381399545e-02 8.716525411111716304e-01 -7.649088747381399545e-02 -1.120636708871678655e+00
-2.216933764187860145e+00 3.910980884831321558e-01 8.662276554747309065e-01 3.910980884831321558e-01 -2.713744790773100046e+00 -9.699695517955987667e-02 8.662276554747309065e-01 -9.699695517955987667e-02 -1.345841794592454121e+00
-2.233732826708704877e+00 4.608982836720025844e-01 8.639492035074257670e-01 4.608982836720025844e-01 -2.816944198530324073e+00 -1.179370137362210080e-01 8.639492035074257670e-01 -1.179370137362210080e-01 -1.554934969973000403e+00
-2.242955132290653797e+00 5.269372248196074748e-01 8.644555261668268598e-01 5.269372248196074748e-01 -2.910758554136505083e+00 -1.392748972395544682e-01 8.644555261668268598e-01 -1.392748972395544682e-01 -1.749543700704250027e+00
-2.246029234151303733e+00 5.889798335483678038e-01 8.672583837456546707e-01 5.889798335483678038e-01 -2.995893092724381201e+00 -1.609925227374387757e-01 8.672583837456546707e-01 -1.609925227374387757e-01 -1.931331618381378457e+00
-2.244691095694315131e+00 6.467367826243398676e-01 8.719237853929936444e-01 6.467367826243398676e-01 -3.073179630091539938e+00 -1.829994754692665648e-01 8.719237853929936444e-01 -1.829994754692665648e-01 -2.102613340875932657e+00
-8.348053631949158060e+00 1.740493068284450162e+00 1.509378864926066877e+00 1.740493068284450162e+00 -2.380964873311034324e+01 7.324380570644749788e+00 1.509378864926066877e+00 7.324380570644749788e+00 1.628771401048957301e+01
-8.440920186346923870e+00 1.783641705776062514e+00 1.849828568289702213e+00 1.783641705776062514e+00 -2.398775123044107360e+01 7.202071201266488920e+00 1.849828568289702213e+00 7.202071201266488920e+00 1.590636642553401536e+01
-8.555104875892158844e+00 1.823771036572969351e+00 2.190278271653337772e+00 1.823771036572969351e+00 -2.417174595053359454e+01 7.066531778916881557e+00 2.190278271653337772e+00 7.066531778916881557e+00 1.547698441588995699e+01
-8.689601265019957665e+00 1.860643175905284608e+00 2.530325400791012314e+00 1.860643175905284608e+00 -2.436027878008239966e+01 6.917926993052001983e+00 2.530325400791012314e+00 6.917926993052001983e+00 1.500073910657837395e+01
-8.844482549044135666e+00 1.893928744860858604e+00 2.868963520137824741e+00 1.893928744860858604e+00 -2.455309353548915041e+01 6.756567923755547156e+00 2.868963520137824741e+00 6.756567923755547156e+00 1.447914930036084868e+01
-9.019986612734573583e+00 1.923353261012899829e+00 3.205222791785777847e+00 1.923353261012899829e+00 -2.475011702144004033e+01 6.582765651111214922e+00 3.205222791785777847e+00 6.582765651111214922e+00 1.391334952460145047e+01
-9.216442835003425316e+00 1.948697138419974939e+00 3.538060182513064422e+00 1.948697138419974939e+00 -2.495153222621959088e+01 6.396739761060437068e+00 3.538060182513064422e+00 6.396739761060437068e+00 1.330434621486508107e+01
-9.434290387733557992e+00 1.969832285282915318e+00 3.866579049725499484e+00 1.969832285282915318e+00 -2.515774172405376419e+01 6.198746437201552162e+00 3.866579049725499484e+00 6.198746437201552162e+00 1.265285302546139867e+01
-9.673950143979379135e+00 1.986594012145644905e+00 4.189919348485801720e+00 1.986594012145644905e+00 -2.536918468682542738e+01 5.988877173676826260e+00 4.189919348485801720e+00 5.988877173676826260e+00 1.195956531187160898e+01
-9.936007666251382986e+00 1.998927422522806419e+00 4.507349125655863098e+00 1.998927422522806419e+00 -2.558648327470197614e+01 5.767186866971615977e+00 4.507349125655863098e+00 5.767186866971615977e+00 1.122484905066476379e+01
-1.387208932255830796e+01 -8.629529181500839030e+00 1.064370456892949868e+01 -8.629529181500839030e+00 1.713191347410706911e+01 -1.349888835492858519e+01 1.064370456892949868e+01 -1.349888835492858519e+01 7.061090587504610383e+00
-1.417907837766320611e+01 -8.580163020870084978e+00 1.058489758049928575e+01 -8.580163020870084978e+00 1.695167293726397872e+01 -1.346249432409861413e+01 1.058489758049928575e+01 -1.346249432409861413e+01 6.423240155091986203e+00
-1.447032070853770769e+01 -8.525211637686215482e+00 1.050886648638914700e+01 -8.525211637686215482e+00 1.674871315642257485e+01 -1.338932790865281319e+01 1.050886648638914700e+01 -1.338932790865281319e+01 5.764724399232838969e+00
-1.474268138381329685e+01 -8.465197520510653106e+00 1.041631394362995522e+01 -8.465197520510653106e+00 1.652548442276745178e+01 -1.327969539498925755e+01 1.041631394362995522e+01 -1.327969539498925755e+01 5.092065418521451114e+00
-1.499554783069381969e+01 -8.400679191598708684e+00 1.030788855871175258e+01 -8.400679191598708684e+00 1.628256327540086090e+01 -1.313419133905715341e+01 1.030788855871175258e+01 -1.313419133905715341e+01 4.407587386213793756e+00
-1.522875789755677012e+01 -8.332269223746529008e+00 1.018414885388984636e+01 -8.332269223746529008e+00 1.602021996702698914e+01 -1.295362649896904372e+01 1.018414885388984636e+01 -1.295362649896904372e+01 3.713037936463585265e+00
-1.544261787080021975e+01 -8.260598206597206783e+00 1.004563533457260682e+01 -8.260598206597206783e+00 1.573874276719696041e+01 -1.273897378445999173e+01 1.004563533457260682e+01 -1.273897378445999173e+01 3.009714282250903761e+00
-1.563770428952642533e+01 -8.186260696099946443e+00 9.892834455627561141e+00 -8.186260696099946443e+00 1.543832986122718332e+01 -1.249138627373450738e+01 9.892834455627561141e+00 -1.249138627373450738e+01 2.298517265923024411e+00
-1.581475584446015681e+01 -8.109779180816170552e+00 9.726106553993620452e+00 -8.109779180816170552e+00 1.511917943443405221e+01 -1.221208911238489137e+01 9.726106553993620452e+00 -1.221208911238489137e+01 1.580275662439443174e+00
-1.597483552957119635e+01 -8.031694166154240477e+00 9.545739899221912239e+00 -8.031694166154240477e+00 1.478148967213397036e+01 -1.190234347969732731e+01 9.545739899221912239e+00 -1.190234347969732731e+01 8.551336065757235705e-01
-3.542436399073547015e+00 -1.523595324123669936e+00 2.003235116676187033e+01 -1.523595324123669936e+00 2.589229470198881700e+01 -1.339755885039016547e+01 2.003235116676187033e+01 -1.339755885039016547e+01 3.199980751460388628e+00
-3.579061716144027905e+00 -1.485129808195501555e+00 1.988769009733763227e+01 -1.485129808195501555e+00 2.579169120909912394e+01 -1.323574641297194887e+01 1.988769009733763227e+01 -1.323574641297194887e+01 3.000846222646936567e+00
-3.597088518546035285e+00 -1.446700024283987362e+00 1.971145979119947711e+01 -1.446700024283987362e+00 2.568079689541303878e+01 -1.304311511118954670e+01 1.971145979119947711e+01 -1.304311511118954670e+01 2.797870502043164898e+00
-3.596641868337858039e+00 -1.408716890580649972e+00 1.950376744439735788e+01 -1.408716890580649972e+00 2.556012987517204849e+01 -1.281982573911790446e+01 1.950376744439735788e+01 -1.281982573911790446e+01 2.591875426032120178e+00
-3.578472137869234349e+00 -1.371734253343627863e+00 1.926498824310615277e+01 -1.371734253343627863e+00 2.542979734442612028e+01 -1.256621775091523574e+01 1.926498824310615277e+01 -1.256621775091523574e+01 2.383057520705398780e+00
-3.544133669864617975e+00 -1.336145164756117110e+00 1.899542590946741782e+01 -1.336145164756117110e+00 2.528931692095041583e+01 -1.228277352880636819e+01 1.899542590946741782e+01 -1.228277352880636819e+01 2.170469887621667482e+00
-3.495466663181696632e+00 -1.302289078976331060e+00 1.869529483558106975e+01 -1.302289078976331060e+00 2.513829555256174686e+01 -1.197004691904944451e+01 1.869529483558106975e+01 -1.197004691904944451e+01 1.952951236239665933e+00
-3.434668636844698586e+00 -1.270505450162484840e+00 1.836468435148875855e+01 -1.270505450162484840e+00 2.497609006296033485e+01 -1.162862749991925604e+01 1.836468435148875855e+01 -1.162862749991925604e+01 1.728822161776651045e+00
-3.364758946260897776e+00 -1.240955072389521296e+00 1.800323713702393036e+01 -1.240955072389521296e+00 2.480177141971317312e+01 -1.125883685956569025e+01 1.800323713702393036e+01 -1.125883685956569025e+01 1.496117403316645778e+00
-3.286809551929918527e+00 -1.213905935782346734e+00 1.761125691432815188e+01 -1.213905935782346734e+00 2.461537535483691741e+01 -1.086190775256331520e+01 1.761125691432815188e+01 -1.086190775256331520e+01 1.253371948176830619e+00
-1.359385804766490224e+01 1.155654055613897313e+01 -2.954383940662529184e+00 1.155654055613897313e+01 -2.521268594715209233e+01 1.328956936086144580e+01 -2.954383940662529184e+00 1.328956936086144580e+01 5.805139869987076651e+00
-1.349067218250862865e+01 1.151486827851292638e+01 -2.833862260631760499e+00 1.151486827851292638e+01 -2.502680032325871906e+01 1.341383086067916786e+01 -2.833862260631760499e+00 1.341383086067916786e+01 6.183561733257028514e+00
-1.339161301504830348e+01 1.145934208719333824e+01 -2.708071671935629254e+00 1.145934208719333824e+01 -2.483172174333731519e+01 1.351324006053334514e+01 -2.708071671935629254e+00 1.351324006053334514e+01 6.555038216922638661e+00
-1.329780433349577073e+01 1.139023832354378030e+01 -2.577159556634705861e+00 1.139023832354378030e+01 -2.462894245075115407e+01 1.358735481424226954e+01 -2.577159556634705861e+00 1.358735481424226954e+01 6.914558330924542418e+00
-1.321062784466886875e+01 1.130799913374595889e+01 -2.441365410577414963e+00 1.130799913374595889e+01 -2.441991784334835458e+01 1.363547505701823681e+01 -2.441365410577414963e+00 1.363547505701823681e+01 7.259395507142201609e+00
-1.313148367814300777e+01 1.121308508673915405e+01 -2.300965575127324581e+00 1.121308508673915405e+01 -2.420621385552247418e+01 1.365691914683110930e+01 -2.300965575127324581e+00 1.365691914683110930e+01 7.586657372636938845e+00
-1.306191934555416800e+01 1.110597517422021596e+01 -2.155941627526864579e+00 1.110597517422021596e+01 -2.398983856784876778e+01 1.365096859613561264e+01 -2.155941627526864579e+00 1.365096859613561264e+01 7.893451554470079401e+00
-1.300366658611404524e+01 1.098725892443142449e+01 -2.006385681563889634e+00 1.098725892443142449e+01 -2.377281848366007111e+01 1.361683122635618481e+01 -2.006385681563889634e+00 1.361683122635618481e+01 8.176406688006087720e+00
-1.295854925282218417e+01 1.085741532906962981e+01 -1.852095086905117372e+00 1.085741532906962981e+01 -2.355721695180435660e+01 1.355380697270511980e+01 -1.852095086905117372e+00 1.355380697270511980e+01 8.432317213427580782e+00
-1.292817012558728074e+01 1.071712603016496779e+01 -1.692756656671837057e+00 1.071712603016496779e+01 -2.334548419903859440e+01 1.346091942903114713e+01 -1.692756656671837057e+00 1.346091942903114713e+01 8.658161798492880479e+00
-3.794855390687831687e+01 -8.258014916622830270e+00 9.327447173727252405e+00 -8.258014916622830270e+00 -1.329944274465340115e+01 9.904053677989875126e+00 9.327447173727252405e+00 9.904053677989875126e+00 -2.168465054709719197e+01
-3.785332728948447567e+01 -8.264811483040743312e+00 9.375676654654371944e+00 -8.264811483040743312e+00 -1.319639260712465045e+01 9.825855820412339625e+00 9.375676654654371944e+00 9.825855820412339625e+00 -2.141015515448798467e+01
-3.771134627013882579e+01 -8.267948359849013329e+00 9.411601362863343923e+00 -8.267948359849013329e+00 -1.306705245444088881e+01 9.730218421531695583e+00 9.411601362863343923e+00 9.730218421531695583e+00 -2.104541853798379236e+01
-3.752324569295733170e+01 -8.267574922133741566e+00 9.435426689097569763e+00 -8.267574922133741566e+00 -1.291205713071808248e+01 9.617066793804889713e+00 9.435426689097569763e+00 9.617066793804889713e+00 -2.059411905908001472e+01
-3.728990313657088507e+01 -8.263560466694590545e+00 9.447133961471282149e+00 -8.263560466694590545e+00 -1.273248960533051033e+01 9.486438281003447770e+00 9.447133961471282149e+00 9.486438281003447770e+00 -2.005857203161133029e+01
-3.701255094543986957e+01 -8.255830305988501649e+00 9.446629820555669355e+00 -8.255830305988501649e+00 -1.252960089462432691e+01 9.338388898784662828e+00 9.446629820555669355e+00 9.338388898784662828e+00 -1.944161558221378527e+01
-3.669268287042535803e+01 -8.244365768129712890e+00 9.433820906921907223e+00 -8.244365768129712890e+00 -1.230486607757484840e+01 9.172955990920058866e+00 9.433820906921907223e+00 9.172955990920058866e+00 -1.874670400975363194e+01
-3.633216610010371284e+01 -8.229129509346698512e+00 9.408595189255420266e+00 -8.229129509346698512e+00 -1.206017101464419028e+01 8.990214244952692724e+00 9.408595189255420266e+00 8.990214244952692724e+00 -1.797772106646967671e+01
-3.593277446362246508e+01 -8.210084185867927431e+00 9.370803292470098356e+00 -8.210084185867927431e+00 -1.179721484743683035e+01 8.790144988996797082e+00 9.370803292470098356e+00 8.790144988996797082e+00 -1.713851316082920206e+01
-3.549665522784441407e+01 -8.187229797693404976e+00 9.320351857137122664e+00 -8.187229797693404976e+00 -1.151786476452911856e+01 8.572785566823903025e+00 9.320351857137122664e+00 8.572785566823903025e+00 -1.623311342015712100e+01
-1.745212460738708060e+01 3.308096378730275511e+00 8.150012275449205035e+00 3.308096378730275511e+00 2.221380347566194402e+01 1.064830733706162036e+01 8.150012275449205035e+00 1.064830733706162036e+01 -2.257645599478037113e+01
-1.732530769118578817e+01 3.340720424630278629e+00 8.168626106082150784e+00 3.340720424630278629e+00 2.219323220227499860e+01 1.075620230664091004e+01 8.168626106082150784e+00 1.075620230664091004e+01 -2.243280144600068837e+01
-1.714442548114021392e+01 3.371695143765337299e+00 8.175459031251206099e+00 3.371695143765337299e+00 2.219593274829671969e+01 1.084229353887702807e+01 8.175459031251206099e+00 1.084229353887702807e+01 -2.219807143575016539e+01
-1.690940547937058014e+01 3.400911789315784528e+00 8.170438553076595056e+00 3.400911789315784528e+00 2.222246697229538981e+01 1.090652666036014651e+01 8.170438553076595056e+00 1.090652666036014651e+01 -2.187351655245496573e+01
-1.662129890513366348e+01 3.428098494232454385e+00 8.153455924738649330e+00 3.428098494232454385e+00 2.227236363805245034e+01 1.094862980404109543e+01 8.153455924738649330e+00 1.094862980404109543e+01 -2.146091299416964659e+01
-1.628177320966435104e+01 3.453164636165623413e+00 8.124384274947756168e+00 3.453164636165623413e+00 2.234455340184118199e+01 1.096851234757015270e+01 8.124384274947756168e+00 1.096851234757015270e+01 -2.096294318244598642e+01
-1.589269521336692215e+01 3.475892721475958957e+00 8.083132981354197000e+00 3.475892721475958957e+00 2.243791254652501976e+01 1.096599304624787408e+01 8.083132981354197000e+00 1.096599304624787408e+01 -2.038274265058437251e+01
-1.545623985263471312e+01 3.496137754403905173e+00 8.029647670548136773e+00 3.496137754403905173e+00 2.255088236768875731e+01 1.094098127772453921e+01 8.029647670548136773e+00 1.094098127772453921e+01 -1.972415378621302651e+01
-1.497476330856049920e+01 3.513682241310128962e+00 7.963819595709907162e+00 3.513682241310128962e+00 2.268194040985704873e+01 1.089335017071053358e+01 7.963819595709907162e+00 1.089335017071053358e+01 -1.899109147483995486e+01
-1.445076675799661281e+01 3.528399310905019792e+00 7.885594383429676668e+00 3.528399310905019792e+00 2.282920172815567028e+01 1.082306347626597187e+01 7.885594383429676668e+00 1.082306347626597187e+01 -1.818786934031193070e+01
-2.143682649816612695e+01 -7.138458136733324189e+00 1.304573100866817192e+01 -7.138458136733324189e+00 -3.307680049916217513e+01 -2.282150547345999314e+00 1.304573100866817192e+01 -2.282150547345999314e+00 -2.632638762931789600e+01
-2.131123733452819025e+01 -7.094824552404610962e+00 1.309993166335510217e+01 -7.094824552404610962e+00 -3.283519799493657843e+01 -2.229390006672489211e+00 1.309993166335510217e+01 -2.229390006672489211e+00 -2.582924905021737416e+01
-2.114437113676531510e+01 -7.045318295345843751e+00 1.313658911096945126e+01 -7.045318295345843751e+00 -3.254087235559626379e+01 -2.169821654299171065e+00 1.313658911096945126e+01 -2.169821654299171065e+00 -2.522079152815735270e+01
-2.093806077725822945e+01 -6.990126393350974077e+00 1.315590908208456611e+01 -6.990126393350974077e+00 -3.219646067303593640e+01 -2.103819545813947034e+00 1.315590908208456611e+01 -2.103819545813947034e+00 -2.450763584704370146e+01
-2.069376507279974220e+01 -6.929473279772741634e+00 1.315766714334770349e+01 -6.929473279772741634e+00 -3.180387063075388809e+01 -2.031645520128347204e+00 1.315766714334770349e+01 -2.031645520128347204e+00 -2.369357867109361138e+01
-2.041303635407965089e+01 -6.863508576846307108e+00 1.314167626696491098e+01 -6.863508576846307108e+00 -3.136545877895390433e+01 -1.953841957844830279e+00 1.314167626696491098e+01 -1.953841957844830279e+00 -2.278284682845037068e+01
-2.009778230459624027e+01 -6.792475420703808275e+00 1.310759980290708349e+01 -6.792475420703808275e+00 -3.088401183176585008e+01 -1.870913834007061904e+00 1.310759980290708349e+01 -1.870913834007061904e+00 -2.178045266399185920e+01
-1.975019114953875032e+01 -6.716616947477378474e+00 1.305510110114510347e+01 -6.716616947477378474e+00 -3.036263445056931332e+01 -1.783440934776290065e+00 1.305510110114510347e+01 -1.783440934776290065e+00 -2.069183868652205405e+01
-1.937248851965518170e+01 -6.636194996078550012e+00 1.298373129497349332e+01 -6.636194996078550012e+00 -2.980459962175841682e+01 -1.692003046313762082e+00 1.298373129497349332e+01 -1.692003046313762082e+00 -1.952250351318309285e+01
-1.896727410128146118e+01 -6.551471405418855198e+00 1.289304151768676832e+01 -6.551471405418855198e+00 -2.921349827897703477e+01 -1.597236063118910421e+00 1.289304151768676832e+01 -1.597236063118910421e+00 -1.827846943894019560e+01
-3.749517571710095609e+01 1.089230786235039883e+00 -1.628331205286605687e+00 1.089230786235039883e+00 -2.538580952021602144e+01 3.513235108969261500e+00 -1.628331205286605687e+00 3.513235108969261500e+00 -1.198395437576543188e+01
-3.736026952636706255e+01 1.217601404985855451e+00 -1.726626956974866900e+00 1.217601404985855451e+00 -2.520286968439155473e+01 3.565575864535786899e+00 -1.726626956974866900e+00 3.565575864535786899e+00 -1.155410475026488726e+01
-3.718980158435558536e+01 1.345766031496516746e+00 -1.820372152812443023e+00 1.345766031496516746e+00 -2.499609092841102864e+01 3.615032728740149359e+00 -1.820372152812443023e+00 3.615032728740149359e+00 -1.105837506104948353e+01
-3.698517638361303028e+01 1.472863243671832079e+00 -1.909416980261039454e+00 1.472863243671832079e+00 -2.476712119019567737e+01 3.661249896803900228e+00 -1.909416980261039454e+00 3.661249896803900228e+00 -1.050346941920788346e+01
-3.674748006504205478e+01 1.598069072551183467e+00 -1.993555447080501919e+00 1.598069072551183467e+00 -2.451775822020503526e+01 3.703796657679444326e+00 -1.993555447080501919e+00 3.703796657679444326e+00 -9.892758606851705494e+00
-3.647849165253487058e+01 1.720540822606666298e+00 -2.072356842223234796e+00 1.720540822606666298e+00 -2.425021175337893808e+01 3.741923948675310196e+00 -2.072356842223234796e+00 3.741923948675310196e+00 -9.229894304601868882e+00
-3.617995271684916503e+01 1.839360892041228768e+00 -2.145484087478076063e+00 1.839360892041228768e+00 -2.396682261062822761e+01 3.774901433667313899e+00 -2.145484087478076063e+00 3.774901433667313899e+00 -8.519127443232472174e+00
-3.585386700068462318e+01 1.953742765028826378e+00 -2.212600104633863030e+00 1.953742765028826378e+00 -2.367015633167120114e+01 3.801998776531271496e+00 -2.212600104633863030e+00 3.801998776531271496e+00 -7.764484234710170796e+00
-3.550238805927921959e+01 2.062787566339694401e+00 -2.273330362344861744e+00 2.062787566339694401e+00 -2.336266609682242290e+01 3.822298375470131848e+00 -2.273330362344861744e+00 3.822298375470131848e+00 -6.970440328616504644e+00
-3.512776308070736064e+01 2.165708780147788559e+00 -2.327356508967196369e+00 2.165708780147788559e+00 -2.304708598490575255e+01 3.835051167792422611e+00 -2.327356508967196369e+00 3.835051167792422611e+00 -6.141096843187273890e+00
-2.379103541593499926e+01 7.031946302088485368e+00 1.618757888499708386e+01 7.031946302088485368e+00 1.947517805343245101e+01 1.709709356567578498e+00 1.618757888499708386e+01 1.709709356567578498e+00 -3.011220079814044936e+01
-2.362406034012589018e+01 7.003620988451831231e+00 1.613816025269483490e+01 7.003620988451831231e+00 1.959355631454966584e+01 1.741358465872750561e+00 1.613816025269483490e+01 1.741358465872750561e+00 -2.974446481143014864e+01
-2.339378704570643208e+01 6.972958060279076165e+00 1.606867100808653959e+01 6.972958060279076165e+00 1.973982158657801378e+01 1.768734123604114306e+00 1.606867100808653959e+01 1.768734123604114306e+00 -2.926534514459737935e+01
-2.310085472415134689e+01 6.940048830638037458e+00 1.597876416151448886e+01 6.940048830638037458e+00 1.991327989020208733e+01 1.792256369873624910e+00 1.597876416151448886e+01 1.792256369873624910e+00 -2.867701504865616258e+01
-2.274623129397948773e+01 6.904875036915150588e+00 1.586814751116167344e+01 6.904875036915150588e+00 2.011303635735729500e+01 1.812436557861054398e+00 1.586814751116167344e+01 1.812436557861054398e+00 -2.798203128950536822e+01
-2.233179780438786821e+01 6.867400153883290947e+00 1.573652885521108047e+01 6.867400153883290947e+00 2.033752040327718902e+01 1.829603414610541989e+00 1.573652885521108047e+01 1.829603414610541989e+00 -2.718411944031189975e+01
-2.185969098116339993e+01 6.827697231996710414e+00 1.558363425445926254e+01 6.827697231996710414e+00 2.058514318058176329e+01 1.844140455006916479e+00 1.558363425445926254e+01 1.844140455006916479e+00 -2.628762600310382069e+01
-2.133241280236424586e+01 6.785693220801155334e+00 1.540904366879426313e+01 6.785693220801155334e+00 2.085402364007400422e+01 1.856431193935007107e+00 1.540904366879426313e+01 1.856431193935007107e+00 -2.529753667138390938e+01
-2.075259308434351979e+01 6.741242019388121065e+00 1.521275709821607869e+01 6.741242019388121065e+00 2.114239030823826937e+01 1.866859146279642445e+00 1.521275709821607869e+01 1.866859146279642445e+00 -2.421943980490253168e+01
-2.012403045072239038e+01 6.694635829574618668e+00 1.499378836159229778e+01 6.694635829574618668e+00 2.144772294440282323e+01 1.875460837267949543e+00 1.499378836159229778e+01 1.875460837267949543e+00 -2.305921596522705741e+01
5.668875003728682316e+01 1.330761846738270648e+01 -2.032652275329218128e+01 1.330761846738270648e+01 6.653970523698545492e+01 -2.648208867361962149e+01 -2.032652275329218128e+01 -2.648208867361962149e+01 7.833008876796036191e+01
5.619419455273318675e+01 1.330889534660631313e+01 -2.031412358398926798e+01 1.330889534660631313e+01 6.620701099506634080e+01 -2.656481700647537991e+01 -2.031412358398926798e+01 -2.656481700647537991e+01 7.737908256305230736e+01
5.556114807554551760e+01 1.328366018089767309e+01 -2.022270911220450529e+01 1.328366018089767309e+01 6.571917592747907122e+01 -2.655080493710054412e+01 -2.022270911220450529e+01 -2.655080493710054412e+01 7.605912546669168250e+01
5.479508774555139183e+01 1.323280342550482480e+01 -2.005397624322189642e+01 1.323280342550482480e+01 6.508041709587000412e+01 -2.644111093116731226e+01 -2.005397624322189642e+01 -2.644111093116731226e+01 7.438246543879967021e+01
5.390179312134186063e+01 1.315775316903312309e+01 -1.981047873548865113e+01 1.315775316903312309e+01 6.429542199107318368e+01 -2.623791912418974448e+01 -1.981047873548865113e+01 -2.623791912418974448e+01 7.236205608307889747e+01
5.289327694824426374e+01 1.306059274074213050e+01 -1.949581201208177106e+01 1.306059274074213050e+01 6.337514489274375507e+01 -2.594470733194793510e+01 -1.949581201208177106e+01 -2.594470733194793510e+01 7.002427503612229032e+01
5.177925022877499117e+01 1.294421191992738152e+01 -1.911510039093809965e+01 1.294421191992738152e+01 6.232897758359219864e+01 -2.556686868905737242e+01 -1.911510039093809965e+01 -2.556686868905737242e+01 6.739323179379663031e+01
5.057330500624848213e+01 1.281197091507204711e+01 -1.867469466609082573e+01 1.281197091507204711e+01 6.117051210693293939e+01 -2.511137562812064772e+01 -1.867469466609082573e+01 -2.511137562812064772e+01 6.450205801174600140e+01
4.929120065845081911e+01 1.266776756801661108e+01 -1.818232331705126015e+01 1.266776756801661108e+01 5.991597826973971763e+01 -2.458701509432125931e+01 -1.818232331705126015e+01 -2.458701509432125931e+01 6.139035374694464053e+01
4.795042707053693221e+01 1.251580213936504293e+01 -1.764663888066357345e+01 1.251580213936504293e+01 5.858384041762759153e+01 -2.400391811623598315e+01 -1.764663888066357345e+01 -2.400391811623598315e+01 5.810280977221874110e+01
-5.551900204943375883e+01 -7.618084548369952635e+00 1.452785467280958365e+01 -7.618084548369952635e+00 -5.859921271810627985e+01 9.694525517340316867e+00 1.452785467280958365e+01 9.694525517340316867e+00 -7.079984121680219289e+01
-5.545513151289934228e+01 -7.548730971929963118e+00 1.453394693937132764e+01 -7.548730971929963118e+00 -5.859750295297443046e+01 9.744914457547778852e+00 1.453394693937132764e+01 9.744914457547778852e+00 -7.070617753153356944e+01
-5.531302448222844959e+01 -7.476999446283614681e+00 1.452677378680669307e+01 -7.476999446283614681e+00 -5.851468743268026884e+01 9.789918620213571288e+00 1.452677378680669307e+01 9.789918620213571288e+00 -7.037469927315632390e+01
-5.509171798625487781e+01 -7.402909623903688896e+00 1.450615834286065997e+01 -7.402909623903688896e+00 -5.834980318605756366e+01 9.829282523191553267e+00 1.450615834286065997e+01 9.829282523191553267e+00 -6.980666419992836325e+01
-5.479203742883538553e+01 -7.326245327589605338e+00 1.447162894818651502e+01 -7.326245327589605338e+00 -5.810400970900034423e+01 9.862593464553350842e+00 1.447162894818651502e+01 9.862593464553350842e+00 -6.900466643825663482e+01
-5.441382559018772724e+01 -7.246633160358549652e+00 1.442283185827421832e+01 -7.246633160358549652e+00 -5.777740526387249531e+01 9.889320827533907732e+00 1.442283185827421832e+01 9.889320827533907732e+00 -6.797130011454807175e+01
-5.396056095799392693e+01 -7.164544781557235176e+00 1.435917749894037598e+01 -7.164544781557235176e+00 -5.737281980675430759e+01 9.908835733004268675e+00 1.435917749894037598e+01 9.908835733004268675e+00 -6.671220548849046850e+01
-5.343275449654626641e+01 -7.079724709039526331e+00 1.428033177814773325e+01 -7.079724709039526331e+00 -5.689084291182919628e+01 9.920489649362703943e+00 1.428033177814773325e+01 9.920489649362703943e+00 -6.523152923184038343e+01
-5.283612507542366643e+01 -6.992526687315458567e+00 1.418576407913123205e+01 -6.992526687315458567e+00 -5.633709518631216184e+01 9.923457172752458533e+00 1.418576407913123205e+01 9.923457172752458533e+00 -6.354483610303943664e+01
-5.217387604768924803e+01 -6.903186546058391215e+00 1.407521891974473860e+01 -6.903186546058391215e+00 -5.571440658628352338e+01 9.916932551789555461e+00 1.407521891974473860e+01 9.916932551789555461e+00 -6.166210955825977891e+01
8.326679336107620344e+00 -6.133341957989236981e+00 3.829419556584284123e+00 -6.133341957989236981e+00 2.310786908843742538e+01 -4.130139417735154694e+00 3.829419556584284123e+00 -4.130139417735154694e+00 2.715414628218428206e+01
8.286241660979015933e+00 -5.985836347576943162e+00 3.588012998637780893e+00 -5.985836347576943162e+00 2.315590650146170404e+01 -4.149545260082710740e+00 3.588012998637780893e+00 -4.149545260082710740e+00 2.714016629921805546e+01
8.221979691237930155e+00 -5.832038861139395181e+00 3.344379540749754742e+00 -5.832038861139395181e+00 2.316089051561653989e+01 -4.159813743146399290e+00 3.344379540749754742e+00 -4.159813743146399290e+00 2.702958127593148774e+01
8.134070164974961159e+00 -5.673310381974189909e+00 3.099014049573877383e+00 -5.673310381974189909e+00 2.312227324282108398e+01 -4.160662085981265079e+00 3.099014049573877383e+00 -4.160662085981265079e+00 2.682166658615312471e+01
8.021912172682077014e+00 -5.511135510042342034e+00 2.852764867945015492e+00 -5.511135510042342034e+00 2.303902960214987772e+01 -4.151878202878591217e+00 2.852764867945015492e+00 -4.151878202878591217e+00 2.651596271084741474e+01
7.884975500087485045e+00 -5.347087214350165318e+00 2.606285926798377339e+00 -5.347087214350165318e+00 2.291027590314993034e+01 -4.133143965275304588e+00 2.606285926798377339e+00 -4.133143965275304588e+00 2.611199245716975170e+01
7.722270413883846274e+00 -5.182685442476794080e+00 2.360213483260111822e+00 -5.182685442476794080e+00 2.273493404346860203e+01 -4.104300308889866855e+00 2.360213483260111822e+00 -4.104300308889866855e+00 2.560903119894868141e+01
7.532824854572873541e+00 -5.019414794383244782e+00 2.114901013511414352e+00 -5.019414794383244782e+00 2.251224404931632606e+01 -4.065046778968263830e+00 2.114901013511414352e+00 -4.065046778968263830e+00 2.500649570048523529e+01
7.315242591238853009e+00 -4.858600805748993778e+00 1.870719667542537490e+00 -4.858600805748993778e+00 2.224105712310421978e+01 -4.015259658847075919e+00 1.870719667542537490e+00 -4.015259658847075919e+00 2.430350227132642971e+01
7.068339478674781517e+00 -4.701604359871638827e+00 1.627757814398780312e+00 -4.701604359871638827e+00 2.192075468151519857e+01 -3.954709189008528636e+00 1.627757814398780312e+00 -3.954709189008528636e+00 2.349936163291894076e+01
-1.027634108491426090e+01 -9.358453997608791042e+00 7.174361831562265479e+00 -9.358453997608791042e+00 2.553574930361081030e+01 -7.061148703129765947e-01 7.174361831562265479e+00 -7.061148703129765947e-01 3.905998759958813338e+01
-1.014890073330457021e+01 -9.414171360376466069e+00 7.232960207023322319e+00 -9.414171360376466069e+00 2.544432161066838205e+01 -7.864453291771931198e-01 7.232960207023322319e+00 -7.864453291771931198e-01 3.908929567933314786e+01
-1.004772739248576841e+01 -9.460765516281769649e+00 7.282933328433206732e+00 -9.460765516281769649e+00 2.527051829553001738e+01 -8.641971038405436012e-01 7.282933328433206732e+00 -8.641971038405436012e-01 3.896781297742890615e+01
-9.974706169528833044e+00 -9.497756296542466004e+00 7.323872163125574097e+00 -9.497756296542466004e+00 2.501535304784709268e+01 -9.397436589114295247e-01 7.323872163125574097e+00 -9.397436589114295247e-01 3.869335205831190905e+01
-9.931490979128115626e+00 -9.524734668492214951e+00 7.355136486057453737e+00 -9.524734668492214951e+00 2.468044421425600987e+01 -1.013298402737508486e+00 7.355136486057453737e+00 -1.013298402737508486e+00 3.826749570056063732e+01
-9.920447097136818826e+00 -9.541416087667471402e+00 7.376086072185867870e+00 -9.541416087667471402e+00 2.426767690182774828e+01 -1.085021391579524375e+00 7.376086072185867870e+00 -1.085021391579524375e+00 3.769150657023203621e+01
-9.943904231350213507e+00 -9.547711633923377406e+00 7.386205184670643575e+00 -9.547711633923377406e+00 2.377939860238653935e+01 -1.155019329611305601e+00 7.386205184670643575e+00 -1.155019329611305601e+00 3.696755431886066390e+01
-1.000442328194019126e+01 -9.543621307259934738e+00 7.384853598468811064e+00 -9.543621307259934738e+00 2.321829470430708753e+01 -1.223238864745938237e+00 7.384853598468811064e+00 -1.223238864745938237e+00 3.609811092647353092e+01
-1.010447622893378927e+01 -9.529376300053773008e+00 7.371533360769166876e+00 -9.529376300053773008e+00 2.258744184460145021e+01 -1.289679996983421395e+00 7.371533360769166876e+00 -1.289679996983421395e+00 3.508627081411167836e+01
-1.024674846070570311e+01 -9.505314508855347455e+00 7.345746518760507549e+00 -9.505314508855347455e+00 2.189007671654244902e+01 -1.354182670063012628e+00 7.345746518760507549e+00 -1.354182670063012628e+00 3.393503948267129999e+01
3.528191631505837478e+01 3.364866644511860905e+00 9.616896030065442247e+00 3.364866644511860905e+00 4.715707697345355598e+01 -4.490115604354723011e+00 9.616896030065442247e+00 -4.490115604354723011e+00 7.054525411560706516e+01
3.511163037267398579e+01 3.225288283660518562e+00 9.762496156209058640e+00 3.225288283660518562e+00 4.703982362313180943e+01 -4.476994314641157935e+00 9.762496156209058640e+00 -4.476994314641157935e+00 7.019340852820302246e+01
3.483360273196359458e+01 3.082254250681222718e+00 9.892100968295071795e+00 3.082254250681222718e+00 4.679364975223453627e+01 -4.453506008543731909e+00 9.892100968295071795e+00 -4.453506008543731909e+00 6.954747155687994109e+01
3.444947569255239017e+01 2.937646347227809152e+00 1.000512881853956415e+01 2.937646347227809152e+00 4.641985551463167070e+01 -4.419445398609300746e+00 1.000512881853956415e+01 -4.419445398609300746e+00 6.861127523409653861e+01
3.396145609456166881e+01 2.793568769695022436e+00 1.010050194781352317e+01 2.793568769695022436e+00 4.592075039417107973e+01 -4.374470339082621173e+00 1.010050194781352317e+01 -4.374470339082621173e+00 6.739073868141854007e+01
3.337202449471696042e+01 2.652159929053130583e+00 1.017707416783688501e+01 2.652159929053130583e+00 4.529934527349892193e+01 -4.318170255057401263e+00 1.017707416783688501e+01 -4.318170255057401263e+00 6.589342332003677427e+01
3.268330219670075820e+01 2.515489807121352506e+00 1.023356243202748850e+01 2.515489807121352506e+00 4.455883921542670834e+01 -4.250117464339587592e+00 1.023356243202748850e+01 -4.250117464339587592e+00 6.412707875130752200e+01
3.190163600427282020e+01 2.385782351308767701e+00 1.026900873227065425e+01 2.385782351308767701e+00 4.370669099741873254e+01 -4.169901392022889119e+00 1.026900873227065425e+01 -4.169901392022889119e+00 6.210858986825201811e+01
3.103126852479815767e+01 2.264833826830401353e+00 1.028228398757407724e+01 2.264833826830401353e+00 4.274921320865922780e+01 -4.077419394380732420e+00 1.028228398757407724e+01 -4.077419394380732420e+00 5.985227547072716447e+01
3.007902556609387190e+01 2.154560249915613124e+00 1.027275522829056342e+01 2.154560249915613124e+00 4.169540428251108466e+01 -3.972585934974306454e+00 1.027275522829056342e+01 -3.972585934974306454e+00 5.737765497406957138e+01
-2.362249957480580065e+01 1.257754604930715381e+01 -4.351643788788994271e+00 1.257754604930715381e+01 -1.455082054551961512e+01 1.174789791704021447e+01 -4.351643788788994271e+00 1.174789791704021447e+01 -3.788304186892639791e+01
-2.341383185204607642e+01 1.257674612846569318e+01 -4.274423523372606226e+00 1.257674612846569318e+01 -1.422372733260312572e+01 1.179624662092293974e+01 -4.274423523372606226e+00 1.179624662092293974e+01 -3.714594271773547263e+01
-2.314799769333728463e+01 1.256965845775414259e+01 -4.190096984434402039e+00 1.256965845775414259e+01 -1.384385794696047611e+01 1.182865271640724458e+01 -4.190096984434402039e+00 1.182865271640724458e+01 -3.626740640008807759e+01
-2.282590863638249346e+01 1.255609700906983939e+01 -4.098812994456513259e+00 1.255609700906983939e+01 -1.341260759936165670e+01 1.184466973604673079e+01 -4.098812994456513259e+00 1.184466973604673079e+01 -3.525275331972044768e+01
-2.244964819593155170e+01 1.253596876836144602e+01 -4.001055226505870976e+00 1.253596876836144602e+01 -1.293248766919264625e+01 1.184362797867180461e+01 -4.001055226505870976e+00 1.184362797867180461e+01 -3.410776895062546998e+01
-2.202102084458031328e+01 1.250914351595710450e+01 -3.897363162080202947e+00 1.250914351595710450e+01 -1.240587931616756734e+01 1.182496935997447096e+01 -3.897363162080202947e+00 1.182496935997447096e+01 -3.283823876679603870e+01
-2.154168223244250058e+01 1.247547242937467438e+01 -3.788462310779905806e+00 1.247547242937467438e+01 -1.183499627470813209e+01 1.178809859002619831e+01 -3.788462310779905806e+00 1.178809859002619831e+01 -3.145175271482089840e+01
-2.101604122555128029e+01 1.243482528894229588e+01 -3.674557303517910434e+00 1.243482528894229588e+01 -1.122545659351483849e+01 1.173227155641632535e+01 -3.674557303517910434e+00 1.173227155641632535e+01 -2.995649603121732696e+01
-2.044649758643103610e+01 1.238707187498810036e+01 -3.556410855515144576e+00 1.238707187498810036e+01 -1.058025532504059640e+01 1.165702318888818922e+01 -3.556410855515144576e+00 1.165702318888818922e+01 -2.836154688739539154e+01
-1.983506041859055458e+01 1.233210057065048737e+01 -3.434729873561737534e+00 1.233210057065048737e+01 -9.902480535789649707e+00 1.156190701999539527e+01 -3.434729873561737534e+00 1.156190701999539527e+01 -2.667336045851758186e+01
3.513137594449446510e+01 1.243592031508169704e+01 -7.633370589289328878e-01 1.243592031508169704e+01 2.489283279157931617e+01 -1.376055359698633040e+01 -7.633370589289328878e-01 -1.376055359698633040e+01 2.773969417708844176e+01
3.507464131555143894e+01 1.245703452394771027e+01 -8.497117828944416029e-01 1.245703452394771027e+01 2.461548867891897174e+01 -1.362682446238490641e+01 -8.497117828944416029e-01 -1.362682446238490641e+01 2.731427163676579184e+01
3.497259221192404510e+01 1.246249178850184869e+01 -9.255206847519368285e-01 1.246249178850184869e+01 2.431166026958853976e+01 -1.345787592075677175e+01 -9.255206847519368285e-01 -1.345787592075677175e+01 2.678503902246440660e+01
3.482630962531310104e+01 1.245251876829428461e+01 -9.910252947516171584e-01 1.245251876829428461e+01 2.398354441768968570e+01 -1.325468435170266801e+01 -9.910252947516171584e-01 -1.325468435170266801e+01 2.615506495578662083e+01
3.463551459011839739e+01 1.242735955822520388e+01 -1.046487143143680631e+00 1.242735955822520388e+01 2.363223955027325118e+01 -1.301859227717360845e+01 -1.046487143143680631e+00 -1.301859227717360845e+01 2.542652885548408292e+01
3.439994557608973480e+01 1.238751978344498816e+01 -1.092150324828312646e+00 1.238751978344498816e+01 2.325866974088992833e+01 -1.275108170192072166e+01 -1.092150324828312646e+00 -1.275108170192072166e+01 2.460157526960841778e+01
3.411923644087683982e+01 1.233357481050407500e+01 -1.128433288205830554e+00 1.233357481050407500e+01 2.286320113188999414e+01 -1.245379154884525086e+01 -1.128433288205830554e+00 -1.245379154884525086e+01 2.368198260386097687e+01
3.379296873607938778e+01 1.226629179480304721e+01 -1.155702175626512007e+00 1.226629179480304721e+01 2.244613012422367859e+01 -1.212846535294851513e+01 -1.155702175626512007e+00 -1.212846535294851513e+01 2.266959900534316219e+01
3.342091580214721347e+01 1.218654250384256343e+01 -1.174427741540713832e+00 1.218654250384256343e+01 2.200742184719094752e+01 -1.177684664923183888e+01 -1.174427741540713832e+00 -1.177684664923183888e+01 2.156613313835626400e+01
3.300307763908031689e+01 1.209526844652333821e+01 -1.185098175748806604e+00 1.209526844652333821e+01 2.154705886544179805e+01 -1.140066153734653298e+01 -1.185098175748806604e+00 -1.140066153734653298e+01 2.037339827930166791e+01
-3.461150571885848137e+01 -1.255637711089608644e+01 -9.651373731440873627e+00 -1.255637711089608644e+01 -8.884821077812537382e+00 -1.662033687892797218e+01 -9.651373731440873627e+00 -1.662033687892797218e+01 -4.055253193264560707e+01
-3.446892737417253727e+01 -1.254711877682557031e+01 -9.757891332514789795e+00 -1.254711877682557031e+01 -8.799139404323579328e+00 -1.662899669443231332e+01 -9.757891332514789795e+00 -1.662899669443231332e+01 -4.022727449934000532e+01
-3.426152198728778586e+01 -1.253236155342832525e+01 -9.855917451431102094e+00 -1.253236155342832525e+01 -8.668363097614392387e+00 -1.661422076732987207e+01 -9.855917451431102094e+00 -1.661422076732987207e+01 -3.975917686947575191e+01
-3.398934566931980328e+01 -1.251199321847319013e+01 -9.945957088230018783e+00 -1.251199321847319013e+01 -8.492155490991502020e+00 -1.657642057913489708e+01 -9.945957088230018783e+00 -1.657642057913489708e+01 -3.915005330245656978e+01
