-7.671879868653669332e-01 3.650260792672137895e-04 -3.046226017333490077e+00 3.650260792672252279e-04 -2.225721419740765761e+00 2.553801261344371145e-05 -3.046226017333490077e+00 2.553801261344371145e-05 2.322755200764653194e-01
-6.325412926346033471e-01 3.388909578996903565e-02 -3.197764922806149546e+00 3.388909578996915362e-02 -2.267891896792001205e+00 -1.595193821309018045e-01 -3.197764922806149546e+00 -1.595193821309018045e-01 3.320753328675911664e-01
-4.875789000607866908e-01 6.845682389625959430e-02 -3.354768240408878111e+00 6.845682389625971920e-02 -2.297539303649381637e+00 -3.202107837394683743e-01 -3.354768240408878111e+00 -3.202107837394683743e-01 4.476073140095558900e-01
-3.334471058542210486e-01 1.037770226870626394e-01 -3.517309426308858900e+00 1.037770226870626256e-01 -2.314475740065355946e+00 -4.819227352969789324e-01 -3.517309426308858900e+00 -4.819227352969789324e-01 5.777503204704605988e-01
-1.718739329982710562e-01 1.395567309438921488e-01 -3.685014232972662285e+00 1.395567309438921766e-01 -2.319305883880994124e+00 -6.442240164863207719e-01 -3.685014232972662285e+00 -6.442240164863207719e-01 7.206056422769281378e-01
-4.885124037612819346e-03 1.754355009521611497e-01 -3.857460782830344215e+00 1.754355009521611775e-01 -2.312843016035622590e+00 -8.065647434428878659e-01 -3.857460782830344215e+00 -8.065647434428878659e-01 8.737682467960142807e-01
1.653615033569829917e-01 2.110914735577721635e-01 -4.034213960672246024e+00 2.110914735577722190e-01 -2.296238499097784214e+00 -9.684444358460359004e-01 -4.034213960672246024e+00 -9.684444358460359004e-01 1.034561857112863414e+00
3.366608260526269825e-01 2.461076165030239571e-01 -4.214962160148613357e+00 2.461076165030239571e-01 -2.270759136743051076e+00 -1.129395707474405208e+00 -4.214962160148613357e+00 -1.129395707474405208e+00 1.200057034982837223e+00
5.064405674126410961e-01 2.802620890498600525e-01 -4.399369073137710195e+00 2.802620890498601636e-01 -2.238064063132556569e+00 -1.288944553286779149e+00 -4.399369073137710195e+00 -1.288944553286779149e+00 1.366781853597473839e+00
6.723460953747090185e-01 3.130933007090522802e-01 -4.587161681850234984e+00 3.130933007090522802e-01 -2.199704563863503104e+00 -1.446726590313373251e+00 -4.587161681850234984e+00 -1.446726590313373251e+00 1.531445215669587023e+00
-1.786673977207333053e+01 8.749884681013206489e+00 1.408650710532925210e+01 8.749884681013206489e+00 -2.697371531830291858e+01 -5.082423404042107684e+00 1.408650710532925210e+01 -5.082423404042107684e+00 -5.919404354929506340e+00
-1.776727703743792475e+01 8.800413084780652540e+00 1.388394863270612234e+01 8.800413084780652540e+00 -2.696518888186380636e+01 -4.993248000327805691e+00 1.388394863270612234e+01 -4.993248000327805691e+00 -5.797124134953774544e+00
-1.765700797140251055e+01 8.840283442999204766e+00 1.364863752271795683e+01 8.840283442999204766e+00 -2.693808964257253535e+01 -4.897622162090000231e+00 1.364863752271795683e+01 -4.897622162090000231e+00 -5.644537994156408445e+00
-1.753596964542986925e+01 8.869069433846910044e+00 1.337998063196030074e+01 8.869069433846910044e+00 -2.689186152848742140e+01 -4.795805389568142729e+00 1.337998063196030074e+01 -4.795805389568142729e+00 -5.466261329653363532e+00
-1.740558931083697658e+01 8.886400342695980115e+00 1.307805210335870960e+01 8.886400342695980115e+00 -2.682739425471516270e+01 -4.688149861658630790e+00 1.307805210335870960e+01 -4.688149861658630790e+00 -5.264370143360249443e+00
-1.726740543332915934e+01 8.891942526381404477e+00 1.274283340118179453e+01 8.891942526381404477e+00 -2.674563314355661348e+01 -4.574915078600915841e+00 1.274283340118179453e+01 -4.574915078600915841e+00 -5.041162865969349482e+00
-1.712327158604534816e+01 8.885510627589290777e+00 1.237439866835511282e+01 8.885510627589290777e+00 -2.664774594608930158e+01 -4.456379076365838188e+00 1.237439866835511282e+01 -4.456379076365838188e+00 -4.799160356949620621e+00
-1.697507841358726566e+01 8.867049039125468823e+00 1.197276644061005335e+01 8.867049039125468823e+00 -2.653508577070466146e+01 -4.332671605073124432e+00 1.197276644061005335e+01 -4.332671605073124432e+00 -4.541235654666414767e+00
-1.682484631067635306e+01 8.836576296721329271e+00 1.153795525367800501e+01 8.836576296721329271e+00 -2.640913547591383193e+01 -4.203866807648330983e+00 1.153795525367800501e+01 -4.203866807648330983e+00 -4.270280333216475377e+00
-1.667463274349682223e+01 8.794259221959377371e+00 1.107002071475313798e+01 8.794259221959377371e+00 -2.627119256291407368e+01 -4.069890541165901432e+00 1.107002071475313798e+01 -4.069890541165901432e+00 -3.989204502427935228e+00
8.085621115451885332e-02 1.370074159305300476e+01 -1.387523717173483107e+01 1.370074159305300476e+01 -1.153861171022370868e+01 3.050980472223048245e+00 -1.387523717173483107e+01 3.050980472223048245e+00 -3.010479110735343511e+01
3.405850416399970881e-01 1.372903668846268488e+01 -1.380403242678154108e+01 1.372903668846268488e+01 -1.137737545133256845e+01 3.002814711104954348e+00 -1.380403242678154108e+01 3.002814711104954348e+00 -2.954178280762246800e+01
6.436813711093712920e-01 1.374757043380546406e+01 -1.372105179422409549e+01 1.374757043380546406e+01 -1.116086760801009525e+01 2.950656502867566644e+00 -1.372105179422409549e+01 2.950656502867566644e+00 -2.885535661276798791e+01
9.883504297567200503e-01 1.375625125919328617e+01 -1.362622201815204548e+01 1.375625125919328617e+01 -1.089038847266670018e+01 2.894249451824323138e+00 -1.362622201815204548e+01 2.894249451824323138e+00 -2.805106165800626883e+01
1.372449482201504534e+00 1.375504253667093124e+01 -1.351954309856539282e+01 1.375504253667093124e+01 -1.056738484953368840e+01 2.833520302064779894e+00 -1.351954309856539282e+01 2.833520302064779894e+00 -2.713347643774016049e+01
1.793506141466180370e+00 1.374379775441750695e+01 -1.340088683762085786e+01 1.374379775441750695e+01 -1.019377970626026020e+01 2.768359169723266788e+00 -1.340088683762085786e+01 2.768359169723266788e+00 -2.610800357536504634e+01
2.248809938864253510e+00 1.372248028447778623e+01 -1.327007009554232297e+01 1.372248028447778623e+01 -9.771770720159787871e+00 2.698729426844562518e+00 -1.327007009554232297e+01 2.698729426844562518e+00 -2.498079656735836807e+01
2.735448951955504970e+00 1.369094361503088209e+01 -1.312681816266561796e+01 1.369094361503088209e+01 -9.303793650254599257e+00 2.624686015361500147e+00 -1.312681816266561796e+01 2.624686015361500147e+00 -2.375819204997368672e+01
3.250236548635543343e+00 1.364920606005440540e+01 -1.297072813148329296e+01 1.364920606005440540e+01 -8.792668849096848760e+00 2.546265563229303197e+00 -1.297072813148329296e+01 2.546265563229303197e+00 -2.244747898630035721e+01
3.790352376352207564e+00 1.359726761954835439e+01 -1.280152529233117598e+01 1.359726761954835439e+01 -8.241015215484976508e+00 2.463761094089754966e+00 -1.280152529233117598e+01 2.463761094089754966e+00 -2.105567162976355533e+01
-4.637979626611593176e+01 5.296259486579822706e+00 6.712935850133476379e+00 5.296259486579822706e+00 -5.451745700410644702e+01 4.148625460790424491e+00 6.712935850133476379e+00 4.148625460790424491e+00 -6.390536073231439218e+01
-4.639676815432088119e+01 5.251195526832908911e+00 6.691959140656807747e+00 5.251195526832908911e+00 -5.434451093598368487e+01 4.145009457117893703e+00 6.691959140656807747e+00 4.145009457117893703e+00 -6.366264134601576075e+01
-4.634112835587581714e+01 5.201154701816276038e+00 6.660950937120858839e+00 5.201154701816276038e+00 -5.409337364866244258e+01 4.139546569849178681e+00 6.660950937120858839e+00 4.139546569849178681e+00 -6.320134814632862685e+01
-4.621180762238294193e+01 5.146214775049761769e+00 6.619911239525632318e+00 5.146214775049761769e+00 -5.376305365726476992e+01 4.132217358104317562e+00 6.619911239525632318e+00 4.132217358104317562e+00 -6.252202547789187292e+01
-4.600966135256050649e+01 5.086414628293288054e+00 6.568937252270925953e+00 5.086414628293288054e+00 -5.335473685546821088e+01 4.122944058363473552e+00 6.568937252270925953e+00 4.122944058363473552e+00 -6.162770611797921561e+01
-4.573562270864657364e+01 5.021929229466491229e+00 6.508106738876580977e+00 5.021929229466491229e+00 -5.286970634135010272e+01 4.111551702707005873e+00 6.508106738876580977e+00 4.111551702707005873e+00 -6.052229768346258965e+01
-4.539035268055977212e+01 4.952855782969172616e+00 6.437652989902112211e+00 4.952855782969172616e+00 -5.230934241738761870e+01 4.097690355295638298e+00 6.437652989902112211e+00 4.097690355295638298e+00 -5.921167132008987721e+01
-4.497764223989228327e+01 4.879758074320165839e+00 6.357478800947724551e+00 4.879758074320165839e+00 -5.167829145389114132e+01 4.081223929969651998e+00 6.357478800947724551e+00 4.081223929969651998e+00 -5.770364226160492649e+01
-4.449638325648639636e+01 4.803024921118669077e+00 6.267953548732650759e+00 4.803024921118669077e+00 -5.097647568734084444e+01 4.061666404730051028e+00 6.267953548732650759e+00 4.061666404730051028e+00 -5.600087390856223379e+01
-4.395631561120197972e+01 4.723239549763476930e+00 6.169174437656693044e+00 4.723239549763476930e+00 -5.021495697843386807e+01 4.038531757577838555e+00 6.169174437656693044e+00 4.038531757577838555e+00 -5.412992250298695041e+01
3.938350830089542853e+01 3.682467547797859120e-01 1.917999946917286369e+00 3.682467547797859120e-01 6.117413484196323026e+01 -1.457598134589922090e+01 1.917999946917286369e+00 -1.457598134589922090e+01 7.362436205576192094e+01
3.938951785977391040e+01 3.027018202322682705e-01 2.005512026065810804e+00 3.027018202322682705e-01 6.095748515154742364e+01 -1.452379664535556181e+01 2.005512026065810804e+00 -1.452379664535556181e+01 7.335532395094216440e+01
3.928769488194018322e+01 2.397542374034167811e-01 2.066880826477433875e+00 2.397542374034167811e-01 6.059461983791022988e+01 -1.441798427109120695e+01 2.066880826477433875e+00 -1.441798427109120695e+01 7.276273730752072311e+01
3.907785262968898365e+01 1.800660763391660202e-01 2.101495206571292851e+00 1.800660763391660202e-01 6.008849275202582874e+01 -1.425986836319802364e+01 2.101495206571292851e+00 -1.425986836319802364e+01 7.185040478422294541e+01
3.875915927142414574e+01 1.243842878605703334e-01 2.108710072456476237e+00 1.243842878605703334e-01 5.944282167184444887e+01 -1.405140117950376677e+01 2.108710072456476237e+00 -1.405140117950376677e+01 7.062369084603642477e+01
3.833166573561073420e+01 7.325210892839648102e-02 2.088084044102362480e+00 7.325210892839648102e-02 5.866269944387330071e+01 -1.379523100019217807e+01 2.088084044102362480e+00 -1.379523100019217807e+01 6.909079497583771001e+01
3.779443833372242523e+01 2.731463343355502310e-02 2.039566193043878872e+00 2.731463343355502310e-02 5.775291334382912822e+01 -1.349478700857809876e+01 2.039566193043878872e+00 -1.349478700857809876e+01 6.726044291730914892e+01
3.715206062761570394e+01 -1.308861552347478051e-02 1.963105590815953594e+00 -1.308861552347478051e-02 5.672402254013682210e+01 -1.315370210183665201e+01 1.963105590815953594e+00 -1.315370210183665201e+01 6.515085008479141493e+01
3.640680742206376408e+01 -4.763509099723766543e-02 1.859381283619545355e+00 -4.763509099723766543e-02 5.558495649033901032e+01 -1.277671262721952594e+01 1.859381283619545355e+00 -1.277671262721952594e+01 6.277938308487405550e+01
3.556390737281400050e+01 -7.615503143749398351e-02 1.729428816911115163e+00 -7.615503143749398351e-02 5.434756455064242431e+01 -1.236896235969897972e+01 1.729428816911115163e+00 -1.236896235969897972e+01 6.016909553607960248e+01
3.318955331144537269e+01 -5.591661919016744697e+00 -5.900684147060269780e+00 -5.591661919016744697e+00 3.474128548306265429e+01 -4.506494089327129360e-01 -5.900684147060269780e+00 -4.506494089327129360e-01 2.619867004962134427e+00
3.321186216922205148e+01 -5.569772334996249796e+00 -5.909611184118906735e+00 -5.569772334996249796e+00 3.470152435518504319e+01 -4.607818580403642006e-01 -5.909611184118906735e+00 -4.607818580403642006e-01 2.598099709120525347e+00
3.324280107848007049e+01 -5.543270739657789825e+00 -5.917088232770759682e+00 -5.543270739657789825e+00 3.467004388399195847e+01 -4.722070678962331236e-01 -5.917088232770759682e+00 -4.722070678962331236e-01 2.587810032354306511e+00
3.328252726687799878e+01 -5.512366769879452733e+00 -5.922661079779968141e+00 -5.512366769879452733e+00 3.464736816167862798e+01 -4.845931134433448806e-01 -5.922661079779968141e+00 -4.845931134433448806e-01 2.587670274435580620e+00
3.332985279210666363e+01 -5.477252592799488617e+00 -5.925858042170830231e+00 -5.477252592799488617e+00 3.463258876177332724e+01 -4.975556604052022158e-01 -5.925858042170830231e+00 -4.975556604052022158e-01 2.595723824502179422e+00
3.338306561966167152e+01 -5.438225193995190665e+00 -5.926277315927009681e+00 -5.438225193995190665e+00 3.462436051430832151e+01 -5.107278442451489431e-01 -5.926277315927009681e+00 -5.107278442451489431e-01 2.609280342618623294e+00
3.344027901764022204e+01 -5.395581559043851172e+00 -5.923412278593121805e+00 -5.395581559043851172e+00 3.462100632425889302e+01 -5.237428004265286541e-01 -5.923412278593121805e+00 -5.237428004265286541e-01 2.624863350556597030e+00
3.349862794870841753e+01 -5.349845780140693563e+00 -5.916703898494262148e+00 -5.349845780140693563e+00 3.461992320038876869e+01 -5.362161946728442041e-01 -5.916703898494262148e+00 -5.362161946728442041e-01 2.637476502721638916e+00
3.355702928899614079e+01 -5.301017857285719614e+00 -5.905802780833617760e+00 -5.301017857285719614e+00 3.461973103325051682e+01 -5.476239347888723907e-01 -5.905802780833617760e+00 -5.476239347888723907e-01 2.644918611893810390e+00
3.361214631819380116e+01 -5.249674291893671629e+00 -5.890272182115166011e+00 -5.249674291893671629e+00 3.461733767889233349e+01 -5.576340957176382229e-01 -5.890272182115166011e+00 -5.576340957176382229e-01 2.641337315226450766e+00
2.684637553396303389e+01 6.731012857963816209e+00 -3.004755604698447868e+01 6.731012857963816209e+00 9.167305946525338811e+00 1.366391259611829501e+00 -3.004755604698447868e+01 1.366391259611829501e+00 4.165376189225003856e+01
2.667259993110479854e+01 6.790934264909257223e+00 -3.000780219175936381e+01 6.790934264909257223e+00 9.068599431380647502e+00 1.320049924610814607e+00 -3.000780219175936381e+01 1.320049924610814607e+00 4.130092661184702507e+01
2.643132908091707378e+01 6.837962529619522556e+00 -2.990844397406999278e+01 6.837962529619522556e+00 8.927056684110347362e+00 1.271859163469508669e+00 -2.990844397406999278e+01 1.271859163469508669e+00 4.079682588675046873e+01
2.612428911446412982e+01 6.872150492841480052e+00 -2.975055582243597740e+01 6.872150492841480052e+00 8.743435088752850248e+00 1.221678067529603284e+00 -2.975055582243597740e+01 1.221678067529603284e+00 4.014357334683498379e+01
2.575313570848109279e+01 6.893568608904282691e+00 -2.953545875552894984e+01 6.893568608904282691e+00 8.517523282320688338e+00 1.169506636791098675e+00 -2.953545875552894984e+01 1.169506636791098675e+00 3.934437466407707973e+01
2.531977112985510558e+01 6.902551535871412014e+00 -2.926489651799546721e+01 6.902551535871412014e+00 8.249162742573268758e+00 1.115432939165436954e+00 -2.926489651799546721e+01 1.115432939165436954e+00 3.840261164627614221e+01
2.482637946278994789e+01 6.899521999717792120e+00 -2.894085944463413540e+01 6.899521999717792120e+00 7.938124492940840327e+00 1.059509815399484189e+00 -2.894085944463413540e+01 1.059509815399484189e+00 3.732230019019395684e+01
2.427528570014770182e+01 6.885061248658942645e+00 -2.856563730114245203e+01 6.885061248658942645e+00 7.584179556853650972e+00 1.001878174151547896e+00 -2.856563730114245203e+01 1.001878174151547896e+00 3.610791414573178315e+01
2.366911426568934829e+01 6.859944280315557030e+00 -2.814188973844597896e+01 6.859944280315557030e+00 7.187010889830510507e+00 9.428374463205325684e-01 -2.814188973844597896e+01 9.428374463205325684e-01 3.476454383817100791e+01
2.301105321780910984e+01 6.825016546637483472e+00 -2.767243492971088159e+01 6.825016546637483472e+00 6.746847468441169227e+00 8.826166084761882802e-01 -2.767243492971088159e+01 8.826166084761882802e-01 3.329801936324912504e+01
-1.726553322780094746e+01 1.008998995405126831e+00 -1.513498493107690379e+01 1.008998995405126831e+00 -4.315566197000980253e+01 1.004883321789744777e+01 -1.513498493107690379e+01 1.004883321789744777e+01 -3.127454441428530885e+01
-1.733442275094222751e+01 1.043528480357601262e+00 -1.494465856063821185e+01 1.043528480357601262e+00 -4.310477145865399962e+01 1.021515463014944203e+01 -1.494465856063821185e+01 1.021515463014944203e+01 -3.131321593123862712e+01
-1.736403827974824665e+01 1.078905199128429526e+00 -1.473738751383243617e+01 1.078905199128429526e+00 -4.299579836219547957e+01 1.037036786567190561e+01 -1.473738751383243617e+01 1.037036786567190561e+01 -3.122651567049372545e+01
-1.735370202716432786e+01 1.114903222699384244e+00 -1.451303999873228179e+01 1.114903222699384244e+00 -4.282874268063424239e+01 1.051445409704665224e+01 -1.451303999873228179e+01 1.051445409704665224e+01 -3.101478252557794946e+01
-1.730395998831784965e+01 1.151409586561351395e+00 -1.427204904595601676e+01 1.151409586561351395e+00 -4.260452695746138829e+01 1.064699912107359836e+01 -1.427204904595601676e+01 1.064699912107359836e+01 -3.067899552223696347e+01
-1.721530167608164419e+01 1.188254843950659945e+00 -1.401469706677642435e+01 1.188254843950659945e+00 -4.232445028453172142e+01 1.076743811520717564e+01 -1.401469706677642435e+01 1.076743811520717564e+01 -3.022088678294382902e+01
-1.708883790812866366e+01 1.225269548103639528e+00 -1.374132295472084841e+01 1.225269548103639528e+00 -4.199026361173651622e+01 1.087503681013813939e+01 -1.374132295472084841e+01 1.087503681013813939e+01 -2.964324276559003124e+01
-1.692541591827725611e+01 1.262246597420247918e+00 -1.345219029364388597e+01 1.262246597420247918e+00 -4.160373671638520676e+01 1.096906093655725378e+01 -1.345219029364388597e+01 1.096906093655725378e+01 -2.894884992806704460e+01
-1.672644776289135393e+01 1.298941235464071475e+00 -1.314761914965469458e+01 1.298941235464071475e+00 -4.116709123382371160e+01 1.104862560580979292e+01 -1.314761914965469458e+01 1.104862560580979292e+01 -2.814117251532103126e+01
-1.649287481288023116e+01 1.335071050962325589e+00 -1.282785427918968857e+01 1.335071050962325589e+00 -4.068264293648886110e+01 1.111286475665921714e+01 -1.282785427918968857e+01 1.111286475665921714e+01 -2.722395718357092420e+01
3.049202944853386388e+00 7.610112891634419618e+00 -1.490934760047535690e+01 7.610112891634419618e+00 3.904149201445959783e+00 -5.172164998443572692e+00 -1.490934760047535690e+01 -5.172164998443572692e+00 3.857514795120324180e+01
2.957566479298530560e+00 7.605344437862612494e+00 -1.492463522754901639e+01 7.605344437862612494e+00 3.749486992967096199e+00 -5.296394827794493665e+00 -1.492463522754901639e+01 -5.296394827794493665e+00 3.825691170491167981e+01
2.820585054467943387e+00 7.589288857559782109e+00 -1.491790224226073391e+01 7.589288857559782109e+00 3.544282746382553029e+00 -5.406801499020398971e+00 -1.491790224226073391e+01 -5.406801499020398971e+00 3.780039029923769789e+01
2.638562279777806996e+00 7.562339057029228151e+00 -1.488972014468802385e+01 7.562339057029228151e+00 3.289465149318300252e+00 -5.503188558969640098e+00 -1.488972014468802385e+01 -5.503188558969640098e+00 3.720754826569775986e+01
2.411908920908839793e+00 7.524941520706510900e+00 -1.484085688806005976e+01 7.524941520706510900e+00 2.986159342551955920e+00 -5.585163101338921798e+00 -1.484085688806005976e+01 -5.585163101338921798e+00 3.648113594841493068e+01
2.140571399728772750e+00 7.477882061198219077e+00 -1.477224116000281207e+01 7.477882061198219077e+00 2.635186857444954622e+00 -5.652296501070106061e+00 -1.477224116000281207e+01 -5.652296501070106061e+00 3.562356436334124510e+01
1.824764028766677537e+00 7.421964350488365447e+00 -1.468501596067131310e+01 7.421964350488365447e+00 2.237565678510379019e+00 -5.704303008124430363e+00 -1.468501596067131310e+01 -5.704303008124430363e+00 3.463801247965792385e+01
1.464504667399975313e+00 7.358206373090034447e+00 -1.458046716523998754e+01 7.358206373090034447e+00 1.794278071506467231e+00 -5.741021888105094284e+00 -1.458046716523998754e+01 -5.741021888105094284e+00 3.352767712592357441e+01
1.059954050025469385e+00 7.287697551025997811e+00 -1.445984493012841376e+01 7.287697551025997811e+00 1.306288442814033779e+00 -5.762238828483025266e+00 -1.445984493012841376e+01 -5.762238828483025266e+00 3.229595158384847764e+01
6.112550516625394614e-01 7.211598743828719016e+00 -1.432459586490780978e+01 7.211598743828719016e+00 7.748290894752315472e-01 -5.767989548013071399e+00 -1.432459586490780978e+01 -5.767989548013071399e+00 3.094681849459787060e+01
4.271163771479187687e+01 -1.090937655352849589e+01 2.002274149510348877e+01 -1.090937655352849589e+01 4.806305203434504847e+01 -1.189206409938436693e+01 2.002274149510348877e+01 -1.189206409938436693e+01 6.675914996295156811e+01
4.257487896910473779e+01 -1.085346319405226012e+01 1.992497855819531694e+01 -1.085346319405226012e+01 4.791279342497018945e+01 -1.173098851062428238e+01 1.992497855819531694e+01 -1.173098851062428238e+01 6.638891192920704043e+01
4.232328593989672072e+01 -1.077796648801130353e+01 1.974819869762634994e+01 -1.077796648801130353e+01 4.764192464102831792e+01 -1.152467983429280451e+01 1.974819869762634994e+01 -1.152467983429280451e+01 6.571588391485143177e+01
4.195810608292632082e+01 -1.068416806803420727e+01 1.949390569568079101e+01 -1.068416806803420727e+01 4.725203490697887077e+01 -1.127489817919985349e+01 1.949390569568079101e+01 -1.127489817919985349e+01 6.474346651845925749e+01
4.148180013284040513e+01 -1.057370842388555587e+01 1.916437231421999599e+01 -1.057370842388555587e+01 4.674563622277386798e+01 -1.098407010312220855e+01 1.916437231421999599e+01 -1.098407010312220855e+01 6.347880270588046869e+01
4.089763198073309525e+01 -1.044865525620612701e+01 1.876275991372778762e+01 -1.044865525620612701e+01 4.612609501011771584e+01 -1.065545949715398777e+01 1.876275991372778762e+01 -1.065545949715398777e+01 6.193164997352734247e+01
4.020874589865318427e+01 -1.031160600712317610e+01 1.829346022201145416e+01 -1.031160600712317610e+01 4.539662389479939009e+01 -1.029323593944684667e+01 1.829346022201145416e+01 -1.029323593944684667e+01 6.011318415792110414e+01
3.942353230820909715e+01 -1.016505558815367927e+01 1.776129217775444502e+01 -1.016505558815367927e+01 4.456571582903762874e+01 -9.901551919717384465e+00 1.776129217775444502e+01 -9.901551919717384465e+00 5.804338163963256392e+01
3.854860443376433210e+01 -1.001206282917117996e+01 1.717269812096976622e+01 -1.001206282917117996e+01 4.364013783311133921e+01 -9.485807383440690188e+00 1.717269812096976622e+01 -9.485807383440690188e+00 5.574155235026567112e+01
3.759330964928999919e+01 -9.855754913789416705e+00 1.653492354811766418e+01 -9.855754913789416705e+00 4.262940816534210597e+01 -9.051624425747476721e+00 1.653492354811766418e+01 -9.051624425747476721e+00 5.323278211247055935e+01
3.910632333657044768e+01 1.037224276743333640e+01 -1.492169216954217603e+01 1.037224276743333640e+01 1.471519016696708881e+01 1.673546076003380279e+01 -1.492169216954217603e+01 1.673546076003380279e+01 4.227052879809891195e+00
3.923295208906557718e+01 1.040354801349904434e+01 -1.503716435879634616e+01 1.040354801349904434e+01 1.475351665709137805e+01 1.661043334390291193e+01 -1.503716435879634616e+01 1.661043334390291193e+01 4.425125870094097635e+00
3.935470644405637586e+01 1.042577315446643560e+01 -1.512995388240763184e+01 1.042577315446643560e+01 1.480864838048871590e+01 1.645388951647147024e+01 -1.512995388240763184e+01 1.645388951647147024e+01 4.620559294942746753e+00
3.946947474919439713e+01 1.043886539902679900e+01 -1.520025430850797221e+01 1.043886539902679900e+01 1.487886082107453412e+01 1.626598765166561122e+01 -1.520025430850797221e+01 1.626598765166561122e+01 4.808707519189258761e+00
3.957553248839508342e+01 1.044270156745980849e+01 -1.524815362261188056e+01 1.044270156745980849e+01 1.496316854108622962e+01 1.604695651182307969e+01 -1.524815362261188056e+01 1.604695651182307969e+01 4.986983768706786613e+00
3.967076800930998814e+01 1.043717607714804174e+01 -1.527384539285130316e+01 1.043717607714804174e+01 1.505998780126246572e+01 1.579693687376711075e+01 -1.527384539285130316e+01 1.579693687376711075e+01 5.152273356281374284e+00
3.975308725669355425e+01 1.042227133098859682e+01 -1.527752318735817738e+01 1.042227133098859682e+01 1.516741811448964050e+01 1.551601672301221768e+01 -1.527752318735817738e+01 1.551601672301221768e+01 5.301320817875833313e+00
3.982016741296251894e+01 1.039796973187856644e+01 -1.525941576847025694e+01 1.039796973187856644e+01 1.528322464869898134e+01 1.520417846245549853e+01 -1.525941576847025694e+01 1.520417846245549853e+01 5.430571538703613754e+00
3.986961527212195477e+01 1.036432407112666532e+01 -1.521983988403980526e+01 1.036432407112666532e+01 1.540489101817526318e+01 1.486115813555339926e+01 -1.521983988403980526e+01 1.486115813555339926e+01 5.536101364817187509e+00
3.989935437602922974e+01 1.032135194583579718e+01 -1.515898910219876150e+01 1.032135194583579718e+01 1.553004161402647831e+01 1.448665659155655305e+01 -1.515898910219876150e+01 1.448665659155655305e+01 5.614514055356138122e+00
6.076264254417181121e+01 -5.369871866635633317e+00 -1.526860533139468323e+01 -5.369871866635633317e+00 3.248804773427199422e+01 1.032438520693999529e+01 -1.526860533139468323e+01 1.032438520693999529e+01 7.167769474010134445e+01
6.062653010213316662e+01 -5.391105884762608547e+00 -1.532082124755925179e+01 -5.391105884762608547e+00 3.218414224048520111e+01 1.039095027500096080e+01 -1.532082124755925179e+01 1.039095027500096080e+01 7.114597515777408887e+01
6.034762485280245414e+01 -5.397632874283179838e+00 -1.534829254548917277e+01 -5.397632874283179838e+00 3.178338849227175444e+01 1.042573248286384668e+01 -1.534829254548917277e+01 1.042573248286384668e+01 7.031772915858539363e+01
5.992800588944731288e+01 -5.389589169182110950e+00 -1.535069543197063524e+01 -5.389589169182110950e+00 3.128880287904456736e+01 1.042856141304769757e+01 -1.535069543197063524e+01 1.042856141304769757e+01 6.919801814171960075e+01
5.937021243253396108e+01 -5.367298562673215478e+00 -1.532801286525554296e+01 -5.367298562673215478e+00 3.070285645427748378e+01 1.039931777331584506e+01 -1.532801286525554296e+01 1.039931777331584506e+01 6.779307938697967018e+01
5.867709045399436718e+01 -5.331510891672694541e+00 -1.528051751331342523e+01 -5.331510891672694541e+00 3.002713410054338183e+01 1.033810381415686130e+01 -1.528051751331342523e+01 1.033810381415686130e+01 6.610957621787093785e+01
5.785641099096007167e+01 -5.283095285333420321e+00 -1.520875471208333529e+01 -5.283095285333420321e+00 2.926794126463759227e+01 1.024543078801360885e+01 -1.520875471208333529e+01 1.024543078801360885e+01 6.416310183390073973e+01
5.691488849218067259e+01 -5.223466208747316486e+00 -1.511371288295481108e+01 -5.223466208747316486e+00 2.842883967191206551e+01 1.012211669879467557e+01 -1.511371288295481108e+01 1.012211669879467557e+01 6.196730667529360659e+01
5.586206633658966325e+01 -5.154123335746784385e+00 -1.499675536577549551e+01 -5.154123335746784385e+00 2.751547014098641597e+01 9.969490802851504796e+00 -1.499675536577549551e+01 9.969490802851504796e+00 5.954124341642025797e+01
5.470949882939578401e+01 -5.076924216874234119e+00 -1.485965450234731122e+01 -5.076924216874234119e+00 2.653458120410645193e+01 9.789376567230316795e+00 -1.485965450234731122e+01 9.789376567230316795e+00 5.690742420651485389e+01
-1.371559333374096745e+01 -9.477253274766187729e+00 -8.842250637765010524e+00 -9.477253274766187729e+00 -1.149955478275065168e+00 2.652509089285847566e+01 -8.842250637765010524e+00 2.652509089285847566e+01 -6.224409417876278994e+00
-1.376275901295023019e+01 -9.483021213864534005e+00 -8.915098248339377918e+00 -9.483021213864534005e+00 -1.211504499286533809e+00 2.632219085799385994e+01 -8.915098248339377918e+00 2.632219085799385994e+01 -6.381330216700595415e+00
-1.378626884066754066e+01 -9.481378446399814308e+00 -8.975953656421298277e+00 -9.481378446399814308e+00 -1.266062632087031625e+00 2.606832852577930026e+01 -8.975953656421298277e+00 2.606832852577930026e+01 -6.510853304807765696e+00
-1.378562998665348438e+01 -9.472470996146672206e+00 -9.025218427391035192e+00 -9.472470996146672206e+00 -1.312936263747011223e+00 2.576346739027113131e+01 -9.025218427391035192e+00 2.576346739027113131e+01 -6.612869164366809827e+00
-1.376124401628832317e+01 -9.456408380936087710e+00 -9.063148102854212240e+00 -9.456408380936087710e+00 -1.352490453703076412e+00 2.540815504062426200e+01 -9.063148102854212240e+00 2.540815504062426200e+01 -6.687450807265048702e+00
-1.371395056627624953e+01 -9.433281865627211715e+00 -9.090071236303771229e+00 -9.433281865627211715e+00 -1.385218032194643012e+00 2.500290256004993950e+01 -9.090071236303771229e+00 2.500290256004993950e+01 -6.735200581572877709e+00
-1.364482656195524335e+01 -9.403219221022855123e+00 -9.106407646091808417e+00 -9.403219221022855123e+00 -1.411666588376617515e+00 2.454827579067489296e+01 -9.106407646091808417e+00 2.454827579067489296e+01 -6.757049388853639371e+00
-1.355520447026891340e+01 -9.366384723869490614e+00 -9.112631909485910953e+00 -9.366384723869490614e+00 -1.432803529756000671e+00 2.404478581571038376e+01 -9.112631909485910953e+00 2.404478581571038376e+01 -6.754366201994598029e+00
-1.344680007056929405e+01 -9.322960903885421757e+00 -9.109218603753662435e+00 -9.322960903885421757e+00 -1.449468493036982553e+00 2.349299847728313040e+01 -9.109218603753662435e+00 2.349299847728313040e+01 -6.728812041432304270e+00
-1.332138390112392123e+01 -9.273130290788946795e+00 -9.096770076965457363e+00 -9.273130290788946795e+00 -1.462592379782903462e+00 2.289344311157622158e+01 -9.096770076965457363e+00 2.289344311157622158e+01 -6.682084433546966906e+00
2.424956626657127856e+01 -2.266450304642845026e+01 -1.354468038217749193e+00 -2.266450304642845026e+01 1.750111585569110417e+01 -1.822985069414748338e+01 -1.354468038217749193e+00 -1.822985069414748338e+01 5.257477116418476015e+01
2.414182528867251065e+01 -2.269476460489985215e+01 -1.427120352900545175e+00 -2.269476460489985215e+01 1.743701190468323148e+01 -1.816753716017214515e+01 -1.427120352900545175e+00 -1.816753716017214515e+01 5.235130254417348539e+01
2.393631349831102284e+01 -2.268228434499662427e+01 -1.525066696444879799e+00 -2.268228434499662427e+01 1.729795618182333783e+01 -1.805367014752481580e+01 -1.525066696444879799e+00 -1.805367014752481580e+01 5.189801107899626231e+01
2.363466333454590185e+01 -2.262781705036972824e+01 -1.647885794254863701e+00 -2.262781705036972824e+01 1.708496676738481312e+01 -1.788900443985646049e+01 -1.647885794254863701e+00 -1.788900443985646049e+01 5.121677495122644075e+01
2.323896361724841952e+01 -2.253262654480684191e+01 -1.794629778489744920e+00 -2.253262654480684191e+01 1.679858780772068982e+01 -1.767455811744049043e+01 -1.794629778489744920e+00 -1.767455811744049043e+01 5.031191222547187891e+01
2.275214571548165310e+01 -2.239866122331394394e+01 -1.963947059821044672e+00 -2.239866122331394394e+01 1.644008312661862803e+01 -1.741182319447066718e+01 -1.963947059821044672e+00 -1.741182319447066718e+01 4.918961914891378484e+01
2.217805375993308203e+01 -2.222860671143983780e+01 -2.154170092973366479e+00 -2.222860671143983780e+01 1.601124314111116931e+01 -1.710266030041217888e+01 -2.154170092973366479e+00 -1.710266030041217888e+01 4.785812812928018189e+01
2.152140953669831447e+01 -2.202571033419450330e+01 -2.363227611183586152e+00 -2.202571033419450330e+01 1.551427954282672417e+01 -1.674936889243425142e+01 -2.363227611183586152e+00 -1.674936889243425142e+01 4.632756730998058003e+01
2.078784759349736433e+01 -2.179399175334705419e+01 -2.588785051066149201e+00 -2.179399175334705419e+01 1.495208859461203588e+01 -1.635472236162649651e+01 -2.588785051066149201e+00 -1.635472236162649651e+01 4.461080311929776343e+01
1.998279184075231996e+01 -2.153787435215433277e+01 -2.828033915315124158e+00 -2.153787435215433277e+01 1.432719794404244595e+01 -1.592226643583764911e+01 -2.828033915315124158e+00 -1.592226643583764911e+01 4.272059666686556056e+01
-1.362930419911474722e+01 -1.249626688803265218e+01 8.584452924802427276e+00 -1.249626688803265218e+01 -2.478042476351579637e+01 -2.112148857663071766e+01 8.584452924802427276e+00 -2.112148857663071766e+01 -2.744867070343256898e+01
-1.341024870927158830e+01 -1.246303895252905569e+01 8.609842856514790199e+00 -1.246303895252905569e+01 -2.455198967197933513e+01 -2.116318601386133480e+01 8.609842856514790199e+00 -2.116318601386133480e+01 -2.683717639343542061e+01
-1.315311760859423629e+01 -1.241745966034022253e+01 8.612777464569326469e+00 -1.241745966034022253e+01 -2.427530070876129642e+01 -2.117431152161239538e+01 8.612777464569326469e+00 -2.117431152161239538e+01 -2.612245074440586379e+01
-1.285843095420627868e+01 -1.235952901146614913e+01 8.593386763246938287e+00 -1.235952901146614913e+01 -2.395137941464016151e+01 -2.115432646929162175e+01 8.593386763246938287e+00 -2.115432646929162175e+01 -2.531093874998265747e+01
-1.252832469500817325e+01 -1.228948846099993375e+01 8.551782193359821704e+00 -1.228948846099993375e+01 -2.358301180992086543e+01 -2.110254363855711901e+01 8.551782193359821704e+00 -2.110254363855711901e+01 -2.440707946918500681e+01
-1.216463760440117881e+01 -1.220754231709726767e+01 8.488093769188870041e+00 -1.220754231709726767e+01 -2.317277960675265547e+01 -2.101820151719220320e+01 8.488093769188870041e+00 -2.101820151719220320e+01 -2.341592488549920503e+01
-1.176889270681866329e+01 -1.211393203485125269e+01 8.402488651952383591e+00 -1.211393203485125269e+01 -2.272267016628639524e+01 -2.090059431338629636e+01 8.402488651952383591e+00 -2.090059431338629636e+01 -2.234299131912903746e+01
-1.134530617965543620e+01 -1.200904765710457411e+01 8.294855400838164527e+00 -1.200904765710457411e+01 -2.223816266178845780e+01 -2.074855189861131777e+01 8.294855400838164527e+00 -2.074855189861131777e+01 -2.119485377799416170e+01
-1.089575394325015978e+01 -1.189320493282512992e+01 8.165361177064507814e+00 -1.189320493282512992e+01 -2.172169021765850161e+01 -2.056120131983838561e+01 8.165361177064507814e+00 -2.056120131983838561e+01 -1.997769722717155005e+01
-1.042304059137647521e+01 -1.176684962526170608e+01 8.013968833694013583e+00 -1.176684962526170608e+01 -2.117696752763644241e+01 -2.033761390363252630e+01 8.013968833694013583e+00 -2.033761390363252630e+01 -1.869813382151825465e+01
8.694225262878605420e+00 -1.281497894437260676e+01 -1.035188875890267290e+01 -1.281497894437260676e+01 1.184144272256433439e+01 -5.295646575663738531e+00 -1.035188875890267290e+01 -5.295646575663738531e+00 9.751209486101590329e+00
8.803121692440749158e+00 -1.272865773332834216e+01 -1.030075990431474331e+01 -1.272865773332834216e+01 1.200064708967739335e+01 -5.291345684230687851e+00 -1.030075990431474331e+01 -5.291345684230687851e+00 1.007968337704240014e+01
8.909715985094743829e+00 -1.262989784457106524e+01 -1.023915543449361643e+01 -1.262989784457106524e+01 1.215701393920599216e+01 -5.273678121912345418e+00 -1.023915543449361643e+01 -5.273678121912345418e+00 1.038724172956190017e+01
9.013401376074105187e+00 -1.251937742695743871e+01 -1.016686119716876568e+01 -1.251937742695743871e+01 1.230922266548188837e+01 -5.242572504618537188e+00 -1.016686119716876568e+01 -5.242572504618537188e+00 1.067045810733168487e+01
9.112643107440064227e+00 -1.239782816741175608e+01 -1.008387719234018753e+01 -1.239782816741175608e+01 1.245543512818307619e+01 -5.198171600529613912e+00 -1.008387719234018753e+01 -5.198171600529613912e+00 1.092633437856439826e+01
9.205745807050963236e+00 -1.226608882899357233e+01 -9.990114189895169972e+00 -1.226608882899357233e+01 1.259381318698754448e+01 -5.140653869871012027e+00 -9.990114189895169972e+00 -5.140653869871012027e+00 1.115189025749522855e+01
9.290692874359354647e+00 -1.212501602078499552e+01 -9.885590035856253621e+00 -1.212501602078499552e+01 1.272214393509986508e+01 -5.070287002980888857e+00 -9.885590035856253621e+00 -5.070287002980888857e+00 1.134377069188594866e+01
9.365360632682529385e+00 -1.197553773595829441e+01 -9.770215500110715823e+00 -1.197553773595829441e+01 1.283817877367951965e+01 -4.987267306107225018e+00 -9.770215500110715823e+00 -4.987267306107225018e+00 1.149869201358850113e+01
9.427357714999619276e+00 -1.181847489155049047e+01 -9.643990582658561905e+00 -1.181847489155049047e+01 1.293950848968310119e+01 -4.891826777543091254e+00 -9.643990582658561905e+00 -4.891826777543091254e+00 1.161271025162070991e+01
9.474364138379936406e+00 -1.165468409664367933e+01 -9.506826053387070985e+00 -1.165468409664367933e+01 1.302383094620245885e+01 -4.784161723536468180e+00 -9.506826053387070985e+00 -4.784161723536468180e+00 1.168239896965416946e+01
2.024259866901103067e+01 -1.585836828032490153e+00 1.669052357189613200e+00 -1.585836828032490153e+00 4.402287342163846517e+01 -1.849366565671943263e+01 1.669052357189613200e+00 -1.849366565671943263e+01 4.224542028852116005e+01
2.031084200319143918e+01 -1.656077612818840583e+00 1.671223499152594050e+00 -1.656077612818840583e+00 4.392786424933843392e+01 -1.833190689590951905e+01 1.671223499152594050e+00 -1.833190689590951905e+01 4.219906206532759541e+01
2.033776416353239824e+01 -1.722549295157457028e+00 1.653784886905933060e+00 -1.722549295157457028e+00 4.374701680839000062e+01 -1.811760649959547465e+01 1.653784886905933060e+00 -1.811760649959547465e+01 4.197713661843956601e+01
2.032228826362027263e+01 -1.784505002213073510e+00 1.616267553785627253e+00 -1.784505002213073510e+00 4.348267593211317461e+01 -1.785264033443331400e+01 1.616267553785627253e+00 -1.785264033443331400e+01 4.158085978735632438e+01
2.026241685284911753e+01 -1.841128384607609414e+00 1.558445701027525887e+00 -1.841128384607609414e+00 4.313694328592813321e+01 -1.753937060287875838e+01 1.558445701027525887e+00 -1.753937060287875838e+01 4.101188163996976499e+01
2.015596142012024927e+01 -1.891724676912910796e+00 1.480215113817406447e+00 -1.891724676912910796e+00 4.271244160932615586e+01 -1.718033319874457021e+01 1.480215113817406447e+00 -1.718033319874457021e+01 4.027240805651425148e+01
2.000043817902801635e+01 -1.935720697650751276e+00 1.381593161290972205e+00 -1.935720697650751276e+00 4.221186311834132709e+01 -1.677820296892914342e+01 1.381593161290972205e+00 -1.677820296892914342e+01 3.936492282339544602e+01
1.979345018884529139e+01 -1.972630111021422605e+00 1.262701427398150722e+00 -1.972630111021422605e+00 4.163817793517901578e+01 -1.633574160600938541e+01 1.262701427398150722e+00 -1.633574160600938541e+01 3.829293450602551019e+01
1.953260050884494348e+01 -2.002157641717959624e+00 1.123887294853018526e+00 -2.002157641717959624e+00 4.099480777957288069e+01 -1.585579764824073123e+01 1.123887294853018526e+00 -1.585579764824073123e+01 3.706031642166642115e+01
1.921589168842102779e+01 -2.024164336654731944e+00 9.655676229124680043e-01 -2.024164336654731944e+00 4.028545227742783652e+01 -1.534120226474290405e+01 9.655676229124680043e-01 -1.534120226474290405e+01 3.567193192831524584e+01
-2.323428670739592050e+01 -1.962674877508195470e+00 -2.033980936442645771e+00 -1.962674877508195470e+00 -6.814266956029175759e+00 -9.274003795611292844e+00 -2.033980936442645771e+00 -9.274003795611292844e+00 -1.457480747545984023e+01
-2.324951265904549302e+01 -2.015256882237550062e+00 -2.190180421079846784e+00 -2.015256882237550062e+00 -6.778273321839439980e+00 -9.069622551038264646e+00 -2.190180421079846784e+00 -9.069622551038264646e+00 -1.456849247979381268e+01
-2.323025468392402715e+01 -2.068170286156375326e+00 -2.348221012325218293e+00 -2.068170286156375326e+00 -6.721383127646964439e+00 -8.848339947802230654e+00 -2.348221012325218293e+00 -8.848339947802230654e+00 -1.449786763030438586e+01
-2.317607091644556405e+01 -2.121028456876955737e+00 -2.508507753632558401e+00 -2.121028456876955737e+00 -6.643485907055263873e+00 -8.609935053110207903e+00 -2.508507753632558401e+00 -8.609935053110207903e+00 -1.436418487948511213e+01
