-2.139363568839590446e+00 6.375169338748417625e-01 -1.534189627914698262e+00 6.375169338748416514e-01 -1.404099398237392160e+00 -2.657366716528512640e+00 -1.534189627914698262e+00 -2.657366716528512640e+00 -4.783302496740101106e-01
-1.876618689896937031e+00 6.797577322307605252e-01 -1.668372313920046146e+00 6.797577322307605252e-01 -1.413176624736864451e+00 -2.549348289429121728e+00 -1.668372313920046146e+00 -2.549348289429121728e+00 -1.555495541999030451e-01
-1.599828724280431436e+00 7.222042358190291500e-01 -1.801924311199254447e+00 7.222042358190291500e-01 -1.409933993708438971e+00 -2.445264538104446217e+00 -1.801924311199254447e+00 -2.445264538104446217e+00 1.862001580558476643e-01
-1.311450808790702416e+00 7.644766156753068920e-01 -1.934964932448573816e+00 7.644766156753070030e-01 -1.394970387261016853e+00 -2.345213620493650009e+00 -1.934964932448573816e+00 -2.345213620493650009e+00 5.441341124656222661e-01
-1.013611741777699526e+00 8.063335628422749757e-01 -2.067417649695857840e+00 8.063335628422748647e-01 -1.368310878347809068e+00 -2.249135318069262368e+00 -2.067417649695857840e+00 -2.249135318069262368e+00 9.157930275400940623e-01
-7.092990353248231905e-01 8.473813615670865440e-01 -2.199369805896761676e+00 8.473813615670866550e-01 -1.330891955497062185e+00 -2.157000083746893004e+00 -2.199369805896761676e+00 -2.157000083746893004e+00 1.297542229901655686e+00
-4.012970928784496683e-01 8.873226805286089647e-01 -2.331045490506559847e+00 8.873226805286089647e-01 -1.283419225022987664e+00 -2.068762060997476393e+00 -2.331045490506559847e+00 -2.068762060997476393e+00 1.686217202928012027e+00
-9.265252069079213393e-02 9.258132075179615894e-01 -2.462681381471480524e+00 9.258132075179614784e-01 -1.226914744902037890e+00 -1.984180201772303365e+00 -2.462681381471480524e+00 -1.984180201772303365e+00 2.077966277816026164e+00
2.134138642845185285e-01 9.625020115064156778e-01 -2.594611190318230065e+00 9.625020115064156778e-01 -1.162624187356049221e+00 -1.903145359209875265e+00 -2.594611190318230065e+00 -1.903145359209875265e+00 2.468973951666816991e+00
5.139949495254634293e-01 9.971200969291503791e-01 -2.727360748288189640e+00 9.971200969291502680e-01 -1.091510191618267678e+00 -1.825374824896069947e+00 -2.727360748288189640e+00 -1.825374824896069947e+00 2.855515136342140270e+00
-6.013352481929756799e+00 1.171326015393876041e+01 -7.309731569763573411e+00 1.171326015393876041e+01 -2.107623795766795638e+01 -1.096049056685785850e+01 -7.309731569763573411e+00 -1.096049056685785850e+01 -2.898567128924610614e+01
-5.928005125842513934e+00 1.166250210263255127e+01 -7.233520662911448795e+00 1.166250210263255127e+01 -2.102918985847539801e+01 -1.090569032892035217e+01 -7.233520662911448795e+00 -1.090569032892035217e+01 -2.880296076201695143e+01
-5.800888507898560142e+00 1.160079876971740021e+01 -7.147158145798081286e+00 1.160079876971740021e+01 -2.093027625958449534e+01 -1.083970486222227869e+01 -7.147158145798081286e+00 -1.083970486222227869e+01 -2.850179017177569918e+01
-5.631947255678289466e+00 1.152826090003252624e+01 -7.050607103477068982e+00 1.152826090003252624e+01 -2.077933104373642692e+01 -1.076246033687082715e+01 -7.050607103477068982e+00 -1.076246033687082715e+01 -2.808358074395892956e+01
-5.422214987681027942e+00 1.144518381314916233e+01 -6.943959823314419744e+00 1.144518381314916233e+01 -2.057720325469849953e+01 -1.067401212528560528e+01 -6.943959823314419744e+00 -1.067401212528560528e+01 -2.755056583282411609e+01
-5.173131386816551824e+00 1.135186282863854323e+01 -6.827400880042157283e+00 1.135186282863854323e+01 -2.032522183054126685e+01 -1.057448942977902995e+01 -6.827400880042157283e+00 -1.057448942977902995e+01 -2.690575400650321924e+01
-4.886246880833850170e+00 1.124870401091112093e+01 -6.701096390919103918e+00 1.124870401091112093e+01 -2.002478953922810945e+01 -1.046391070782429900e+01 -6.701096390919103918e+00 -1.046391070782429900e+01 -2.615278138721708956e+01
-4.563794823990397376e+00 1.113618725427015477e+01 -6.565212473204078414e+00 1.113618725427015477e+01 -1.967821356490930285e+01 -1.034229441689461737e+01 -6.565212473204078414e+00 -1.034229441689461737e+01 -2.529545021444539188e+01
-4.206661174999901220e+00 1.101471862312609318e+01 -6.420155191307530096e+00 1.101471862312609318e+01 -1.928604763178092085e+01 -1.020978821677560688e+01 -6.420155191307530096e+00 -1.020978821677560688e+01 -2.433929773014880382e+01
-3.818666630815228391e+00 1.088479646925539690e+01 -6.265721513024234746e+00 1.088479646925539690e+01 -1.885238929889386128e+01 -1.006620753273523938e+01 -6.265721513024234746e+00 -1.006620753273523938e+01 -2.328823691864620571e+01
-3.159083460660702669e-01 -3.826831740401205995e+00 2.265722824006167713e+01 -3.826831740401205995e+00 1.079151381689655942e+01 -2.511192587271017462e+00 2.265722824006167713e+01 -2.511192587271017462e+00 -2.800337783574384787e+01
-2.340893153407299920e-01 -3.743836108570301580e+00 2.249561755282365638e+01 -3.743836108570301580e+00 1.072582327209517494e+01 -2.471785501012374375e+00 2.249561755282365638e+01 -2.471785501012374375e+00 -2.799870763443253452e+01
-1.048804123943852251e-01 -3.659319946079900632e+00 2.229771324686787182e+01 -3.659319946079900632e+00 1.070725107618274130e+01 -2.431183712092698013e+00 2.229771324686787182e+01 -2.431183712092698013e+00 -2.787963560254950579e+01
6.884021545320107016e-02 -3.573934908926929666e+00 2.206322569730679817e+01 -3.573934908926929666e+00 1.073395087050129781e+01 -2.389550134511219337e+00 2.206322569730679817e+01 -2.389550134511219337e+00 -2.765251538606480608e+01
2.855158344315910091e-01 -3.488314551552845533e+00 2.179206439636308090e+01 -3.488314551552845533e+00 1.080489086638904261e+01 -2.347409713376575002e+00 2.179206439636308090e+01 -2.347409713376575002e+00 -2.732051475718572320e+01
5.425941252194852460e-01 -3.402965717510815225e+00 2.148377680514996868e+01 -3.402965717510815225e+00 1.091811609585519349e+01 -2.305088276687228710e+00 2.148377680514996868e+01 -2.305088276687228710e+00 -2.688814100322433376e+01
8.407629469247515086e-01 -3.318431453464943282e+00 2.113834482211198917e+01 -3.318431453464943282e+00 1.107502037867095801e+01 -2.263092667996346563e+00 2.113834482211198917e+01 -2.263092667996346563e+00 -2.635403650752037663e+01
1.175044371793082965e+00 -3.235254806079337797e+00 2.075493577569751480e+01 -3.235254806079337797e+00 1.127098781819143092e+01 -2.221784918413331589e+00 2.075493577569751480e+01 -2.221784918413331589e+00 -2.572806661780511206e+01
1.544768642272081660e+00 -3.153870212685282670e+00 2.033322383790807919e+01 -3.153870212685282670e+00 1.150589170352832014e+01 -2.181726176157761099e+00 2.033322383790807919e+01 -2.181726176157761099e+00 -2.501142603673957865e+01
1.947691165483441678e+00 -3.074748313725003346e+00 1.987257545430222194e+01 -3.074748313725003346e+00 1.177806669157836694e+01 -2.143314675449979667e+00 1.987257545430222194e+01 -2.143314675449979667e+00 -2.420873066096867277e+01
2.861094960568826195e+01 -3.354537022644866973e+00 -1.626672973331385208e+01 -3.354537022644866973e+00 5.889788069741427989e+01 -2.417544862661545935e+01 -1.626672973331385208e+01 -2.417544862661545935e+01 4.962124269021413880e+01
2.843359752146037778e+01 -3.481472036387840863e+00 -1.627484657277585356e+01 -3.481472036387840863e+00 5.871517458800215650e+01 -2.401086383321153050e+01 -1.627484657277585356e+01 -2.401086383321153050e+01 4.916386822471576323e+01
2.820222469595050541e+01 -3.605129425739182381e+00 -1.625696550148746766e+01 -3.605129425739182381e+00 5.843981981843074180e+01 -2.379738923932717398e+01 -1.625696550148746766e+01 -2.379738923932717398e+01 4.851198133786054001e+01
2.791827259747747902e+01 -3.723844637997381302e+00 -1.621363565023682440e+01 -3.723844637997381302e+00 5.807306909331045119e+01 -2.353595150316735030e+01 -1.621363565023682440e+01 -2.353595150316735030e+01 4.766932298314257821e+01
2.758235899817793424e+01 -3.836004601472314590e+00 -1.614525170677788779e+01 -3.836004601472314590e+00 5.761602067421752338e+01 -2.322785481035386468e+01 -1.614525170677788779e+01 -2.322785481035386468e+01 4.664052645158670884e+01
2.719443241704049186e+01 -3.940064885822374574e+00 -1.605231132088739798e+01 -3.940064885822374574e+00 5.706961837969406304e+01 -2.287483235493673916e+01 -1.605231132088739798e+01 -2.287483235493673916e+01 4.542991614814942380e+01
2.675728998901717048e+01 -4.034686984751502337e+00 -1.593529498200496874e+01 -4.034686984751502337e+00 5.643837537840498442e+01 -2.247882325501155165e+01 -1.593529498200496874e+01 -2.247882325501155165e+01 4.404552311060707837e+01
2.627124060017628437e+01 -4.118566712637895755e+00 -1.579473466058159303e+01 -4.118566712637895755e+00 5.572455683485132027e+01 -2.204236724047338569e+01 -1.579473466058159303e+01 -2.204236724047338569e+01 4.249484640628504195e+01
2.573772571883667837e+01 -4.190691609590947664e+00 -1.563124812875391889e+01 -4.190691609590947664e+00 5.493231555061825588e+01 -2.156833008762277970e+01 -1.563124812875391889e+01 -2.156833008762277970e+01 4.078701533453591566e+01
2.515851285972263440e+01 -4.250255139765594770e+00 -1.544552180000709996e+01 -4.250255139765594770e+00 5.406649074077619588e+01 -2.106012670354840211e+01 -1.544552180000709996e+01 -2.106012670354840211e+01 3.893284090775095763e+01
1.438851157511166079e+01 -2.456162233221729885e+00 -7.470526814499822699e-01 -2.456162233221729885e+00 1.433699254402767131e+01 2.281810141793321023e+01 -7.470526814499822699e-01 2.281810141793321023e+01 -4.303327106269044577e+00
1.441050205742146417e+01 -2.367059792744405478e+00 -7.894832636052840913e-01 -2.367059792744405478e+00 1.421009284829986719e+01 2.280154618449252268e+01 -7.894832636052840913e-01 2.280154618449252268e+01 -4.449562031580428290e+00
1.444685585313621345e+01 -2.275444663445620908e+00 -8.302743608558030841e-01 -2.275444663445620908e+00 1.409445570104839440e+01 2.273899627127744338e+01 -8.302743608558030841e-01 2.273899627127744338e+01 -4.578867493201121519e+00
1.449616514369636455e+01 -2.181869280456334881e+00 -8.698180239396394731e-01 -2.181869280456334881e+00 1.399034840959468973e+01 2.263084372902606489e+01 -8.698180239396394731e-01 2.263084372902606489e+01 -4.692526566273996558e+00
1.455732505883999828e+01 -2.086903899395602835e+00 -9.084350216425117752e-01 -2.086903899395602835e+00 1.389800264028399113e+01 2.247726676261935097e+01 -9.084350216425117752e-01 2.247726676261935097e+01 -4.790913481049058120e+00
1.462880303659090941e+01 -1.991172237346765739e+00 -9.465352251906158365e-01 -1.991172237346765739e+00 1.381732929067582027e+01 2.227840793596205415e+01 -9.465352251906158365e-01 2.227840793596205415e+01 -4.875061825835842910e+00
1.470890613058002394e+01 -1.895262370416973763e+00 -9.847067106911014944e-01 -1.895262370416973763e+00 1.374804323296065256e+01 2.203426724905418865e+01 -9.847067106911014944e-01 2.203426724905418865e+01 -4.946343778217702436e+00
1.479592357395017643e+01 -1.799744554225282123e+00 -1.023288067417782887e+00 -1.799744554225282123e+00 1.368966331395991176e+01 2.174461303555050407e+01 -1.023288067417782887e+00 2.174461303555050407e+01 -5.006345361635132996e+00
1.488791293349896883e+01 -1.705224685366936610e+00 -1.062920832942096716e+00 -1.705224685366936610e+00 1.364133415024500984e+01 2.140919580861766036e+01 -1.062920832942096716e+00 2.140919580861766036e+01 -5.057187214171493750e+00
1.498293177602398707e+01 -1.612290839949087173e+00 -1.104193083371193262e+00 -1.612290839949087173e+00 1.360232510180403764e+01 2.102746313312470861e+01 -1.104193083371193262e+00 2.102746313312470861e+01 -5.100793948541096690e+00
4.952177327346007352e-01 -1.091195437114159006e+01 -2.344749415228477218e+01 -1.091195437114159006e+01 -1.337746083770593053e+01 -2.991070740491996727e+00 -2.344749415228477218e+01 -2.991070740491996727e+00 2.929686724274049414e+00
5.312735692749411820e-01 -1.100212123619633076e+01 -2.339325584648556600e+01 -1.100212123619633076e+01 -1.347737350628342412e+01 -2.927741200063350480e+00 -2.339325584648556600e+01 -2.927741200063350480e+00 2.838301633778965716e+00
5.613110084905954533e-01 -1.107819668757544385e+01 -2.329357955000843461e+01 -1.107819668757544385e+01 -1.355792184510022302e+01 -2.873539259202656737e+00 -2.329357955000843461e+01 -2.873539259202656737e+00 2.751516708006375822e+00
5.823481254231088755e-01 -1.113979889342449781e+01 -2.314841071544561402e+01 -1.113979889342449781e+01 -1.362188777195292921e+01 -2.828883114702870571e+00 -2.314841071544561402e+01 -2.828883114702870571e+00 2.658549742685770489e+00
5.931303296936191183e-01 -1.118643692707350112e+01 -2.295780389020487178e+01 -1.118643692707350112e+01 -1.367014404536597105e+01 -2.794300058172498602e+00 -2.295780389020487178e+01 -2.794300058172498602e+00 2.557964322745698293e+00
5.932212420399134434e-01 -1.121752894950616941e+01 -2.272184998663250610e+01 -1.121752894950616941e+01 -1.370281794262416142e+01 -2.770117374058200799e+00 -2.272184998663250610e+01 -2.770117374058200799e+00 2.449978637817265437e+00
5.812753597368354175e-01 -1.123280222368362047e+01 -2.244071264695185164e+01 -1.123280222368362047e+01 -1.372143679114524595e+01 -2.756625981868118469e+00 -2.244071264695185164e+01 -2.756625981868118469e+00 2.332410791589408117e+00
5.566017489525479922e-01 -1.123202037750549032e+01 -2.211461006079400349e+01 -1.123202037750549032e+01 -1.372683698451512946e+01 -2.753971341356323599e+00 -2.211461006079400349e+01 -2.753971341356323599e+00 2.204988047023242359e+00
5.176730822693059730e-01 -1.121509249862548074e+01 -2.174376041779007807e+01 -1.121509249862548074e+01 -1.372109132422932731e+01 -2.762262547338368623e+00 -2.174376041779007807e+01 -2.762262547338368623e+00 2.064655749283279107e+00
4.637620609167545371e-01 -1.118201858704359530e+01 -2.132840009004043580e+01 -1.118201858704359530e+01 -1.370556349548225228e+01 -2.781445052406477547e+00 -2.132840009004043580e+01 -2.781445052406477547e+00 1.910650234660644653e+00
-8.199499688704689149e+00 1.060779132076322995e+01 -2.517663671186159746e+00 1.060779132076322995e+01 1.975667056017003276e+01 1.113849960347780765e+01 -2.517663671186159746e+00 1.113849960347780765e+01 -1.001539245424041447e+01
-8.149837508277627762e+00 1.059412431752024730e+01 -2.639820390554249219e+00 1.059412431752024730e+01 1.981272508071733185e+01 1.105055540869688890e+01 -2.639820390554249219e+00 1.105055540869688890e+01 -9.897791402619983359e+00
-8.063585933134179484e+00 1.057442510599479313e+01 -2.762445281311426193e+00 1.057442510599479313e+01 1.988179836719963944e+01 1.093522318765434598e+01 -2.762445281311426193e+00 1.093522318765434598e+01 -9.730924315594027263e+00
-7.941681306052521094e+00 1.054869368618686210e+01 -2.885718409376571092e+00 1.054869368618686210e+01 1.996324218230899561e+01 1.079270101286094530e+01 -2.885718409376571092e+00 1.079270101286094530e+01 -9.517096036924206359e+00
-7.785906279629564608e+00 1.051712813060722418e+01 -3.009621768157794808e+00 1.051712813060722418e+01 2.005572403824568539e+01 1.062333100956255905e+01 -3.009621768157794808e+00 1.062333100956255905e+01 -9.259223634496375865e+00
-7.598169552605433807e+00 1.047981847221531915e+01 -3.134083331287546681e+00 1.047981847221531915e+01 2.015789344061811050e+01 1.042738327663750830e+01 -3.134083331287546681e+00 1.042738327663750830e+01 -8.959990090501843696e+00
-7.381028061028223952e+00 1.043705281648135497e+01 -3.258995059214497836e+00 1.043705281648135497e+01 2.026773365113481873e+01 1.020510990637222370e+01 -3.258995059214497836e+00 1.020510990637222370e+01 -8.623771006769388237e+00
-7.136840668435260326e+00 1.038902923591609984e+01 -3.384320938754872721e+00 1.038902923591609984e+01 2.038335397764757317e+01 9.956654951501805684e+00 -3.384320938754872721e+00 9.956654951501805684e+00 -8.253861589614515992e+00
-6.868128297690861750e+00 1.033596380962220884e+01 -3.509880903989791356e+00 1.033596380962220884e+01 2.050277369504868830e+01 9.682126451577589776e+00 -3.509880903989791356e+00 9.682126451577589776e+00 -7.854475381539010925e+00
-6.577645957353889017e+00 1.027827068921310349e+01 -3.635584921959813531e+00 1.027827068921310349e+01 2.062368795957650391e+01 9.381326334088800678e+00 -3.635584921959813531e+00 9.381326334088800678e+00 -7.429069648185366859e+00
-1.423894160176260915e+00 2.009182755205102211e+01 -1.469033626435883555e+01 2.009182755205102211e+01 2.443579351835744973e+01 4.258070540044752050e+00 -1.469033626435883555e+01 4.258070540044752050e+00 3.623750564091167092e+01
-1.646068714178312575e+00 2.003200245247909450e+01 -1.455856487179831049e+01 2.003200245247909450e+01 2.455785730799129496e+01 4.301053747153384954e+00 -1.455856487179831049e+01 4.301053747153384954e+00 3.609363080192336781e+01
-1.899992631317169778e+00 1.994930148421888561e+01 -1.439759968250215216e+01 1.994930148421888561e+01 2.461415075677270536e+01 4.319333145717336286e+00 -1.439759968250215216e+01 4.319333145717336286e+00 3.581051308804887867e+01
-2.184210658503275670e+00 1.984477171961531639e+01 -1.420861199773756489e+01 1.984477171961531639e+01 2.460321861161213164e+01 4.312589289936461512e+00 -1.420861199773756489e+01 4.312589289936461512e+00 3.538777981252136584e+01
-2.497356277591557649e+00 1.971976192982456411e+01 -1.399305707059411041e+01 1.971976192982456411e+01 2.452383633027566745e+01 4.280626962932891466e+00 -1.399305707059411041e+01 4.280626962932891466e+00 3.482672650553033122e+01
-2.838471151181575447e+00 1.957590483782515278e+01 -1.375247888910582716e+01 1.957590483782515278e+01 2.437502782837398385e+01 4.223321935784346337e+00 -1.375247888910582716e+01 4.223321935784346337e+00 3.412928758886553027e+01
-3.206934134661932667e+00 1.941504613046237537e+01 -1.348852792324014160e+01 1.941504613046237537e+01 2.415585251549553192e+01 4.140833931390901945e+00 -1.348852792324014160e+01 4.140833931390901945e+00 3.329730874937225593e+01
-3.602070842454542454e+00 1.923924445844829023e+01 -1.320292563092006866e+01 1.923924445844829023e+01 2.386600869282906245e+01 4.033393660608218134e+00 -1.320292563092006866e+01 4.033393660608218134e+00 3.233261792690692715e+01
-4.023632816714846072e+00 1.905077143636172110e+01 -1.289728698813523344e+01 1.905077143636172110e+01 2.350535438446340208e+01 3.901391557192029680e+00 -1.289728698813523344e+01 3.901391557192029680e+00 3.123851606140437553e+01
-4.470785948964681289e+00 1.885186318480368683e+01 -1.257328021184196309e+01 1.885186318480368683e+01 2.307467045791002036e+01 3.745395524787042962e+00 -1.257328021184196309e+01 3.745395524787042962e+00 3.001741674335459820e+01
-1.651835177343907191e+01 1.743727490628694454e+01 5.637297007696464135e+00 1.743727490628694454e+01 2.729530732122622894e+01 1.619043833838797397e+01 5.637297007696464135e+00 1.619043833838797397e+01 1.083573485763219146e+01
-1.665046595441757304e+01 1.734925868506378421e+01 5.836474589574280003e+00 1.734925868506378421e+01 2.755543856222796606e+01 1.622837264688166314e+01 5.836474589574280003e+00 1.622837264688166314e+01 1.101018595514841536e+01
-1.676455639715866397e+01 1.724898704063233268e+01 6.018598803967247335e+00 1.724898704063233268e+01 2.777335867549323822e+01 1.621593752538586131e+01 6.018598803967247335e+00 1.621593752538586131e+01 1.113522002359896135e+01
-1.686044340337483405e+01 1.713725064545764454e+01 6.184064987107894318e+00 1.713725064545764454e+01 2.794656985482563272e+01 1.615241418075052593e+01 6.184064987107894318e+00 1.615241418075052593e+01 1.120848301541742487e+01
-1.693832464118234071e+01 1.701489408149102189e+01 6.332998927797476085e+00 1.701489408149102189e+01 2.807278993197375527e+01 1.603728148794186836e+01 6.332998927797476085e+00 1.603728148794186836e+01 1.122760291320865456e+01
-1.699870326578622937e+01 1.688281584017002146e+01 6.465652203638511786e+00 1.688281584017002146e+01 2.814982658782996339e+01 1.587018005038486557e+01 6.465652203638511786e+00 1.587018005038486557e+01 1.119036942803625934e+01
-1.704238791948029075e+01 1.674196832241845811e+01 6.582132633603506200e+00 1.674196832241845811e+01 2.817584689986163582e+01 1.565085829047700372e+01 6.582132633603506200e+00 1.565085829047700372e+01 1.109491369771011726e+01
-1.707056461096210143e+01 1.659321408001638787e+01 6.682727734952478293e+00 1.659321408001638787e+01 2.814914373433741446e+01 1.537928026856078034e+01 6.682727734952478293e+00 1.537928026856078034e+01 1.093940279969761065e+01
-1.708452716790174719e+01 1.643757739320262345e+01 6.767581266315438882e+00 1.643757739320262345e+01 2.806842326358722417e+01 1.505546395446494579e+01 6.767581266315438882e+00 1.505546395446494579e+01 1.072252493649990690e+01
-1.708583896540058333e+01 1.627595675341472514e+01 6.836801046664892745e+00 1.627595675341472514e+01 2.793248150908472738e+01 1.467967889562076600e+01 6.836801046664892745e+00 1.467967889562076600e+01 1.044291440113191527e+01
1.222939589518882109e+01 -6.532069324818438716e+00 1.653971299384225047e+00 -6.532069324818438716e+00 2.794808340010327541e+01 9.667256219045121668e+00 1.653971299384225047e+00 9.667256219045121668e+00 -2.156750890784643815e+01
1.214574014619238440e+01 -6.488070884310530140e+00 1.568589772494838996e+00 -6.488070884310530140e+00 2.783918147760068251e+01 9.616888412705497657e+00 1.568589772494838996e+00 9.616888412705497657e+00 -2.184087568439476357e+01
1.210690124783866040e+01 -6.440656471066059652e+00 1.484756108251707563e+00 -6.440656471066059652e+00 2.776548898241921748e+01 9.549547491831081203e+00 1.484756108251707563e+00 9.549547491831081203e+00 -2.201992958866956585e+01
1.211280803402896389e+01 -6.390110749479740448e+00 1.402381349031482927e+00 -6.390110749479740448e+00 2.772707708065756194e+01 9.465304622520550382e+00 1.402381349031482927e+00 9.465304622520550382e+00 -2.210397675120873373e+01
1.216226847261043886e+01 -6.336665009372277169e+00 1.321056289766764147e+00 -6.336665009372277169e+00 2.772294944693421925e+01 9.364070847150554044e+00 1.321056289766764147e+00 9.364070847150554044e+00 -2.209476074142988011e+01
1.225453531954695841e+01 -6.280461582941026855e+00 1.240336142340812131e+00 -6.280461582941026855e+00 2.775250116941041512e+01 9.245579292851051179e+00 1.240336142340812131e+00 9.245579292851051179e+00 -2.199381163045460141e+01
1.238774046474821589e+01 -6.221731760006694145e+00 1.159615994914859893e+00 -6.221731760006694145e+00 2.781420217696457087e+01 9.109331796931293468e+00 1.159615994914859893e+00 9.109331796931293468e+00 -2.180440305882209273e+01
1.255978450830319915e+01 -6.160671247340643752e+00 1.078095228878775735e+00 -6.160671247340643752e+00 2.790627331712972392e+01 8.954794613651191781e+00 1.078095228878775735e+00 8.954794613651191781e+00 -2.153028903823764395e+01
1.276862142487490459e+01 -6.097422377140233607e+00 9.948131019004017306e-01 -6.097422377140233607e+00 2.802684647981556765e+01 8.781202707449953238e+00 9.948131019004017306e-01 8.781202707449953238e+00 -2.117549045327658064e+01
1.301224077217566766e+01 -6.032163064652159790e+00 9.087732885982404696e-01 -6.032163064652159790e+00 2.817417809560448561e+01 8.587541961421413461e+00 9.087732885982404696e-01 8.587541961421413461e+00 -2.074372573259485009e+01
-5.141682900679446000e+00 4.589587324068359564e+00 -1.050311555528223728e+01 4.589587324068359564e+00 3.046707614198985059e+00 2.688537501092008508e+00 -1.050311555528223728e+01 2.688537501092008508e+00 1.529672018000388611e+01
-5.253125616626793892e+00 4.627954326373001415e+00 -1.048931136375318474e+01 4.627954326373001415e+00 2.943951086655036242e+00 2.754080379148364344e+00 -1.048931136375318474e+01 2.754080379148364344e+00 1.501157171712631566e+01
-5.364622395987442616e+00 4.661834065373811953e+00 -1.046109026201101955e+01 4.661834065373811953e+00 2.828976227705475743e+00 2.805530727471404084e+00 -1.046109026201101955e+01 2.805530727471404084e+00 1.468710113164248376e+01
-5.476047090797023564e+00 4.690776012626633573e+00 -1.041829005981584544e+01 4.690776012626633573e+00 2.701819079625836562e+00 2.842582186719099457e+00 -1.041829005981584544e+01 2.842582186719099457e+00 1.432390312109868624e+01
-5.588138567703961890e+00 4.714383703100601508e+00 -1.036071252465223402e+01 4.714383703100601508e+00 2.561830881456528708e+00 2.864784228447290193e+00 -1.036071252465223402e+01 2.864784228447290193e+00 1.392217591801034615e+01
-5.701887989285408409e+00 4.732278692902625927e+00 -1.028803327604038742e+01 4.732278692902625927e+00 2.408092555171466032e+00 2.871722366487349909e+00 -1.028803327604038742e+01 2.871722366487349909e+00 1.348177535327533860e+01
-5.818989342491401651e+00 4.744100559277376838e+00 -1.020003606032711119e+01 4.744100559277376838e+00 2.239144388611571390e+00 2.862855966706287170e+00 -1.020003606032711119e+01 2.862855966706287170e+00 1.300106150335691879e+01
-5.941352867925181691e+00 4.749633048571658911e+00 -1.009619826451717906e+01 4.749633048571658911e+00 2.053436563928935144e+00 2.837734500659940817e+00 -1.009619826451717906e+01 2.837734500659940817e+00 1.247907924795346801e+01
-6.071249228945311494e+00 4.748533759167909096e+00 -9.976069360166430755e+00 4.748533759167909096e+00 1.849076861658086379e+00 2.795889418766386303e+00 -9.976069360166430755e+00 2.795889418766386303e+00 1.191346781801758858e+01
-6.211219405976853736e+00 4.740622479688464175e+00 -9.839072670866343628e+00 4.740622479688464175e+00 1.623992850955890521e+00 2.736689981203798805e+00 -9.839072670866343628e+00 2.736689981203798805e+00 1.130118164126676383e+01
-4.040452135632815356e+01 6.224920693277283590e+00 5.249184934772559430e+00 6.224920693277283590e+00 -1.448250040755308454e+01 4.724371757492278334e+00 5.249184934772559430e+00 4.724371757492278334e+00 -4.335527432445161367e+01
-4.049246038080183041e+01 6.190843380970544096e+00 5.129782696452752866e+00 6.190843380970544096e+00 -1.456355626629593658e+01 4.683166795426016549e+00 5.129782696452752866e+00 4.683166795426016549e+00 -4.360953771428997783e+01
-4.051040174721497777e+01 6.155261551564168876e+00 5.003008324344734525e+00 6.155261551564168876e+00 -1.459330809194122480e+01 4.634890602991467823e+00 5.003008324344734525e+00 4.634890602991467823e+00 -4.370187745128009738e+01
-4.045670929322174203e+01 6.118212817985650531e+00 4.868711366738538437e+00 6.118212817985650531e+00 -1.457015733507058641e+01 4.579242276768708209e+00 4.868711366738538437e+00 4.579242276768708209e+00 -4.363129679284345741e+01
-4.033170272870579964e+01 6.079753599626223526e+00 4.726891823634167267e+00 6.079753599626223526e+00 -1.449468699606013189e+01 4.515883300410316714e+00 4.726891823634167267e+00 4.515883300410316714e+00 -4.339939428839841895e+01
-4.013681134491179847e+01 6.039940315877124100e+00 4.577530888567872935e+00 6.039940315877124100e+00 -1.436845801140073142e+01 4.444381125250149722e+00 4.577530888567872935e+00 4.444381125250149722e+00 -4.300929181092673304e+01
-3.987305069088198195e+01 5.998772966738353141e+00 4.420421690438457674e+00 5.998772966738353141e+00 -1.419273041416332859e+01 4.364171557375843058e+00 4.420421690438457674e+00 4.364171557375843058e+00 -4.246337778132406271e+01
-3.954164318675981349e+01 5.956251552209910649e+00 4.255376164608465572e+00 5.956251552209910649e+00 -1.396876423741887052e+01 4.274558757628815542e+00 4.255376164608465572e+00 4.274558757628815542e+00 -4.176272416802390808e+01
-3.914414976903616861e+01 5.912338459364305798e+00 4.082112214121715432e+00 5.912338459364305798e+00 -1.369834609522317059e+01 4.174846886850486882e+00 4.082112214121715432e+00 4.174846886850486882e+00 -4.091176929647019023e+01
-3.868122866394213588e+01 5.866902042955319807e+00 3.900535806659481519e+00 5.866902042955319807e+00 -1.338226585905354149e+01 4.064302492954783297e+00 3.900535806659481519e+00 4.064302492954783297e+00 -3.991421804002074936e+01
1.301065566753415403e+01 3.833683872528982572e+00 -2.285565292218920241e+00 3.833683872528982572e+00 3.508833973132847461e+01 -2.235487597413331429e+01 -2.285565292218920241e+00 -2.235487597413331429e+01 1.126695301122505199e+01
1.295298073066247646e+01 3.824403050626273171e+00 -2.423897087372211434e+00 3.824403050626273171e+00 3.470750904129793213e+01 -2.224472124737534529e+01 -2.423897087372211434e+00 -2.224472124737534529e+01 1.068761487434945323e+01
1.290153997017326404e+01 3.811300713822447950e+00 -2.567512082849626065e+00 3.811300713822447950e+00 3.431125140632094173e+01 -2.209517145686716688e+01 -2.567512082849626065e+00 -2.209517145686716688e+01 1.008406206932162341e+01
1.285629816473102238e+01 3.794641022133712571e+00 -2.715970011957486996e+00 3.794641022133712571e+00 3.390293046393720999e+01 -2.190786439470925728e+01 -2.715970011957486996e+00 -2.190786439470925728e+01 9.461877177817385132e+00
1.281579362891274343e+01 3.774582471569791320e+00 -2.868513615982669407e+00 3.774582471569791320e+00 3.348511737163780566e+01 -2.168440263166658966e+01 -2.868513615982669407e+00 -2.168440263166658966e+01 8.823455250650342307e+00
1.277817724260498800e+01 3.751371611479143997e+00 -3.024385636212049810e+00 3.751371611479143997e+00 3.305967886020391688e+01 -2.142640634917190923e+01 -3.024385636212049810e+00 -2.142640634917190923e+01 8.170187530572512458e+00
1.274123006167161876e+01 3.725272601877975376e+00 -3.182705539258274374e+00 3.725272601877975376e+00 3.262841121774574304e+01 -2.113542528598695469e+01 -3.182705539258274374e+00 -2.113542528598695469e+01 7.502725612290539914e+00
1.270253942463128993e+01 3.696549602782492450e+00 -3.342575181066240742e+00 3.696549602782492450e+00 3.219245913766684453e+01 -2.081288590619923440e+01 -3.342575181066240742e+00 -2.081288590619923440e+01 6.820822946455964875e+00
1.265946373132193870e+01 3.665537216879889648e+00 -3.503096417580849664e+00 3.665537216879889648e+00 3.175284403869655847e+01 -2.045998573521555741e+01 -3.503096417580849664e+00 -2.045998573521555741e+01 6.124620418410762213e+00
1.260929093891051700e+01 3.632464382850878692e+00 -3.663406326082493614e+00 3.632464382850878692e+00 3.131014707287053156e+01 -2.007769335976200153e+01 -3.663406326082493614e+00 -2.007769335976200153e+01 5.410930497292710584e+00
1.531226702668711326e+01 -2.896223706249687169e+00 7.451751284074611625e+00 -2.896223706249687169e+00 1.533422837541271910e+01 -1.708711592978319871e+01 7.451751284074611625e+00 -1.708711592978319871e+01 2.270206605443739534e+01
1.541419247984506846e+01 -2.912694717793891552e+00 7.304397718431836495e+00 -2.912694717793891552e+00 1.519994535441469985e+01 -1.706281676006422288e+01 7.304397718431836495e+00 -1.706281676006422288e+01 2.264549787070385634e+01
1.548880793321682248e+01 -2.923515995270783208e+00 7.129149697754520787e+00 -2.923515995270783208e+00 1.504472820906695141e+01 -1.701349227925711460e+01 7.129149697754520787e+00 -1.701349227925711460e+01 2.251117942817563744e+01
1.553490905477549511e+01 -2.928776092505867457e+00 6.926184329693679587e+00 -2.928776092505867457e+00 1.486891344390639347e+01 -1.693916019812698082e+01 6.926184329693679587e+00 -1.693916019812698082e+01 2.229863253619499375e+01
1.555102585101767332e+01 -2.928475009499145632e+00 6.695926672611741459e+00 -2.928475009499145632e+00 1.467255419122833437e+01 -1.683978509514361477e+01 6.695926672611741459e+00 -1.683978509514361477e+01 2.200748526869480415e+01
1.553552893155404213e+01 -2.922665878545920748e+00 6.438837206401341717e+00 -2.922665878545920748e+00 1.445538478955625550e+01 -1.671529612724661007e+01 6.438837206401341717e+00 -1.671529612724661007e+01 2.163708232736631842e+01
1.548673577369997112e+01 -2.911490385767003364e+00 6.155535807841025608e+00 -2.911490385767003364e+00 1.421712186664853306e+01 -1.656569329443597027e+01 6.155535807841025608e+00 -1.656569329443597027e+01 2.118664443854508050e+01
1.540299927630104904e+01 -2.895037084987900577e+00 5.846624642944235895e+00 -2.895037084987900577e+00 1.395714554572662180e+01 -1.639079948906067941e+01 5.846624642944235895e+00 -1.639079948906067941e+01 2.065523293168072172e+01
1.528245980902163303e+01 -2.873500794624725518e+00 5.512776720784823503e+00 -2.873500794624725518e+00 1.367460571006565928e+01 -1.619054386806033818e+01 5.512776720784823503e+00 -1.619054386806033818e+01 2.004268840988732947e+01
1.512364737835832074e+01 -2.847058622328491939e+00 5.154594207376231196e+00 -2.847058622328491939e+00 1.336882935059180078e+01 -1.596482016684433169e+01 5.154594207376231196e+00 -1.596482016684433169e+01 1.934647823375541620e+01
-1.200811757266108337e+01 -1.038637711612552694e+00 1.029068329489005151e+01 -1.038637711612552694e+00 1.036398260344917865e+01 -1.744453392221747023e+01 1.029068329489005151e+01 -1.744453392221747023e+01 2.472212097741685000e+01
-1.213129638616118378e+01 -1.009300000628518879e+00 1.024186505601165287e+01 -1.009300000628518879e+00 1.005259994566585213e+01 -1.718292284401282188e+01 1.024186505601165287e+01 -1.718292284401282188e+01 2.414919919167040518e+01
-1.226801983262938656e+01 -9.766345909737028652e-01 1.016214418839593492e+01 -9.766345909737028652e-01 9.699072433906072987e+00 -1.689136247777112843e+01 1.016214418839593492e+01 -1.689136247777112843e+01 2.349143008359919449e+01
-1.241686689479546857e+01 -9.408573333726952814e-01 1.005186245569016457e+01 -9.408573333726952814e-01 9.306997580246365587e+00 -1.657086012687381782e+01 1.005186245569016457e+01 -1.657086012687381782e+01 2.275341846866117024e+01
-1.257798147314248816e+01 -9.024718795162099960e-01 9.911523509585055791e+00 -9.024718795162099960e-01 8.878857668019531246e+00 -1.622303467175532887e+01 9.911523509585055791e+00 -1.622303467175532887e+01 2.193894173453668017e+01
-1.275161539351580231e+01 -8.619818810949592125e-01 9.741702952012854411e+00 -8.619818810949592125e-01 8.417296868601807702e+00 -1.584963090577276468e+01 9.741702952012854411e+00 -1.584963090577276468e+01 2.105228092059677891e+01
-1.293839822052880528e+01 -8.198550146788911031e-01 9.543210223190776276e+00 -8.198550146788911031e-01 7.924815452886382339e+00 -1.545257349788707657e+01 9.543210223190776276e+00 -1.545257349788707657e+01 2.009764511597100878e+01
-1.313897750635526762e+01 -7.765769443983362441e-01 9.316944701137948925e+00 -7.765769443983362441e-01 7.404129542491028282e+00 -1.503385906730072641e+01 9.316944701137948925e+00 -1.503385906730072641e+01 1.907938731027195089e+01
-1.335423464145393702e+01 -7.326693095043901316e-01 9.063859726554653662e+00 -7.326693095043901316e-01 6.857433619782423051e+00 -1.459559215857848180e+01 9.063859726554653662e+00 -1.459559215857848180e+01 1.799995381171164155e+01
-1.358499705360241450e+01 -6.885638114462351300e-01 8.785016565503463326e+00 -6.885638114462351300e-01 6.287533744180253237e+00 -1.413987731628510858e+01 8.785016565503463326e+00 -1.413987731628510858e+01 1.686456101280104036e+01
2.216316000098644778e+01 9.985345594978921824e+00 -1.043197148253842244e+01 9.985345594978921824e+00 3.895930783809701836e+01 -2.355456075868441701e+01 -1.043197148253842244e+01 -2.355456075868441701e+01 6.010354406286451479e+01
2.200010170565246526e+01 1.008250145135726505e+01 -1.033783009103344419e+01 1.008250145135726505e+01 3.860874636273756977e+01 -2.352933627100844305e+01 -1.033783009103344419e+01 -2.352933627100844305e+01 5.949247391910972027e+01
2.175989736387541384e+01 1.016487950005181240e+01 -1.022582712892823942e+01 1.016487950005181240e+01 3.815302510702567673e+01 -2.345614021302012375e+01 -1.022582712892823942e+01 -2.345614021302012375e+01 5.864793866826602198e+01
2.144417547966733295e+01 1.023175211161037090e+01 -1.009643035801350308e+01 1.023175211161037090e+01 3.759664844376060699e+01 -2.333596008183314652e+01 -1.009643035801350308e+01 -2.333596008183314652e+01 5.757570737241864833e+01
2.105394087465267816e+01 1.028249560364534965e+01 -9.950436705784492020e+00 1.028249560364534965e+01 3.694429399084932442e+01 -2.317007789124423311e+01 -9.950436705784492020e+00 -2.317007789124423311e+01 5.628361071043407549e+01
2.058862183997616313e+01 1.031702335360291833e+01 -9.788920291908727478e+00 1.031702335360291833e+01 3.619982511419273408e+01 -2.296036468841615630e+01 -9.788920291908727478e+00 -2.296036468841615630e+01 5.477918484449567416e+01
2.005398743772301273e+01 1.033530071246153881e+01 -9.612920587032196096e+00 1.033530071246153881e+01 3.537309946041696662e+01 -2.270889941464090001e+01 -9.612920587032196096e+00 -2.270889941464090001e+01 5.307587359495824586e+01
1.945081727087772450e+01 1.033779544201191136e+01 -9.423979472613115860e+00 1.033779544201191136e+01 3.447002468769338179e+01 -2.241845399164109409e+01 -9.423979472613115860e+00 -2.241845399164109409e+01 5.118656639783203843e+01
1.878274948670125255e+01 1.032513122464162336e+01 -9.223656154620465841e+00 1.032513122464162336e+01 3.349928037591597274e+01 -2.209209485782240279e+01 -9.223656154620465841e+00 -2.209209485782240279e+01 4.912635290199463611e+01
1.805333560990072428e+01 1.029843415355049885e+01 -9.013735057663195605e+00 1.029843415355049885e+01 3.246961540302181959e+01 -2.173349480946731660e+01 -9.013735057663195605e+00 -2.173349480946731660e+01 4.691325059864316671e+01
4.729921033670988484e-01 1.839787275388193422e+01 -8.282955872739895753e+00 1.839787275388193422e+01 6.186130854144718860e+00 2.047909946206380027e+01 -8.282955872739895753e+00 2.047909946206380027e+01 -1.185818622187547433e+01
3.966634071036092557e-01 1.840868131660169738e+01 -8.257940737615889759e+00 1.840868131660169738e+01 6.016356891558179321e+00 2.030072202814848481e+01 -8.257940737615889759e+00 2.030072202814848481e+01 -1.219563750277515446e+01
3.451691007681412238e-01 1.840515678528003463e+01 -8.222568902762079190e+00 1.840515678528003463e+01 5.867910862097597047e+00 2.008343015353809591e+01 -8.222568902762079190e+00 2.008343015353809591e+01 -1.248958341500180147e+01
3.190333454290443793e-01 1.838729915991694597e+01 -8.176099312874928415e+00 1.838729915991694597e+01 5.740937361919757898e+00 1.982789259545776872e+01 -8.176099312874928415e+00 1.982789259545776872e+01 -1.273823458111518825e+01
3.179127252139516968e-01 1.835505421695363282e+01 -8.117700540052922520e+00 1.835505421695363282e+01 5.635147198711090155e+00 1.953483233469144054e+01 -8.117700540052922520e+00 1.953483233469144054e+01 -1.294106684004696106e+01
3.409577377017445343e-01 1.830853040350768879e+01 -8.046685752551322679e+00 1.830853040350768879e+01 5.549998136883645294e+00 1.920499042654262922e+01 -8.046685752551322679e+00 1.920499042654262922e+01 -1.309833323507149849e+01
3.872285078733129771e-01 1.824792653929469566e+01 -7.962295820547006464e+00 1.824792653929469566e+01 5.484929866329877335e+00 1.883898140467768556e+01 -7.962295820547006464e+00 1.883898140467768556e+01 -1.321068444889433735e+01
4.551887015628039990e-01 1.817353181662821626e+01 -7.863880061334431737e+00 1.817353181662821626e+01 5.439002512030675973e+00 1.843741980276294257e+01 -7.863880061334431737e+00 1.843741980276294257e+01 -1.327915072913258143e+01
5.431935374867753463e-01 1.808558120426303972e+01 -7.750878164806054293e+00 1.808558120426303972e+01 5.411420795123717653e+00 1.800088400542555434e+01 -7.750878164806054293e+00 1.800088400542555434e+01 -1.330512381379529252e+01
6.493271165678102808e-01 1.798456271422831421e+01 -7.622711746334730698e+00 1.798456271422831421e+01 5.401046020874311182e+00 1.752964513045948536e+01 -7.622711746334730698e+00 1.752964513045948536e+01 -1.329030270772471312e+01
-3.579871160420841392e+01 -7.022865299129241179e-02 -9.051630174018711728e+00 -7.022865299129241179e-02 -3.265600296217019149e+01 5.829883644246538488e+00 -9.051630174018711728e+00 5.829883644246538488e+00 -2.850994700543768090e+01
-3.574744072619865420e+01 -4.402731025562087175e-02 -9.007451956101547808e+00 -4.402731025562087175e-02 -3.260859909298751802e+01 5.611048671549255573e+00 -9.007451956101547808e+00 5.611048671549255573e+00 -2.838433524065954217e+01
-3.564848302714081996e+01 -1.976890366233533675e-02 -8.954539957272491080e+00 -1.976890366233533675e-02 -3.251669632710688518e+01 5.378235876701409346e+00 -8.954539957272491080e+00 5.378235876701409346e+00 -2.814252457649210371e+01
-3.550172532628874933e+01 2.301341838554304270e-03 -8.892611225666149366e+00 2.301341838554304270e-03 -3.238070966059755307e+01 5.131369805872227907e+00 -8.892611225666149366e+00 5.131369805872227907e+00 -2.778711817009700979e+01
