1.860012455214304083e-01 -1.081541366385062736e-01 9.399699342260815493e-01 -1.081541366385062736e-01 3.115692650529113816e-01 -1.628568751011622240e+00 9.399699342260815493e-01 -1.628568751011622240e+00 -3.316232589556205035e-01
4.191628301756520486e-02 -1.346637444485798418e-01 1.082517845799621847e+00 -1.346637444485798418e-01 2.177006605903656355e-01 -1.763829232880210540e+00 1.082517845799621847e+00 -1.763829232880210540e+00 -6.727762336792552089e-01
-8.885962672489881864e-02 -1.607936102641026044e-01 1.224541351761639696e+00 -1.607936102641026044e-01 1.341212558849357861e-01 -1.903339208497343948e+00 1.224541351761639696e+00 -1.903339208497343948e+00 -9.949601916274689595e-01
-2.048798475362441085e-01 -1.864171534202242186e-01 1.366148949824863568e+00 -1.864171534202242186e-01 6.211494053724611608e-02 -2.046954014246050946e+00 1.366148949824863568e+00 -2.046954014246050946e+00 -1.295679685407499004e+00
-3.065783702673859357e-01 -2.113897102999729716e-01 1.507322557037172439e+00 -2.113897102999729716e-01 1.121143031531079840e-03 -2.194239659275416532e+00 1.507322557037172439e+00 -2.194239659275416532e+00 -1.575043212732073927e+00
-3.947870107159118236e-01 -2.355485343342555438e-01 1.647953675685837061e+00 -2.355485343342555438e-01 -4.972811833403983223e-02 -2.344707903878160415e+00 1.647953675685837061e+00 -2.344707903878160415e+00 -1.833900672350903038e+00
-4.706630778175959207e-01 -2.587127960018574258e-01 1.788096554627222057e+00 -2.587127960018574258e-01 -9.159015249524063429e-02 -2.497906674251245462e+00 1.788096554627222057e+00 -2.497906674251245462e+00 -2.073716783385825213e+00
-5.356532077421555238e-01 -2.807378316858066825e-01 1.927787359765570141e+00 -2.807378316858066825e-01 -1.257126831484526863e-01 -2.653347730687393380e+00 1.927787359765570141e+00 -2.653347730687393380e+00 -2.296516836474445267e+00
-5.914933638932519111e-01 -3.014428118648886934e-01 2.067152671765732475e+00 -3.014428118648886934e-01 -1.536870100803652828e-01 -2.810578999383567034e+00 2.067152671765732475e+00 -2.810578999383567034e+00 -2.504687781296796700e+00
-6.398833437703030924e-01 -3.206830729221317733e-01 2.206409486053165114e+00 -3.206830729221317733e-01 -1.771044330776676834e-01 -2.969238821297336184e+00 2.206409486053165114e+00 -2.969238821297336184e+00 -2.700978226575343033e+00
4.489131350854196789e+00 1.379052700551544675e+01 7.357760989984504008e+00 1.379052700551544675e+01 1.878435464924042364e+01 1.639797929171973934e+01 7.357760989984504008e+00 1.639797929171973934e+01 2.646510632903191151e+01
4.472184253602307535e+00 1.375645498207932960e+01 7.381501152451735770e+00 1.375645498207932960e+01 1.891048871094834283e+01 1.655583803495690276e+01 7.381501152451735770e+00 1.655583803495690276e+01 2.661967523702080740e+01
4.429736487453034499e+00 1.370483124302137234e+01 7.388151954521206655e+00 1.370483124302137234e+01 1.899771380226053097e+01 1.666148620365938982e+01 7.388151954521206655e+00 1.666148620365938982e+01 2.667533569284285377e+01
4.361076736677018673e+00 1.363544239362276755e+01 7.377411087007943458e+00 1.363544239362276755e+01 1.904602992317698451e+01 1.671444365970988954e+01 7.377411087007943458e+00 1.671444365970988954e+01 2.662829994023923774e+01
4.265831560516351040e+00 1.354951545351665487e+01 7.349296332805177023e+00 1.354951545351665487e+01 1.905310751468406849e+01 1.671542171883775296e+01 7.349296332805177023e+00 1.671542171883775296e+01 2.647771440033473667e+01
4.143342991921377561e+00 1.344754834371357965e+01 7.303861040592610543e+00 1.344754834371357965e+01 1.901814634658625991e+01 1.666452707840238645e+01 7.303861040592610543e+00 1.666452707840238645e+01 2.622268992846764490e+01
3.992686320443936232e+00 1.333076808384668155e+01 7.241247473516114752e+00 1.333076808384668155e+01 1.893952817559927126e+01 1.656215096205493253e+01 7.241247473516114752e+00 1.656215096205493253e+01 2.586240851154920861e+01
3.813559236899051186e+00 1.319974372649944527e+01 7.161811289440366934e+00 1.319974372649944527e+01 1.881684399517872208e+01 1.640896911973827699e+01 7.161811289440366934e+00 1.640896911973827699e+01 2.539672788643356327e+01
3.604859201906221333e+00 1.305602238338321719e+01 7.065943712016514056e+00 1.305602238338321719e+01 1.864856447650650750e+01 1.620572843296825027e+01 7.065943712016514056e+00 1.620572843296825027e+01 2.482493673739135076e+01
3.365750419483455325e+00 1.290088442281083836e+01 6.954107096468635341e+00 1.290088442281083836e+01 1.843351594862918219e+01 1.595328248062007326e+01 6.954107096468635341e+00 1.595328248062007326e+01 2.414682166970375832e+01
-7.579783581048510355e-02 -5.465431635864282711e+00 1.859721761049394217e+01 -5.465431635864282711e+00 -2.360651561625701689e+01 4.363494541686833372e+00 1.859721761049394217e+01 4.363494541686833372e+00 -2.297980457371006580e+01
-7.624055862855558252e-02 -5.451781015640442263e+00 1.873460925836848290e+01 -5.451781015640442263e+00 -2.370402531693704162e+01 4.406678463232792886e+00 1.873460925836848290e+01 4.406678463232792886e+00 -2.313405658223945949e+01
-4.803542576064814135e-02 -5.433555592963207559e+00 1.883776367497890902e+01 -5.433555592963207559e+00 -2.375490154744697691e+01 4.446837112188602781e+00 1.883776367497890902e+01 4.446837112188602781e+00 -2.319871256046183561e+01
8.503967463770658458e-03 -5.410921388889353700e+00 1.890716047671145716e+01 -5.410921388889353700e+00 -2.375932877562767942e+01 4.483693786792971814e+00 1.890716047671145716e+01 4.483693786792971814e+00 -2.317386474229763138e+01
9.232615435178338770e-02 -5.384155105180175482e+00 1.894298413140699466e+01 -5.384155105180175482e+00 -2.371786040500174408e+01 4.516750423875567577e+00 1.894298413140699466e+01 4.516750423875567577e+00 -2.306038012659889347e+01
2.019000518242296260e-01 -5.353404316108362870e+00 1.894551134082681543e+01 -5.353404316108362870e+00 -2.363182460402337881e+01 4.545342939209287003e+00 1.894551134082681543e+01 4.545342939209287003e+00 -2.286052766780824186e+01
3.353809814724822425e-01 -5.318853489514777877e+00 1.891501880673220981e+01 -5.318853489514777877e+00 -2.350271556220357283e+01 4.568696567862505553e+00 1.891501880673220981e+01 4.568696567862505553e+00 -2.257712972389087014e+01
4.907582438311379192e-01 -5.280631752888025332e+00 1.885180167766855774e+01 -5.280631752888025332e+00 -2.333210125618965591e+01 4.585962757767254594e+00 1.885180167766855774e+01 4.585962757767254594e+00 -2.221284263175520124e+01
6.661318201393106042e-01 -5.238868233716709177e+00 1.875598908112447205e+01 -5.238868233716709177e+00 -2.312166034333348463e+01 4.596145382582875527e+00 1.875598908112447205e+01 4.596145382582875527e+00 -2.177078389791181579e+01
8.595647980679421707e-01 -5.193636719137174396e+00 1.862771014458854779e+01 -5.193636719137174396e+00 -2.287283167279378304e+01 4.598211422400538595e+00 1.862771014458854779e+01 4.598211422400538595e+00 -2.125360985926914026e+01
-1.645611425843522113e+01 1.027367409500248563e+01 -6.830467044192933379e+00 1.027367409500248563e+01 -2.467821518937310898e+01 8.680259943894570895e+00 -6.830467044192933379e+00 8.680259943894570895e+00 -4.722250059884537876e+01
-1.649097112949986865e+01 1.019652447011517360e+01 -6.774782209332534499e+00 1.019652447011517360e+01 -2.458136141168622046e+01 8.701986956487258951e+00 -6.774782209332534499e+00 8.701986956487258951e+00 -4.712392364429769032e+01
-1.646733363821368457e+01 1.011328753566525407e+01 -6.710462759984869408e+00 1.011328753566525407e+01 -2.441810913430874663e+01 8.710621570974526051e+00 -6.710462759984869408e+00 8.710621570974526051e+00 -4.685866678883419212e+01
-1.638578242025802467e+01 1.002405694256907509e+01 -6.637227743400893942e+00 1.002405694256907509e+01 -2.418941359658743195e+01 8.705770453507710727e+00 -6.637227743400893942e+00 8.705770453507710727e+00 -4.642624304768988708e+01
-1.624708541314694088e+01 9.929076183209142314e+00 -6.555133350130416758e+00 9.929076183209142314e+00 -2.389662337171768769e+01 8.687171381521038072e+00 -6.555133350130416758e+00 8.687171381521038072e+00 -4.582904988432326832e+01
-1.605223531659371972e+01 9.828719861250846179e+00 -6.464254500906517542e+00 9.828719861250846179e+00 -2.354116195362799857e+01 8.654524672082198222e+00 -6.464254500906517542e+00 8.654524672082198222e+00 -4.507025269970689862e+01
-1.580252451324396290e+01 9.723306389809767580e+00 -6.364553735362655118e+00 9.723306389809767580e+00 -2.312514585302782777e+01 8.607549372442143465e+00 -6.364553735362655118e+00 8.607549372442143465e+00 -4.415389721342700113e+01
-1.549860855951209970e+01 9.613285293284377531e+00 -6.256255815698065881e+00 9.613285293284377531e+00 -2.264996110347911795e+01 8.546151831684529299e+00 -6.256255815698065881e+00 8.546151831684529299e+00 -4.308474089203404134e+01
-1.514398999966954129e+01 9.499274667722573895e+00 -6.139061058980435526e+00 9.499274667722573895e+00 -2.212015913951637458e+01 8.469938715960694253e+00 -6.139061058980435526e+00 8.469938715960694253e+00 -4.186875866399100232e+01
-1.474039201057708581e+01 9.381780228072630123e+00 -6.013081846309383138e+00 9.381780228072630123e+00 -2.153828726606425548e+01 8.378872564904099818e+00 -6.013081846309383138e+00 8.378872564904099818e+00 -4.051319911022321918e+01
3.728194203775614568e+01 -1.320932128811976547e+01 -1.110905525761910084e+01 -1.320932128811976547e+01 3.386177606685443919e+01 1.940853586258655028e+01 -1.110905525761910084e+01 1.940853586258655028e+01 -1.436887155016801820e+01
3.724021489807731911e+01 -1.316326845254503652e+01 -1.125496836552253832e+01 -1.316326845254503652e+01 3.390234265397582192e+01 1.949476843443018481e+01 -1.125496836552253832e+01 1.949476843443018481e+01 -1.436405349864168279e+01
3.721953596159932687e+01 -1.310543425009933749e+01 -1.137160389754513368e+01 -1.310543425009933749e+01 3.396610270811631693e+01 1.953966071744747524e+01 -1.137160389754513368e+01 1.953966071744747524e+01 -1.431249683048394772e+01
3.721944804095102910e+01 -1.303571317600471957e+01 -1.145931353628005134e+01 -1.303571317600471957e+01 3.405291555623866628e+01 1.954310720686047276e+01 -1.145931353628005134e+01 1.954310720686047276e+01 -1.421610063169789484e+01
3.723889608835295917e+01 -1.295422831916879325e+01 -1.151823795476455814e+01 -1.295422831916879325e+01 3.416197232837859588e+01 1.950487930898362876e+01 -1.151823795476455814e+01 1.950487930898362876e+01 -1.407679915654592762e+01
3.727663163059938256e+01 -1.286113793675847639e+01 -1.154869366733249691e+01 -1.286113793675847639e+01 3.429211247197866896e+01 1.942478359839069668e+01 -1.154869366733249691e+01 1.942478359839069668e+01 -1.389679042123531261e+01
3.733121276905831820e+01 -1.275668820658898817e+01 -1.155115544548463724e+01 -1.275668820658898817e+01 3.444201717731450429e+01 1.930271457030372417e+01 -1.155115544548463724e+01 1.930271457030372417e+01 -1.367888788651135457e+01
3.740110968444951567e+01 -1.264123081125348946e+01 -1.152616839724038833e+01 -1.264123081125348946e+01 3.461020937749483295e+01 1.913853155168545328e+01 -1.152616839724038833e+01 1.913853155168545328e+01 -1.342594018137867629e+01
3.748528491312313804e+01 -1.251538119529001492e+01 -1.147445347191573006e+01 -1.251538119529001492e+01 3.479552851996221108e+01 1.893184769168340509e+01 -1.147445347191573006e+01 1.893184769168340509e+01 -1.313993431248865384e+01
3.758101291498218188e+01 -1.237908660630959368e+01 -1.139653819340040997e+01 -1.237908660630959368e+01 3.499567108373143043e+01 1.868304984115005496e+01 -1.139653819340040997e+01 1.868304984115005496e+01 -1.282612793460907419e+01
1.537991844208881176e+01 -3.461036350440965581e+00 2.263214986139037066e+01 -3.461036350440965581e+00 4.047541344577901867e+01 3.571258541802188713e+00 2.263214986139037066e+01 3.571258541802188713e+00 2.745409929334761046e+01
1.513602513749908063e+01 -3.527302758466207333e+00 2.272186519128289817e+01 -3.527302758466207333e+00 4.011308469788201592e+01 3.454837008886806782e+00 2.272186519128289817e+01 3.454837008886806782e+00 2.668119550946969198e+01
1.487066179690539869e+01 -3.591275059871124498e+00 2.276631131801864072e+01 -3.591275059871124498e+00 3.970254468642965406e+01 3.319694865459008604e+00 2.276631131801864072e+01 3.319694865459008604e+00 2.580609015126954731e+01
1.458584233069965741e+01 -3.652392862198844625e+00 2.276573341329748956e+01 -3.652392862198844625e+00 3.924759357277009997e+01 3.166655187939825922e+00 2.276573341329748956e+01 3.166655187939825922e+00 2.483603329615796795e+01
1.428212713133872747e+01 -3.710060748463939628e+00 2.272030659976221756e+01 -3.710060748463939628e+00 3.875071809843073112e+01 2.996891298035838425e+00 2.272030659976221756e+01 2.996891298035838425e+00 2.377564818190416673e+01
1.395977888278676460e+01 -3.763665789416705376e+00 2.263031107364125560e+01 -3.763665789416705376e+00 3.821449256626030433e+01 2.811699103303562985e+00 2.263031107364125560e+01 2.811699103303562985e+00 2.262955804627733158e+01
1.361918285485787372e+01 -3.812647592600267643e+00 2.249618464154153941e+01 -3.812647592600267643e+00 3.764164888948607768e+01 2.612479584885183392e+00 2.249618464154153941e+01 2.612479584885183392e+00 2.140264881101083816e+01
1.326051417019482592e+01 -3.856638400464803773e+00 2.231850520818422012e+01 -3.856638400464803773e+00 3.703481390774963700e+01 2.400668748451436851e+00 2.231850520818422012e+01 2.400668748451436851e+00 2.009959625066671052e+01
1.288422814766883207e+01 -3.895252943196214623e+00 2.209799077640466436e+01 -3.895252943196214623e+00 3.639694719371386356e+01 2.177807673258724375e+00 2.209799077640466436e+01 2.177807673258724375e+00 1.872568906905669550e+01
1.249042986086555374e+01 -3.928211024566062637e+00 2.183544691035962515e+01 -3.928211024566062637e+00 3.573069309928460058e+01 1.945314852713506015e+00 2.183544691035962515e+01 1.945314852713506015e+00 1.728593577376409485e+01
2.745129617501431341e+01 -8.413638559775856507e+00 -1.577167711277071049e+01 -8.413638559775856507e+00 3.036791040593677593e+01 1.420699503066234115e+01 -1.577167711277071049e+01 1.420699503066234115e+01 2.023847929985753069e+01
2.730635491557418248e+01 -8.436159662361170319e+00 -1.576570069566441568e+01 -8.436159662361170319e+00 3.025605851745468655e+01 1.415070103727398632e+01 -1.576570069566441568e+01 1.415070103727398632e+01 1.988855219151635012e+01
2.713687704631348296e+01 -8.443415488408113845e+00 -1.571843266946005890e+01 -8.443415488408113845e+00 3.011830297946201185e+01 1.405421958222949996e+01 -1.571843266946005890e+01 1.405421958222949996e+01 1.945542844973353525e+01
2.694431723767156228e+01 -8.435563773265528198e+00 -1.563004829565636200e+01 -8.435563773265528198e+00 2.995578299170042769e+01 1.391777850547721584e+01 -1.563004829565636200e+01 1.391777850547721584e+01 1.894210504613717916e+01
2.672890332959676130e+01 -8.412955039930853474e+00 -1.550098572800012420e+01 -8.412955039930853474e+00 2.976823566192185666e+01 1.374169327771482685e+01 -1.550098572800012420e+01 1.374169327771482685e+01 1.835003665116663996e+01
2.649077553128805462e+01 -8.376080020600499054e+00 -1.533170064638800767e+01 -8.376080020600499054e+00 2.955545067632782974e+01 1.352650720958835961e+01 -1.533170064638800767e+01 1.352650720958835961e+01 1.768046762146281736e+01
2.622970600279710496e+01 -8.325622235119467973e+00 -1.512280646606553347e+01 -8.325622235119467973e+00 2.931690225042219566e+01 1.327286876864307352e+01 -1.512280646606553347e+01 1.327286876864307352e+01 1.693448457831776111e+01
2.594550195647532576e+01 -8.262387886381864277e+00 -1.487498670687769931e+01 -8.262387886381864277e+00 2.905215223045816586e+01 1.298156663162320079e+01 -1.487498670687769931e+01 1.298156663162320079e+01 1.611315661687366685e+01
2.563776029087566855e+01 -8.187288334181026528e+00 -1.458903004556873562e+01 -8.187288334181026528e+00 2.876060472734008400e+01 1.265342452757271552e+01 -1.458903004556873562e+01 1.265342452757271552e+01 1.521764046302206452e+01
2.530609543070094247e+01 -8.101375147509259023e+00 -1.426583031578211092e+01 -8.101375147509259023e+00 2.844175148272167419e+01 1.228940639473457352e+01 -1.426583031578211092e+01 1.228940639473457352e+01 1.424890005500591172e+01
-3.515663713797209056e+01 -4.415749879021847735e-02 2.819644624850590198e+00 -4.415749879021847735e-02 -2.698519072553975562e+01 -6.174043563168837068e+00 2.819644624850590198e+00 -6.174043563168837068e+00 -4.565940264212702004e+01
-3.517533735606242118e+01 7.396806912652113819e-02 2.963397819583427406e+00 7.396806912652113819e-02 -2.688355087620264428e+01 -6.138857626498877451e+00 2.963397819583427406e+00 -6.138857626498877451e+00 -4.553478499444815952e+01
-3.513063096423109499e+01 1.915636713483931386e-01 3.107264578393736709e+00 1.915636713483931386e-01 -2.672461794978109850e+01 -6.097028191296828048e+00 3.107264578393736709e+00 -6.097028191296828048e+00 -4.524226285822748395e+01
-3.502126875762591141e+01 3.083075429892279673e-01 3.251718084937648801e+00 3.083075429892279673e-01 -2.650771056181028840e+01 -6.048365984100234627e+00 3.251718084937648801e+00 -6.048365984100234627e+00 -4.478194979754248095e+01
-3.484800783009669800e+01 4.239536285478369693e-01 3.396758339215164568e+00 4.239536285478369693e-01 -2.623400220775741687e+01 -5.992814222870362251e+00 3.396758339215164568e+00 -5.992814222870362251e+00 -4.415640100413624936e+01
-3.461200274976440738e+01 5.381990904842959278e-01 3.542328559187547743e+00 5.381990904842959278e-01 -2.590498814797586391e+01 -5.930259343529739269e+00 3.542328559187547743e+00 -5.930259343529739269e+00 -4.336894769094797653e+01
-3.431450272148122593e+01 6.506843092199445788e-01 3.688220544046100891e+00 6.506843092199445788e-01 -2.552239077097394215e+01 -5.860606709347140786e+00 3.688220544046100891e+00 -5.860606709347140786e+00 -4.242371601945911408e+01
-3.395743833456418059e+01 7.609361010986512852e-01 3.834169310943389419e+00 7.609361010986512852e-01 -2.508859492237856514e+01 -5.783780610937583333e+00 3.834169310943389419e+00 -5.783780610937583333e+00 -4.132592993723336861e+01
-3.354319443464016359e+01 8.688219746966990842e-01 3.979644894184546811e+00 8.688219746966990842e-01 -2.460617472127908201e+01 -5.699894612378540337e+00 3.979644894184546811e+00 -5.699894612378540337e+00 -4.008352000234749823e+01
-3.307389088448865522e+01 9.732630712781072946e-01 4.124476947653364256e+00 9.732630712781072946e-01 -2.407815854307474623e+01 -5.608532312052614266e+00 4.124476947653364256e+00 -5.608532312052614266e+00 -3.869928746204580960e+01
1.748340648189999769e+01 -1.054471161510302757e+01 -1.001837231317655608e+01 -1.054471161510302757e+01 3.116773529058938408e+01 -1.409596555089055947e+01 -1.001837231317655608e+01 -1.409596555089055947e+01 1.892660909090918508e+01
1.752478674216319021e+01 -1.066677457856876288e+01 -9.960774512614463561e+00 -1.066677457856876288e+01 3.123075654653916189e+01 -1.408108626581719491e+01 -9.960774512614463561e+00 -1.408108626581719491e+01 1.905059139410627367e+01
1.756204658502145577e+01 -1.077874780197883453e+01 -9.880637676674970393e+00 -1.077874780197883453e+01 3.126541031343191790e+01 -1.404440750746475253e+01 -9.880637676674970393e+00 -1.404440750746475253e+01 1.911414090869771343e+01
1.759421753629841945e+01 -1.087945150770020497e+01 -9.777750501901413926e+00 -1.087945150770020497e+01 3.127058724812016166e+01 -1.398578840686212388e+01 -9.777750501901413926e+00 -1.398578840686212388e+01 1.911391199661966311e+01
1.761997894938993170e+01 -1.096786439569233806e+01 -9.651848858972964962e+00 -1.096786439569233806e+01 3.124500192124254028e+01 -1.390492961744569733e+01 -9.651848858972964962e+00 -1.390492961744569733e+01 1.904775640606271381e+01
1.763742909318603225e+01 -1.104296516591469235e+01 -9.502651009947404859e+00 -1.104296516591469235e+01 3.118724564308794811e+01 -1.380156700989464902e+01 -9.502651009947404859e+00 -1.380156700989464902e+01 1.891303284381858063e+01
1.764429645552758430e+01 -1.110390860454061723e+01 -9.329857608261130864e+00 -1.110390860454061723e+01 3.109576885497420307e+01 -1.367534841178120608e+01 -9.329857608261130864e+00 -1.367534841178120608e+01 1.870690632184369306e+01
1.763795735182768709e+01 -1.114995514947178989e+01 -9.133063655622200017e+00 -1.114995514947178989e+01 3.096909243270465240e+01 -1.352585121619203967e+01 -9.133063655622200017e+00 -1.352585121619203967e+01 1.842638337450199870e+01
1.761554157680000898e+01 -1.118048849895961361e+01 -8.911776110631734582e+00 -1.118048849895961361e+01 3.080575486070405589e+01 -1.335263520759243860e+01 -8.911776110631734582e+00 -1.335263520759243860e+01 1.806838249305048905e+01
1.757403805618708859e+01 -1.119505082884798064e+01 -8.665466714648079716e+00 -1.119505082884798064e+01 3.060431223201852902e+01 -1.315515451871935326e+01 -8.665466714648079716e+00 -1.315515451871935326e+01 1.762964608253227183e+01
-5.869670704664609495e+00 2.925868859126898314e-01 1.314917021351310211e+01 2.925868859126898314e-01 -3.684184958892335970e+01 -1.368744088712921680e+01 1.314917021351310211e+01 -1.368744088712921680e+01 -4.210252956697874538e+01
-5.871338453662062307e+00 3.366416936993385511e-01 1.308600187789047631e+01 3.366416936993385511e-01 -3.674161600030116404e+01 -1.373203911874649563e+01 1.308600187789047631e+01 -1.373203911874649563e+01 -4.195031467814379766e+01
-5.825953194428007187e+00 3.820456916861739161e-01 1.300613731354054003e+01 3.820456916861739161e-01 -3.657727713841732253e+01 -1.376203986194786566e+01 1.300613731354054003e+01 -1.376203986194786566e+01 -4.164425462898202568e+01
-5.733215106917959325e+00 4.282741947953455641e-01 1.290965147547441916e+01 4.282741947953455641e-01 -3.634896417454129391e+01 -1.377791158555284134e+01 1.290965147547441916e+01 -1.377791158555284134e+01 -4.118605464599642829e+01
-5.593648876209766030e+00 4.750086442295871625e-01 1.279658184119766773e+01 4.750086442295871625e-01 -3.605776395633435527e+01 -1.377993537085312070e+01 1.279658184119766773e+01 -1.377993537085312070e+01 -4.057811328954289820e+01
-5.408135223684108261e+00 5.217243549110484047e-01 1.266704084322697277e+01 5.217243549110484047e-01 -3.570525053903004675e+01 -1.376827986662372894e+01 1.266704084322697277e+01 -1.376827986662372894e+01 -3.982342876006629240e+01
-5.177910907024488196e+00 5.680652905369021344e-01 1.252093478779843316e+01 5.680652905369021344e-01 -3.529335401416474838e+01 -1.374303876662857249e+01 1.252093478779843316e+01 -1.374303876662857249e+01 -3.892619853818942488e+01
-4.903107097500369882e+00 6.135067660292983227e-01 1.235852601745096990e+01 6.135067660292983227e-01 -3.482289888686078427e+01 -1.370432450338432950e+01 1.235852601745096990e+01 -1.370432450338432950e+01 -3.789005794195166743e+01
-4.588502177070744814e+00 6.577489613437507154e-01 1.217936480211785621e+01 6.577489613437507154e-01 -3.429969417048008751e+01 -1.365204338312709709e+01 1.217936480211785621e+01 -1.365204338312709709e+01 -3.672327076132918222e+01
-4.234695785824588832e+00 7.002859301551895843e-01 1.198361979057411730e+01 7.002859301551895843e-01 -3.372516401023396071e+01 -1.358613918959853706e+01 1.198361979057411730e+01 -1.358613918959853706e+01 -3.543117754086436122e+01
2.252601406766417114e+01 -2.944939756783511609e+00 -3.996586378680205165e+00 -2.944939756783511609e+00 -1.276670765177367706e+01 -6.521633270522130488e+00 -3.996586378680205165e+00 -6.521633270522130488e+00 3.000348152222027664e+01
2.247849252985588464e+01 -2.927924326642065811e+00 -4.014657445391940804e+00 -2.927924326642065811e+00 -1.264328763377610265e+01 -6.424944117541718569e+00 -4.014657445391940804e+00 -6.424944117541718569e+00 3.010408905501244803e+01
2.237838597713097499e+01 -2.906239046587983488e+00 -4.016070924867413794e+00 -2.906239046587983488e+00 -1.253321515614184989e+01 -6.322529478078378951e+00 -4.016070924867413794e+00 -6.322529478078378951e+00 3.010433954504607357e+01
2.222626695813773168e+01 -2.880313328107484416e+00 -4.000898385687658987e+00 -2.880313328107484416e+00 -1.243786791405587167e+01 -6.214085185662708177e+00 -4.000898385687658987e+00 -6.214085185662708177e+00 3.000326681647716853e+01
2.202258277650764029e+01 -2.850433445524714227e+00 -3.969282965014751863e+00 -2.850433445524714227e+00 -1.235905301418934421e+01 -6.099521779568410906e+00 -3.969282965014751863e+00 -6.099521779568410906e+00 2.980078140857943936e+01
2.176790598088899031e+01 -2.816993026035374381e+00 -3.921421476446542709e+00 -2.816993026035374381e+00 -1.229881016110180703e+01 -5.978875044086003676e+00 -3.921421476446542709e+00 -5.978875044086003676e+00 2.949704435066021446e+01
2.146298804138266192e+01 -2.780439373270943815e+00 -3.857564410016658840e+00 -2.780439373270943815e+00 -1.225941165724117354e+01 -5.852109194924970836e+00 -3.857564410016658840e+00 -5.852109194924970836e+00 2.909223456417208453e+01
2.110834783020117200e+01 -2.741273467298678046e+00 -3.778141177211318702e+00 -2.741273467298678046e+00 -1.224346975581527630e+01 -5.719295800666346352e+00 -3.778141177211318702e+00 -5.719295800666346352e+00 2.858660253914868576e+01
2.070500519962429209e+01 -2.699942611750055566e+00 -3.683455944499930190e+00 -2.699942611750055566e+00 -1.225347146501513684e+01 -5.580434861310132000e+00 -3.683455944499930190e+00 -5.580434861310132000e+00 2.798068503994777956e+01
2.025383686476972400e+01 -2.657019355273369854e+00 -3.573938123368711306e+00 -2.657019355273369854e+00 -1.229215428306540581e+01 -5.435669514018399262e+00 -3.573938123368711306e+00 -5.435669514018399262e+00 2.727476834089352309e+01
1.161310552200601798e+01 1.093424126517094308e+00 -3.884017974002997420e+00 1.093424126517094308e+00 -8.445175217428352310e-01 1.489820786631291227e+01 -3.884017974002997420e+00 1.489820786631291227e+01 -3.166219843374737763e+01
1.175954787446475791e+01 1.205058048763384182e+00 -4.073603169541955893e+00 1.205058048763384182e+00 -7.208086876075108229e-01 1.497792044254278032e+01 -4.073603169541955893e+00 1.497792044254278032e+01 -3.127676361469695721e+01
1.194953254077297622e+01 1.314785405974563615e+00 -4.252348181024141027e+00 1.314785405974563615e+00 -5.483099463355922687e-01 1.503124979023916197e+01 -4.252348181024141027e+00 1.503124979023916197e+01 -3.077444728011312947e+01
1.218146163785363001e+01 1.422315673954805737e+00 -4.421070107750317391e+00 1.422315673954805737e+00 -3.280744481369500254e-01 1.505839564478668713e+01 -4.421070107750317391e+00 1.505839564478668713e+01 -3.015995229041583769e+01
1.245384622920311024e+01 1.527285697459328073e+00 -4.580059473916308299e+00 1.527285697459328073e+00 -6.117350098369407629e-02 1.505928537513640819e+01 -4.580059473916308299e+00 1.505928537513640819e+01 -2.943654704280812595e+01
1.276470711873734665e+01 1.629314163481108357e+00 -4.729588645955702830e+00 1.629314163481108357e+00 2.507768542848913818e-01 1.503397345457503320e+01 -4.729588645955702830e+00 1.503397345457503320e+01 -2.860858940022739816e+01
1.311193800603659909e+01 1.727947127964167384e+00 -4.870057094637762596e+00 1.727947127964167384e+00 6.060516302560871038e-01 1.498255067191376178e+01 -4.870057094637762596e+00 1.498255067191376178e+01 -2.768096380071597196e+01
1.349301496214962626e+01 1.822894066712678951e+00 -5.001955079542942606e+00 1.822894066712678951e+00 1.002254002314325376e+00 1.490512597372602777e+01 -5.001955079542942606e+00 1.490512597372602777e+01 -2.665906309965889065e+01
1.390581352889444666e+01 1.913664720146186493e+00 -5.125700229202745817e+00 1.913664720146186493e+00 1.437477405424495647e+00 1.480177199106079122e+01 -5.125700229202745817e+00 1.480177199106079122e+01 -2.554820752139221085e+01
1.434877213871849477e+01 1.999805144208711249e+00 -5.241673856624192496e+00 1.999805144208711249e+00 1.910123956509552468e+00 1.467276109035163500e+01 -5.241673856624192496e+00 1.467276109035163500e+01 -2.435293650647572861e+01
2.425550103053980067e+01 -7.811205451525339072e+00 1.289416353712383945e+01 -7.811205451525339072e+00 -9.549897352578119225e+00 3.619920119021045490e+00 1.289416353712383945e+01 3.619920119021045490e+00 8.851029860388972992e+00
2.434593848473375388e+01 -7.846332715026978377e+00 1.281795280405184734e+01 -7.846332715026978377e+00 -9.308850410592407698e+00 3.566493668199860245e+00 1.281795280405184734e+01 3.566493668199860245e+00 9.262564230901789486e+00
2.441432721224562385e+01 -7.869278460695311672e+00 1.271492120329091158e+01 -7.869278460695311672e+00 -9.054958156723564855e+00 3.501980062708597075e+00 1.271492120329091158e+01 3.501980062708597075e+00 9.645573397651785896e+00
2.446072103421459332e+01 -7.879899165492537882e+00 1.258537372129635834e+01 -7.879899165492537882e+00 -8.788830563882239488e+00 3.425697568117703540e+00 1.258537372129635834e+01 3.425697568117703540e+00 9.997635409376078641e+00
2.448395382595852610e+01 -7.878176889038932984e+00 1.242974092718158907e+01 -7.878176889038932984e+00 -8.512835762192141331e+00 3.337197674934054614e+00 1.242974092718158907e+01 3.337197674934054614e+00 1.031604126873618554e+01
2.448330797228842570e+01 -7.864147512093948578e+00 1.224854309195862889e+01 -7.864147512093948578e+00 -8.229306001017523187e+00 3.235924231386172689e+00 1.224854309195862889e+01 3.235924231386172689e+00 1.059863813016510115e+01
2.445808379839501256e+01 -7.838026319214280946e+00 1.204237224815840790e+01 -7.838026319214280946e+00 -7.940717052760441597e+00 3.121356966462032645e+00 1.204237224815840790e+01 3.121356966462032645e+00 1.084327314809581999e+01
2.440724076225423289e+01 -7.800010654576910341e+00 1.181183836869157489e+01 -7.800010654576910341e+00 -7.649993199316080350e+00 2.992921788010432405e+00 1.181183836869157489e+01 2.992921788010432405e+00 1.104756025202491365e+01
2.433004330829736261e+01 -7.750423445016885182e+00 1.155755142646877864e+01 -7.750423445016885182e+00 -7.359969020680995122e+00 2.850080484639620604e+00 1.155755142646877864e+01 2.850080484639620604e+00 1.120929277524619749e+01
2.422568411943677091e+01 -7.689623498128705492e+00 1.128008551364122702e+01 -7.689623498128705492e+00 -7.073730262167895688e+00 2.692223083438945341e+00 1.128008551364122702e+01 2.692223083438945341e+00 1.132633581257239364e+01
1.301178215782718262e+01 7.723877066851720485e+00 -9.177904777887388121e+00 7.723877066851720485e+00 3.594163104352971594e+00 8.687369429622372463e-01 -9.177904777887388121e+00 8.687369429622372463e-01 2.598359410846518713e+01
1.288604180488103879e+01 7.603663370564204271e+00 -9.275833568293339937e+00 7.603663370564204271e+00 3.449507323294554340e+00 7.350453355975505865e-01 -9.275833568293339937e+00 7.350453355975505865e-01 2.563632396313158068e+01
1.272607183650080920e+01 7.471362341326527989e+00 -9.343490542549771405e+00 7.471362341326527989e+00 3.283778935234529239e+00 5.958983832730566643e-01 -9.343490542549771405e+00 5.958983832730566643e-01 2.520469207809271595e+01
1.253292410024410586e+01 7.328007998771592924e+00 -9.380733077259044705e+00 7.328007998771592924e+00 3.097922820182274162e+00 4.511891184405241728e-01 -9.380733077259044705e+00 4.511891184405241728e-01 2.469080214846382049e+01
1.230725822932502389e+01 7.174937437252296490e+00 -9.387382893174102350e+00 7.174937437252296490e+00 2.892420332104831626e+00 3.009353690246581170e-01 -9.387382893174102350e+00 3.009353690246581170e-01 2.409672221351069865e+01
1.204939512638825505e+01 7.013523406970943341e+00 -9.363493474069064959e+00 7.013523406970943341e+00 2.667182331378674665e+00 1.450836512513428711e-01 -9.363493474069064959e+00 1.450836512513428711e-01 2.342400330268270991e+01
1.175947741483144249e+01 6.845281281527478612e+00 -9.309367894663919785e+00 6.845281281527478612e+00 2.422048366681456066e+00 -1.641951865353732942e-02 -9.309367894663919785e+00 -1.641951865353732942e-02 2.267432124090214884e+01
1.143775468560045994e+01 6.671726434521847438e+00 -9.225558820624527812e+00 6.671726434521847438e+00 2.156697535368481411e+00 -1.838237316358560247e-01 -9.225558820624527812e+00 -1.838237316358560247e-01 2.184887049912426349e+01
1.108415562699648582e+01 6.494427723328113800e+00 -9.112708057240281434e+00 6.494427723328113800e+00 1.870630655548003674e+00 -3.573607507167814723e-01 -9.112708057240281434e+00 -3.573607507167814723e-01 2.094895251585253959e+01
1.069851978769717427e+01 6.314900521546222834e+00 -8.971564377348798303e+00 6.314900521546222834e+00 1.563098954382402317e+00 -5.373693064657135698e-01 -8.971564377348798303e+00 -5.373693064657135698e-01 1.997499516127990304e+01
3.911852293859325869e+00 4.629809906688209686e+00 -1.968866403542171994e+01 4.629809906688209686e+00 2.771717689338016655e+01 1.248943476923460594e+01 -1.968866403542171994e+01 1.248943476923460594e+01 -1.770731600820249341e+01
4.000389948821281294e+00 4.627176350379143877e+00 -1.944480030427195416e+01 4.627176350379143877e+00 2.779618358265216571e+01 1.231897022310692691e+01 -1.944480030427195416e+01 1.231897022310692691e+01 -1.751560385811187004e+01
4.126101953043870729e+00 4.625868529899130444e+00 -1.917031924161066314e+01 4.625868529899130444e+00 2.789590041541587340e+01 1.212145349992692722e+01 -1.917031924161066314e+01 1.212145349992692722e+01 -1.725995182729294797e+01
4.287375925113380504e+00 4.626226836879955506e+00 -1.886556123906962412e+01 4.626226836879955506e+00 2.801527038607785158e+01 1.189761912900530305e+01 -1.886556123906962412e+01 1.189761912900530305e+01 -1.694360259392220769e+01
4.482724891059385541e+00 4.628394594113950156e+00 -1.853088460362966217e+01 4.628394594113950156e+00 2.815341564253508366e+01 1.164841662384124099e+01 -1.853088460362966217e+01 1.164841662384124099e+01 -1.656870599988459603e+01
4.710160247138304612e+00 4.632640531836730524e+00 -1.816682679576202375e+01 4.632640531836730524e+00 2.830902836430755443e+01 1.137499256677338266e+01 -1.816682679576202375e+01 1.137499256677338266e+01 -1.613861221545083424e+01
4.967370913323813753e+00 4.638982565397339997e+00 -1.777374612244752328e+01 4.638982565397339997e+00 2.848040659323633861e+01 1.107860103223461756e+01 -1.777374612244752328e+01 1.107860103223461756e+01 -1.565710137926862977e+01
5.253998582635087899e+00 4.647295287352489090e+00 -1.735071098553602198e+01 4.647295287352489090e+00 2.866751449862336187e+01 1.075972573464905579e+01 -1.735071098553602198e+01 1.075972573464905579e+01 -1.512589336484594149e+01
5.562697961965206161e+00 4.657847427937796603e+00 -1.690042660273275033e+01 4.657847427937796603e+00 2.886444001528499825e+01 1.042116146846714209e+01 -1.690042660273275033e+01 1.042116146846714209e+01 -1.455509242904204825e+01
5.892985336890055770e+00 4.670334426219561408e+00 -1.642178222239714813e+01 4.670334426219561408e+00 2.907087858228754840e+01 1.006344569416010870e+01 -1.642178222239714813e+01 1.006344569416010870e+01 -1.394699173653422797e+01
2.682046915862391856e+01 3.930783845974781698e+00 1.966471943527061583e+01 3.930783845974781698e+00 1.691703146586157303e+01 -1.190634980982271784e+01 1.966471943527061583e+01 -1.190634980982271784e+01 4.688555010401440626e+01
2.645601482488791234e+01 3.977596424561164135e+00 1.968102494017148985e+01 3.977596424561164135e+00 1.689590444069430930e+01 -1.182897755914792093e+01 1.968102494017148985e+01 -1.182897755914792093e+01 4.640641371914224322e+01
2.602407674022344608e+01 4.021077770963497500e+00 1.965086852250535543e+01 4.021077770963497500e+00 1.682042573252413220e+01 -1.173249455541726149e+01 1.965086852250535543e+01 -1.173249455541726149e+01 4.576239887396058492e+01
2.552875758005719220e+01 4.060859696361437621e+00 1.957540734713614583e+01 4.060859696361437621e+00 1.669126158778784585e+01 -1.161719885624720483e+01 1.957540734713614583e+01 -1.161719885624720483e+01 4.495767837509999509e+01
2.497351130617997939e+01 4.096661675939487601e+00 1.945590377573360286e+01 4.096661675939487601e+00 1.650779835845155219e+01 -1.148354631446293617e+01 1.945590377573360286e+01 -1.148354631446293617e+01 4.399709127562780253e+01
2.436210747080007977e+01 4.128185652081179491e+00 1.929393576038491176e+01 4.128185652081179491e+00 1.626959772449102459e+01 -1.133232590610804635e+01 1.929393576038491176e+01 -1.133232590610804635e+01 4.288570455502398460e+01
2.369838575732962482e+01 4.155203698373918897e+00 1.909129164678887847e+01 4.155203698373918897e+00 1.597622136588205954e+01 -1.116439673843000513e+01 1.909129164678887847e+01 -1.116439673843000513e+01 4.162954949682173833e+01
2.298646637399626513e+01 4.177558019608989426e+00 1.885002277265883563e+01 4.177558019608989426e+00 1.562766928262464639e+01 -1.098088091069080363e+01 1.885002277265883563e+01 -1.098088091069080363e+01 4.023532363099112530e+01
2.223078511944507341e+01 4.195055754975735240e+00 1.857232073811587370e+01 4.195055754975735240e+00 1.522420446673332250e+01 -1.078307585016212400e+01 1.857232073811587370e+01 -1.078307585016212400e+01 3.871056606194866845e+01
2.143584792352499946e+01 4.207661838872217785e+00 1.826069273369850521e+01 4.207661838872217785e+00 1.476656329584876737e+01 -1.057227898411565370e+01 1.826069273369850521e+01 -1.057227898411565370e+01 3.706355227175158262e+01
2.095984715136073007e+01 -3.272440744867104456e-01 -1.735796763259031295e+01 -3.272440744867104456e-01 -1.523643085965637800e+00 -2.133521270895732513e+01 -1.735796763259031295e+01 -2.133521270895732513e+01 -8.670519832069661703e+00
2.099922581548317169e+01 -4.273367593552749866e-01 -1.726816484990449752e+01 -4.273367593552749866e-01 -1.647427730929798884e+00 -2.134703170499590286e+01 -1.726816484990449752e+01 -2.134703170499590286e+01 -8.802201797065688282e+00
2.104686158642709159e+01 -5.291204421349906539e-01 -1.714427226890345324e+01 -5.291204421349906539e-01 -1.742537368762311578e+00 -2.132664978336468664e+01 -1.714427226890345324e+01 -2.132664978336468664e+01 -8.901341046941794843e+00
2.110338409107429314e+01 -6.321633786783295017e-01 -1.698646978298198817e+01 -6.321633786783295017e-01 -1.807946607112796755e+00 -2.127480450698237391e+01 -1.698646978298198817e+01 -2.127480450698237391e+01 -8.966948168026561916e+00
2.116757005434011774e+01 -7.357999634245193654e-01 -1.679515315760865946e+01 -7.357999634245193654e-01 -1.843961264752420615e+00 -2.119196359867544643e+01 -1.679515315760865946e+01 -2.119196359867544643e+01 -8.999760723238688698e+00
2.123814223312145799e+01 -8.393825801522681873e-01 -1.657059223287568273e+01 -8.393825801522681873e-01 -1.851282925920915368e+00 -2.107854081325195494e+01 -1.657059223287568273e+01 -2.107854081325195494e+01 -9.001199870397114111e+00
2.131349957620456337e+01 -9.422816019797644049e-01 -1.631298489151733477e+01 -9.422816019797644049e-01 -1.831062908345022722e+00 -2.093493191618046723e+01 -1.631298489151733477e+01 -2.093493191618046723e+01 -8.973208458165718326e+00
2.139198706435725228e+01 -1.043903380704157113e+00 -1.602238510155206086e+01 -1.043903380704157113e+00 -1.784704380504208654e+00 -2.076137076887422950e+01 -1.602238510155206086e+01 -2.076137076887422950e+01 -8.918017164640062333e+00
2.147182375297096257e+01 -1.143600300104154366e+00 -1.569870291628245695e+01 -1.143600300104154366e+00 -1.713844372291182694e+00 -2.055803726472804271e+01 -1.569870291628245695e+01 -2.055803726472804271e+01 -8.838198465365831424e+00
2.155117472941870460e+01 -1.240778711976904924e+00 -1.534172246363475800e+01 -1.240778711976904924e+00 -1.620299806993458880e+00 -2.032496738242086920e+01 -1.534172246363475800e+01 -2.032496738242086920e+01 -8.736378803907154378e+00
3.711240448389635560e+01 3.709584462045602216e+00 -1.306823548959548731e+01 3.709584462045602216e+00 1.382433504728934359e+01 -1.772722878203221697e+01 -1.306823548959548731e+01 -1.772722878203221697e+01 3.920213321305101317e+01
3.717542299170312958e+01 3.701444571453894383e+00 -1.306788538677433742e+01 3.701444571453894383e+00 1.374512428400444186e+01 -1.774679952973443164e+01 -1.306788538677433742e+01 -1.774679952973443164e+01 3.918872427500102162e+01
3.717127427327252320e+01 3.683589327575309547e+00 -1.302463018322141153e+01 3.683589327575309547e+00 1.363200606249128732e+01 -1.773286543745270905e+01 -1.302463018322141153e+01 -1.773286543745270905e+01 3.902758945156732295e+01
3.709920560753905505e+01 3.656316317807823069e+00 -1.293838235323142349e+01 3.656316317807823069e+00 1.348492786732670545e+01 -1.768558405145657630e+01 -1.293838235323142349e+01 -1.768558405145657630e+01 3.871909635071211397e+01
