1.254323973905699274e+00 -2.200876102703995529e-01 1.722907512229326032e+00 -2.200876102703995529e-01 6.303717109544103303e-02 -9.957558415208136449e-01 1.722907512229326032e+00 -9.957558415208136449e-01 3.284406593822419840e-01
1.128177299906331088e+00 -2.998876779824423688e-01 1.486038922390203298e+00 -2.998876779824423688e-01 5.569549253412461182e-02 -1.094597257816763314e+00 1.486038922390203298e+00 -1.094597257816763314e+00 1.410651094995798993e-01
1.012428323376808104e+00 -3.800494047369145645e-01 1.253419826299625894e+00 -3.800494047369145645e-01 5.739529003354269104e-02 -1.193312093447862710e+00 1.253419826299625894e+00 -1.193312093447862710e+00 -3.475543397746347352e-02
9.074567863116802524e-01 -4.601930485392652925e-01 1.024778979675771362e+00 -4.601930485392652925e-01 6.784723635975178913e-02 -1.292008846126840638e+00 1.024778979675771362e+00 -1.292008846126840638e+00 -1.968510167943118561e-01
8.135881818491345063e-01 -5.397218719694861777e-01 8.002429631834904189e-01 -5.397218719694861777e-01 8.659925770971518832e-02 -1.390579018140968293e+00 8.002429631834904189e-01 -1.390579018140968293e+00 -3.450769753339935075e-01
7.301896066649193884e-01 -6.179668057990825858e-01 5.801372699609693706e-01 -6.179668057990825858e-01 1.122047179137153211e-01 -1.489022609490245674e+00 5.801372699609693706e-01 -1.489022609490245674e+00 -4.808799457662258914e-01
6.565196597220546160e-01 -6.942949467038034284e-01 3.643714852476009347e-01 -6.942949467038034284e-01 1.433797273711279185e-01 -1.587231122461944199e+00 3.643714852476009347e-01 -1.587231122461944199e+00 -6.055619006437549245e-01
5.917103593187096333e-01 -7.680553084072755388e-01 1.531987703730856298e-01 -7.680553084072755388e-01 1.783159908698060958e-01 -1.685331137720913697e+00 1.531987703730856298e-01 -1.685331137720913697e+00 -7.211119646999419874e-01
5.344597329021386622e-01 -8.387054023458550001e-01 -5.374253370500595151e-02 -8.387054023458550001e-01 2.153498768145746811e-01 -1.783322655267154166e+00 -5.374253370500595151e-02 -1.783322655267154166e+00 -8.297724239978493399e-01
4.837551351535394062e-01 -9.056304081474120249e-01 -2.564162610824308741e-01 -9.056304081474120249e-01 2.526550070411652804e-01 -1.881440753478245353e+00 -2.564162610824308741e-01 -1.881440753478245353e+00 -9.336589839356889131e-01
5.677892449264342112e+00 1.688368687519243139e+01 -3.630658947452481300e+01 1.688368687519243139e+01 8.868034698479932842e+01 -3.422598119263393812e+01 -3.630658947452481300e+01 -3.422598119263393812e+01 5.978263742770550948e+01
5.495775965719814415e+00 1.683225071358434732e+01 -3.601185923218757523e+01 1.683225071358434732e+01 8.835720422203050362e+01 -3.387409774050451006e+01 -3.601185923218757523e+01 -3.387409774050451006e+01 5.910261959067670290e+01
5.277716348425650850e+00 1.676932863946136720e+01 -3.564838623524988037e+01 1.676932863946136720e+01 8.780403231208356374e+01 -3.337681818078045382e+01 -3.564838623524988037e+01 -3.337681818078045382e+01 5.806873201589561972e+01
5.023437244599537443e+00 1.669621605649058083e+01 -3.521760406376998276e+01 1.669621605649058083e+01 8.702908729433011104e+01 -3.274146586219306698e+01 -3.521760406376998276e+01 -3.274146586219306698e+01 5.668952436756503488e+01
4.734285874055252918e+00 1.661382838326339950e+01 -3.472168899590859326e+01 1.661382838326339950e+01 8.604508139675658640e+01 -3.197845583022577642e+01 -3.472168899590859326e+01 -3.197845583022577642e+01 5.498442770069138419e+01
4.412904860273668461e+00 1.652392736876707247e+01 -3.416356000792890057e+01 1.652392736876707247e+01 8.487058207192465886e+01 -3.110169208423874210e+01 -3.416356000792890057e+01 -3.110169208423874210e+01 5.298128455809273873e+01
4.058966034325787398e+00 1.642777387257090282e+01 -3.354786328098355597e+01 1.642777387257090282e+01 8.352795662315281788e+01 -3.012893029049559246e+01 -3.354786328098355597e+01 -3.012893029049559246e+01 5.071396542765137383e+01
3.677961907760087357e+00 1.632780325356903361e+01 -3.288059221603896276e+01 1.632780325356903361e+01 8.204634299692622790e+01 -2.908020602571403757e+01 -3.288059221603896276e+01 -2.908020602571403757e+01 4.822722218805318306e+01
3.269806120332096278e+00 1.622531091542855464e+01 -3.216924288231538753e+01 1.622531091542855464e+01 8.045767721165098862e+01 -2.797842202672832457e+01 -3.216924288231538753e+01 -2.797842202672832457e+01 4.556815571663369013e+01
2.842305638142168078e+00 1.612285312138586235e+01 -3.142288310548248731e+01 1.612285312138586235e+01 7.879750514395216499e+01 -2.684642921422597084e+01 -3.142288310548248731e+01 -2.684642921422597084e+01 4.279229565058899709e+01
4.292809776324673976e+01 -5.416604923224891621e+00 -4.587840313468475273e+01 -5.416604923224891621e+00 3.051630260021252639e+01 2.851179491755377171e+01 -4.587840313468475273e+01 2.851179491755377171e+01 9.044399623369358210e+01
4.258440145434088464e+01 -5.414176886772377628e+00 -4.542737383848443500e+01 -5.414176886772377628e+00 3.026211645783267912e+01 2.842584931518145197e+01 -4.542737383848443500e+01 2.842584931518145197e+01 8.968062846106987251e+01
4.204374145079776071e+01 -5.387778447895045453e+00 -4.481926263788814424e+01 -5.387778447895045453e+00 2.984024081917921833e+01 2.823458547916676054e+01 -4.481926263788814424e+01 2.823458547916676054e+01 8.845906782370509802e+01
4.131262695672411667e+01 -5.339011077444553166e+00 -4.406076815828614457e+01 -5.339011077444553166e+00 2.925377530525533842e+01 2.794134411214647429e+01 -4.406076815828614457e+01 2.794134411214647429e+01 8.678780383912470597e+01
4.040218216749813251e+01 -5.269941189423039241e+00 -4.316222246968914789e+01 -5.269941189423039241e+00 2.850931522075120839e+01 2.755036136282499371e+01 -4.316222246968914789e+01 2.755036136282499371e+01 8.468841331353438306e+01
3.932864565315328775e+01 -5.183685624950399529e+00 -4.213767718731169509e+01 -5.183685624950399529e+00 2.761722707591088977e+01 2.706880079974306597e+01 -4.213767718731169509e+01 2.706880079974306597e+01 8.219380388991820041e+01
3.811247491231075912e+01 -5.083653967130162599e+00 -4.100564393658960682e+01 -5.083653967130162599e+00 2.659213074979953007e+01 2.650572020427673081e+01 -4.100564393658960682e+01 2.650572020427673081e+01 7.934738748243775319e+01
3.677929347859707576e+01 -4.974116804900083011e+00 -3.978813002664568899e+01 -4.974116804900083011e+00 2.545319223228696615e+01 2.587360416102225358e+01 -3.978813002664568899e+01 2.587360416102225358e+01 7.620473340763392400e+01
3.535861663200947902e+01 -4.859120865681019197e+00 -3.851058678993962303e+01 -4.859120865681019197e+00 2.422310763716336979e+01 2.518621154321054334e+01 -3.851058678993962303e+01 2.518621154321054334e+01 7.283031378237345166e+01
3.388154390328015353e+01 -4.743246700511045688e+00 -3.720010147001610790e+01 -4.743246700511045688e+00 2.292794822108905706e+01 2.445997034215860921e+01 -3.720010147001610790e+01 2.445997034215860921e+01 6.929741742326558551e+01
1.819707999689525835e+01 2.965082002812487261e+01 7.636612336339602791e+01 2.965082002812487261e+01 6.576501696395799001e+01 5.436652597350502703e+01 7.636612336339602791e+01 5.436652597350502703e+01 1.011013696580962460e+02
1.768840839017043010e+01 2.953202162119668728e+01 7.582160472645836080e+01 2.953202162119668728e+01 6.563748592304163765e+01 5.413434166348685750e+01 7.582160472645836080e+01 5.413434166348685750e+01 1.002381185267626051e+02
1.694245123179078760e+01 2.930663320257921711e+01 7.501787384500053690e+01 2.930663320257921711e+01 6.527275579219310941e+01 5.362715719839170703e+01 7.501787384500053690e+01 5.362715719839170703e+01 9.875298280905948900e+01
1.597221236484366180e+01 2.898317989812627360e+01 7.396968108890753513e+01 2.898317989812627360e+01 6.467514965754519096e+01 5.285500213804754566e+01 7.396968108890753513e+01 5.285500213804754566e+01 9.666709375000378657e+01
1.480158980947094172e+01 2.857357613321972423e+01 7.270104552473291903e+01 2.857357613321972423e+01 6.385687591433676857e+01 5.183506507291823340e+01 7.270104552473291903e+01 5.183506507291823340e+01 9.402964806978630463e+01
1.345624540495667709e+01 2.809558114569294318e+01 7.124361214296850164e+01 2.809558114569294318e+01 6.283351496499031441e+01 5.059371682841359075e+01 7.124361214296850164e+01 5.059371682841359075e+01 9.089489185320087472e+01
1.197467191022694344e+01 2.756899467003396964e+01 6.963834650780830771e+01 2.756899467003396964e+01 6.163199098994063974e+01 4.916694277350270426e+01 6.963834650780830771e+01 4.916694277350270426e+01 8.734978830089407609e+01
1.039923556938277116e+01 2.701940937614871885e+01 6.793539641839231535e+01 2.701940937614871885e+01 6.028566092178811431e+01 4.760151870014199460e+01 6.793539641839231535e+01 4.760151870014199460e+01 8.349956132933722586e+01
8.783594527503948868e+00 2.646766253919709300e+01 6.618492696620504034e+01 2.646766253919709300e+01 5.884150806062352501e+01 4.594728114526991192e+01 6.618492696620504034e+01 4.594728114526991192e+01 7.947181114882478425e+01
7.164685232508764656e+00 2.593976184535375751e+01 6.443992189488956512e+01 2.593976184535375751e+01 5.733506817445816495e+01 4.425958290373027637e+01 6.443992189488956512e+01 4.425958290373027637e+01 7.537006702606406350e+01
-9.850897658696689874e+00 3.718980430285353833e+01 5.597723278087487842e+01 3.718980430285353833e+01 8.184561034849449968e+00 -4.776728201536114327e+00 5.597723278087487842e+01 -4.776728201536114327e+00 -7.169009201106945284e+01
-9.632000039685364001e+00 3.718668200165991777e+01 5.596958594741265358e+01 3.718668200165991777e+01 8.369636840332292493e+00 -4.873369967223640131e+00 5.596958594741265358e+01 -4.873369967223640131e+00 -7.114572721134842936e+01
-9.348057595209363413e+00 3.716437717936059926e+01 5.590063357135237254e+01 3.716437717936059926e+01 8.644081506327104591e+00 -4.992017412581163605e+00 5.590063357135237254e+01 -4.992017412581163605e+00 -7.041009809300031463e+01
-8.998210290209367912e+00 3.712219806862524507e+01 5.576934734990571485e+01 3.712219806862524507e+01 9.007595890204559197e+00 -5.132670537608683858e+00 5.576934734990571485e+01 -5.132670537608683858e+00 -6.948155937156381867e+01
-8.585075622692004416e+00 3.705934072363753273e+01 5.557593294363032754e+01 3.705934072363753273e+01 9.457450315472028635e+00 -5.294731057047544098e+00 5.557593294363032754e+01 -5.294731057047544098e+00 -6.836794484464448374e+01
-8.108260967956280041e+00 3.697591732288347544e+01 5.532076428081288810e+01 3.697591732288347544e+01 9.993457817986181269e+00 -5.476852829065764539e+00 5.532076428081288810e+01 -5.476852829065764539e+00 -6.706779619192431596e+01
-7.577301497312048717e+00 3.687247006237871716e+01 5.500393484352505880e+01 3.687247006237871716e+01 1.060393313878886623e+01 -5.676941855258045067e+00 5.500393484352505880e+01 -5.676941855258045067e+00 -6.560285734327267448e+01
-6.990177998011341209e+00 3.674929808475259563e+01 5.462909043256178165e+01 3.674929808475259563e+01 1.129138159740070968e+01 -5.892268459131759784e+00 5.462909043256178165e+01 -5.892268459131759784e+00 -6.397208129948688793e+01
-6.353153768855727357e+00 3.660782231749442417e+01 5.419935334911667013e+01 3.660782231749442417e+01 1.204729632530017724e+01 -6.119336411206628412e+00 5.419935334911667013e+01 -6.119336411206628412e+00 -6.219152828047905501e+01
-5.676455748485385477e+00 3.645026763390982438e+01 5.371896767924333460e+01 3.645026763390982438e+01 1.285971161731411350e+01 -6.354387732201708161e+00 5.371896767924333460e+01 -6.354387732201708161e+00 -6.028976640735006498e+01
-2.625008957792667275e+01 2.691900011327271613e+01 -4.630379900102358365e-02 2.691900011327271613e+01 -1.031566383435586403e+02 -3.692274415755485251e+01 -4.630379900102358365e-02 -3.692274415755485251e+01 -1.214436496119838154e+02
-2.609045898324059820e+01 2.693093684507217844e+01 1.979147241361649094e-03 2.693093684507217844e+01 -1.029635271747061864e+02 -3.692649629086660923e+01 1.979147241361649094e-03 -3.692649629086660923e+01 -1.208006329197122426e+02
-2.584426131286204864e+01 2.693310153736741697e+01 7.588792703596074218e-02 2.693310153736741697e+01 -1.026742005873596355e+02 -3.692808373188311322e+01 7.588792703596074218e-02 -3.692808373188311322e+01 -1.198489723383737555e+02
-2.551959870081034865e+01 2.692712286340913863e+01 1.753400759143836085e-01 2.692712286340913863e+01 -1.022975235118709065e+02 -3.692746524837018995e+01 1.753400759143836085e-01 -3.692746524837018995e+01 -1.186110775872533480e+02
-2.511476000936640318e+01 2.691120722100985674e+01 2.995109491927295808e-01 2.691120722100985674e+01 -1.018291047152982145e+02 -3.692286785425744000e+01 2.995109491927295808e-01 -3.692286785425744000e+01 -1.170844335000651029e+02
-2.463502296450717921e+01 2.688531337793537190e+01 4.467924897373922732e-01 2.688531337793537190e+01 -1.012747167104288764e+02 -3.691313704698741560e+01 4.467924897373922732e-01 -3.691313704698741560e+01 -1.152863782312880403e+02
-2.408469633470605586e+01 2.684869915397018403e+01 6.148344601992548064e-01 2.684869915397018403e+01 -1.006381322466917396e+02 -3.689720078847103224e+01 6.148344601992548064e-01 -3.689720078847103224e+01 -1.132370537273264404e+02
-2.347316045324240363e+01 2.680152947805106223e+01 8.004001301940069091e-01 2.680152947805106223e+01 -9.993000985662621360e+01 -3.687371903109696092e+01 8.004001301940069091e-01 -3.687371903109696092e+01 -1.109721052546419173e+02
-2.280998119844947070e+01 2.674339202783606595e+01 9.994075085363403055e-01 2.674339202783606595e+01 -9.916061636654688982e+01 -3.684192897853259296e+01 9.994075085363403055e-01 -3.684192897853259296e+01 -1.085312600708813591e+02
-2.210587895121796365e+01 2.667519391247747862e+01 1.206991191591240797e+00 2.667519391247747862e+01 -9.834347594926968839e+01 -3.680145954067015879e+01 1.206991191591240797e+00 -3.680145954067015879e+01 -1.059616466197297342e+02
4.106812790046134864e+01 -4.558015248593012103e+00 4.233391893016737129e+01 -4.558015248593012103e+00 -6.782537595827776045e+01 -1.814992144550493336e+01 4.233391893016737129e+01 -1.814992144550493336e+01 -1.881356783702380042e+01
4.125622559630670594e+01 -4.556611953339018584e+00 4.238544793189402782e+01 -4.556611953339018584e+00 -6.767178061507726738e+01 -1.791014506310581567e+01 4.238544793189402782e+01 -1.791014506310581567e+01 -1.837802241139081971e+01
4.143251690141513421e+01 -4.539173670982719067e+00 4.234658600866008982e+01 -4.539173670982719067e+00 -6.747866847752429464e+01 -1.764336928001985072e+01 4.234658600866008982e+01 -1.764336928001985072e+01 -1.791078122362095826e+01
4.159576691596311093e+01 -4.506018481781685736e+00 4.221776350434343072e+01 -4.506018481781685736e+00 -6.724719960302881816e+01 -1.734940699021317911e+01 4.221776350434343072e+01 -1.734940699021317911e+01 -1.741592318525249183e+01
4.174560142788290307e+01 -4.458867761247486072e+00 4.200000950213033235e+01 -4.458867761247486072e+00 -6.697802886270937961e+01 -1.702992343738719327e+01 4.200000950213033235e+01 -1.702992343738719327e+01 -1.689414058861073187e+01
4.188144040846952976e+01 -4.397796351793664016e+00 4.169435308520703387e+01 -4.397796351793664016e+00 -6.667211049733867867e+01 -1.668607867895187979e+01 4.169435308520703387e+01 -1.668607867895187979e+01 -1.634713609860384764e+01
4.200274125022477278e+01 -4.325124368240159001e+00 4.130352600166799704e+01 -4.325124368240159001e+00 -6.633096006579103232e+01 -1.632023025093393542e+01 4.130352600166799704e+01 -1.632023025093393542e+01 -1.577548974393682890e+01
4.210935426832154604e+01 -4.240982784810675810e+00 4.082969868150605919e+01 -4.240982784810675810e+00 -6.595564407245947791e+01 -1.593396855462122375e+01 4.082969868150605919e+01 -1.593396855462122375e+01 -1.518107258494833189e+01
4.220112977793275633e+01 -4.148196902616588133e+00 4.027745522255093391e+01 -4.148196902616588133e+00 -6.554795873526911976e+01 -1.553032470776237695e+01 4.027745522255093391e+01 -1.553032470776237695e+01 -1.456309877629612437e+01
4.227797422604147215e+01 -4.046991248898536675e+00 3.965068743030703047e+01 -4.046991248898536675e+00 -6.511074806593472886e+01 -1.511158140397054872e+01 3.965068743030703047e+01 -1.511158140397054872e+01 -1.392512333262365409e+01
-1.108053569813400685e+01 2.888873325746071430e+01 5.073677931304221289e+00 2.888873325746071430e+01 -3.736596131842474477e+01 -1.190796092918138172e+01 5.073677931304221289e+00 -1.190796092918138172e+01 -4.163666529702371832e+01
-1.098992656960887437e+01 2.894486947430164747e+01 4.901991528522922970e+00 2.894486947430164747e+01 -3.737001141460622478e+01 -1.177626687148508289e+01 4.901991528522922970e+00 -1.177626687148508289e+01 -4.152471310350503586e+01
-1.086173631605097256e+01 2.897220291411245086e+01 4.731661437021002392e+00 2.897220291411245086e+01 -3.730982510158381871e+01 -1.163662332267909605e+01 4.731661437021002392e+00 -1.163662332267909605e+01 -4.127526485403938494e+01
-1.069637936590677008e+01 2.897054520032654779e+01 4.561387858489055702e+00 2.897054520032654779e+01 -3.718502562622435903e+01 -1.148825793884043911e+01 4.561387858489055702e+00 -1.148825793884043911e+01 -4.088833938628341969e+01
-1.049442084887601467e+01 2.893935004090084817e+01 4.390794039793923353e+00 2.893935004090084817e+01 -3.699657370901741160e+01 -1.133111420699914085e+01 4.390794039793923353e+00 -1.133111420699914085e+01 -4.036638559560268646e+01
-1.025749964108795531e+01 2.887871162411864390e+01 4.219296013579204363e+00 2.887871162411864390e+01 -3.674490261606610630e+01 -1.116490956230533094e+01 4.219296013579204363e+00 -1.116490956230533094e+01 -3.971158865016951012e+01
-9.986651813658777854e+00 2.878781993074364109e+01 4.046479351398424740e+00 2.878781993074364109e+01 -3.643172657412632987e+01 -1.098936143990913372e+01 4.046479351398424740e+00 -1.098936143990913372e+01 -3.892707560098913433e+01
-9.684006021790843022e+00 2.866705171390900020e+01 3.871741248238524058e+00 2.866705171390900020e+01 -3.605742233633124982e+01 -1.080416843730402654e+01 3.871741248238524058e+00 -1.080416843730402654e+01 -3.801601117438009680e+01
-9.350805550823583445e+00 2.851550276609513546e+01 3.694817976906292323e+00 2.851550276609513546e+01 -3.562464601226963623e+01 -1.060891612604353007e+01 3.694817976906292323e+00 -1.060891612604353007e+01 -3.698278454434372975e+01
-8.990177451762228600e+00 2.833403961950831729e+01 3.515125570045330328e+00 2.833403961950831729e+01 -3.513430180946107129e+01 -1.040334077893443343e+01 3.515125570045330328e+00 -1.040334077893443343e+01 -3.583225582629779638e+01
6.655655375681500630e+01 -2.556011323526876211e+01 4.994497430475288979e+01 -2.556011323526876211e+01 4.145809991184250265e+01 -2.280207569187325234e+01 4.994497430475288979e+01 -2.280207569187325234e+01 2.693427651963722624e+01
6.643039732936772168e+01 -2.539571661098654332e+01 4.964426181417098149e+01 -2.539571661098654332e+01 4.155374352548691519e+01 -2.274158477157551417e+01 4.964426181417098149e+01 -2.274158477157551417e+01 2.683192319170828810e+01
6.623800619021716329e+01 -2.517182948653126573e+01 4.921109714880539343e+01 -2.517182948653126573e+01 4.162855080274134423e+01 -2.260697651893692139e+01 4.921109714880539343e+01 -2.260697651893692139e+01 2.658823464823339577e+01
6.598196763278927790e+01 -2.489183259197946185e+01 4.865067214413079455e+01 -2.489183259197946185e+01 4.168169380970950755e+01 -2.240109695672597212e+01 4.865067214413079455e+01 -2.240109695672597212e+01 2.620942039343472985e+01
6.566624884033709009e+01 -2.456021056926936197e+01 4.797012773000269448e+01 -2.456021056926936197e+01 4.171267233632904947e+01 -2.212760279298461441e+01 4.797012773000269448e+01 -2.212760279298461441e+01 2.570329405345853147e+01
6.529611064282663335e+01 -2.418268996118365166e+01 4.717845043892040735e+01 -2.418268996118365166e+01 4.172088268080059947e+01 -2.179116840450232573e+01 4.717845043892040735e+01 -2.179116840450232573e+01 2.507949760847201404e+01
6.487781429034860992e+01 -2.376604947649820332e+01 4.628629991979867242e+01 -2.376604947649820332e+01 4.170610061102723876e+01 -2.139745133957042711e+01 4.628629991979867242e+01 -2.139745133957042711e+01 2.434922541469795121e+01
6.441751754125665741e+01 -2.331791300650802867e+01 4.530573296000223138e+01 -2.331791300650802867e+01 4.166725671239294115e+01 -2.095290258313084664e+01 4.530573296000223138e+01 -2.095290258313084664e+01 2.352437902189551977e+01
6.392270629786310820e+01 -2.284657713879887808e+01 4.425001375049456698e+01 -2.284657713879887808e+01 4.160417849866929174e+01 -2.046462856779341521e+01 4.425001375049456698e+01 -2.046462856779341521e+01 2.261811912929116630e+01
6.340072847349750162e+01 -2.236085591964167563e+01 4.313323441613547260e+01 -2.236085591964167563e+01 4.151612427907421221e+01 -1.994025318485314102e+01 4.313323441613547260e+01 -1.994025318485314102e+01 2.164370992784838776e+01
5.265856490260093636e+01 -2.389011931813475442e+01 6.067682587114983761e+01 -2.389011931813475442e+01 -2.082396790944275722e+01 4.722634584390532808e+01 6.067682587114983761e+01 4.722634584390532808e+01 7.481690278219183199e+01
5.231249803120090291e+01 -2.388074008590693964e+01 6.061109978473815829e+01 -2.388074008590693964e+01 -2.094048477151859089e+01 4.708440679619106106e+01 6.061109978473815829e+01 4.708440679619106106e+01 7.423790937786559141e+01
5.173523755168628213e+01 -2.384690338906982987e+01 6.037167031746731993e+01 -2.384690338906982987e+01 -2.115631430398380886e+01 4.685096217234178795e+01 6.037167031746731993e+01 4.685096217234178795e+01 7.323097287109155218e+01
5.093798494711771951e+01 -2.378741225893911349e+01 5.996175320610117154e+01 -2.378741225893911349e+01 -2.147008088611166698e+01 4.652812006645825704e+01 5.996175320610117154e+01 4.652812006645825704e+01 7.180756272299403520e+01
4.993220967861950754e+01 -2.370303489929725771e+01 5.938813722825222641e+01 -2.370303489929725771e+01 -2.188248126086765311e+01 4.611816722468362428e+01 5.938813722825222641e+01 4.611816722468362428e+01 6.998105997155134617e+01
4.873981448659413473e+01 -2.359280658911512063e+01 5.865961206440825038e+01 -2.359280658911512063e+01 -2.238958508331821662e+01 4.562464095745809090e+01 5.865961206440825038e+01 4.562464095745809090e+01 6.778262153296410020e+01
4.738570346575698267e+01 -2.345869250085948465e+01 5.779082718204887215e+01 -2.345869250085948465e+01 -2.298528245361208278e+01 4.505213262227222515e+01 5.779082718204887215e+01 4.505213262227222515e+01 6.525092557441941210e+01
4.590126577996379353e+01 -2.330119286024915581e+01 5.679925475092421294e+01 -2.330119286024915581e+01 -2.366274886372826458e+01 4.440791335725312194e+01 5.679925475092421294e+01 4.440791335725312194e+01 6.243452972105096421e+01
4.431960565267771557e+01 -2.312405936017526997e+01 5.570828032338894786e+01 -2.312405936017526997e+01 -2.441314103756623766e+01 4.370079070809281063e+01 5.570828032338894786e+01 4.370079070809281063e+01 5.938920914050682853e+01
4.268461789072490831e+01 -2.293115088475440544e+01 5.454402282804701940e+01 -2.293115088475440544e+01 -2.521887961415044188e+01 4.294382413909324470e+01 5.454402282804701940e+01 4.294382413909324470e+01 5.619646489454568439e+01
6.995032435798145798e+01 2.912789539842704656e+01 1.498204032672125940e+01 2.912789539842704656e+01 -3.737361726381418947e+01 -3.374602932307551129e+01 1.498204032672125940e+01 -3.374602932307551129e+01 -7.874029799649454731e+01
7.002935158446372554e+01 2.908741218261748074e+01 1.499600260370667471e+01 2.908741218261748074e+01 -3.727045155053306047e+01 -3.377146061329894877e+01 1.499600260370667471e+01 -3.377146061329894877e+01 -7.850530327114741169e+01
7.019157994562760905e+01 2.903869196213133463e+01 1.501014956689560442e+01 2.903869196213133463e+01 -3.707732518752181505e+01 -3.378924589469703932e+01 1.501014956689560442e+01 -3.378924589469703932e+01 -7.805466893458107336e+01
7.043678781802888977e+01 2.898084824319175468e+01 1.502363165975189041e+01 2.898084824319175468e+01 -3.679453367270609476e+01 -3.379992075725996159e+01 1.502363165975189041e+01 -3.379992075725996159e+01 -7.738676974820465659e+01
7.076532610545423552e+01 2.891369633959523000e+01 1.503517454747131765e+01 2.891369633959523000e+01 -3.642318512330693636e+01 -3.380333745202491258e+01 1.503517454747131765e+01 -3.380333745202491258e+01 -7.650531790470867577e+01
7.117778580375490094e+01 2.883592497929683063e+01 1.504391020489737585e+01 2.883592497929683063e+01 -3.596178358107592032e+01 -3.379894192038135969e+01 1.504391020489737585e+01 -3.379894192038135969e+01 -7.541195711130441737e+01
7.167704801770562995e+01 2.874740488195410748e+01 1.504878592067006160e+01 2.874740488195410748e+01 -3.541276690389938153e+01 -3.378678956819035051e+01 1.504878592067006160e+01 -3.378678956819035051e+01 -7.411669736022216171e+01
7.225578070502704975e+01 2.864730495965125812e+01 1.504802870723566777e+01 2.864730495965125812e+01 -3.478402119266723247e+01 -3.376588308995292209e+01 1.504802870723566777e+01 -3.376588308995292209e+01 -7.264059287866214731e+01
7.292419701277333388e+01 2.853483106171318440e+01 1.504171243907559763e+01 2.853483106171318440e+01 -3.407177884882785435e+01 -3.373590851912312161e+01 1.504171243907559763e+01 -3.373590851912312161e+01 -7.098552746590016227e+01
7.367328425421311522e+01 2.840941066090900335e+01 1.502813800311755266e+01 2.840941066090900335e+01 -3.329083323728245603e+01 -3.369575773847987676e+01 1.502813800311755266e+01 -3.369575773847987676e+01 -6.918736718265800789e+01
8.284655692609521793e+01 7.333983016286053314e+00 -2.548970721399523143e+01 7.333983016286053314e+00 -1.749449666039153328e+01 4.078231004963910777e+01 -2.548970721399523143e+01 4.078231004963910777e+01 -6.348169903159740102e+01
8.281248844827200628e+01 7.413974577118988663e+00 -2.539369932487840487e+01 7.413974577118988663e+00 -1.746776074231133435e+01 4.055633389028607638e+01 -2.539369932487840487e+01 4.055633389028607638e+01 -6.356075375433049857e+01
8.284644882939139166e+01 7.501046472052675718e+00 -2.526955026053161646e+01 7.501046472052675718e+00 -1.736198811761535055e+01 4.030886450298850576e+01 -2.526955026053161646e+01 4.030886450298850576e+01 -6.345903475602807475e+01
8.294832997274954778e+01 7.594297895221879813e+00 -2.511794463341243855e+01 7.594297895221879813e+00 -1.717768323758811988e+01 4.003966767822146267e+01 -2.511794463341243855e+01 4.003966767822146267e+01 -6.317600155317099819e+01
8.311870839410023848e+01 7.693476620984336378e+00 -2.494059397466482508e+01 7.693476620984336378e+00 -1.691426958647588208e+01 3.974876143210222779e+01 -2.494059397466482508e+01 3.974876143210222779e+01 -6.271060921095559593e+01
8.335668328757822110e+01 7.797015247134532423e+00 -2.473796670333869585e+01 7.797015247134532423e+00 -1.657428743681860439e+01 3.943634394192115877e+01 -2.473796670333869585e+01 3.943634394192115877e+01 -6.206604658214482129e+01
8.366166012131243690e+01 7.904517419091767749e+00 -2.451191847951643865e+01 7.904517419091767749e+00 -1.615910601353144926e+01 3.910219901427061728e+01 -2.451191847951643865e+01 3.910219901427061728e+01 -6.124620514807645577e+01
8.403075631653412358e+01 8.013677073841034115e+00 -2.426329606071137235e+01 8.013677073841034115e+00 -1.567367974887320869e+01 3.874674101984859220e+01 -2.426329606071137235e+01 3.874674101984859220e+01 -6.025962454835296001e+01
8.446263868056274760e+01 8.123989760097805046e+00 -2.399427939711736713e+01 8.123989760097805046e+00 -1.512085518937803386e+01 3.837002400700699667e+01 -2.399427939711736713e+01 3.837002400700699667e+01 -5.911446608411336712e+01
8.495253294231255836e+01 8.232482818506797528e+00 -2.370612961694575560e+01 8.232482818506797528e+00 -1.450843331383885726e+01 3.797287671714186530e+01 -2.370612961694575560e+01 3.797287671714186530e+01 -5.782643980964737551e+01
4.320579848641192910e+01 3.023306312016855202e+01 1.505416585660954176e+01 3.023306312016855202e+01 -1.822100188967627687e+01 1.390075294633331104e+01 1.505416585660954176e+01 1.390075294633331104e+01 -1.601053641525800941e+01
4.315062952111723149e+01 3.019579558904027650e+01 1.514134041632299166e+01 3.019579558904027650e+01 -1.808138878543493178e+01 1.390218144461527849e+01 1.514134041632299166e+01 1.390218144461527849e+01 -1.591198811605902996e+01
4.308122981977307120e+01 3.010959747119045105e+01 1.518359865030978462e+01 3.010959747119045105e+01 -1.789689551998039363e+01 1.386395555388011402e+01 1.518359865030978462e+01 1.386395555388011402e+01 -1.579016795244370108e+01
4.299846733070265259e+01 2.997430602630847218e+01 1.518099480534012180e+01 2.997430602630847218e+01 -1.766779332716367890e+01 1.378565938222294029e+01 1.518099480534012180e+01 1.378565938222294029e+01 -1.564202002302402050e+01
4.290273986355413882e+01 2.979053605112328995e+01 1.513446915876416377e+01 2.979053605112328995e+01 -1.739578193911775728e+01 1.366696744902255389e+01 1.513446915876416377e+01 1.366696744902255389e+01 -1.546691144881430624e+01
4.279634386493270881e+01 2.955904700041771704e+01 1.504514281049939761e+01 2.955904700041771704e+01 -1.708111450743689730e+01 1.350813290587321980e+01 1.504514281049939761e+01 1.350813290587321980e+01 -1.526120769621107520e+01
4.267994837833750665e+01 2.928135778375738951e+01 1.491496864427307401e+01 2.928135778375738951e+01 -1.672639487709076533e+01 1.331000561884143352e+01 1.491496864427307401e+01 1.331000561884143352e+01 -1.502418547494497147e+01
4.255588601488719291e+01 2.895924046230222615e+01 1.474631543571731029e+01 2.895924046230222615e+01 -1.633316003990172405e+01 1.307385134589855191e+01 1.474631543571731029e+01 1.307385134589855191e+01 -1.475251764977698876e+01
4.242571184866086753e+01 2.859533504553534300e+01 1.454214867493644903e+01 2.859533504553534300e+01 -1.590459247305492418e+01 1.280155064174488899e+01 1.454214867493644903e+01 1.280155064174488899e+01 -1.444495654499249859e+01
4.229148725692618171e+01 2.819251661227741224e+01 1.430574125039929356e+01 2.819251661227741224e+01 -1.544400122953263477e+01 1.249525529493175924e+01 1.430574125039929356e+01 1.249525529493175924e+01 -1.410000133328259331e+01
8.615896445443098628e+01 -3.362499212866527643e+01 4.573978672651324473e+01 -3.362499212866527643e+01 -5.178788744816121437e+01 -2.014595015311103765e+01 4.573978672651324473e+01 -2.014595015311103765e+01 -3.857084494874263214e+01
8.587382027847634447e+01 -3.352401047658879207e+01 4.548733259632204096e+01 -3.352401047658879207e+01 -5.193331576899836932e+01 -2.010552063766289521e+01 4.548733259632204096e+01 -2.010552063766289521e+01 -3.911450583947483750e+01
8.558362701991785570e+01 -3.334532086341622659e+01 4.511495354063561791e+01 -3.334532086341622659e+01 -5.202670536986034477e+01 -1.998616695873965199e+01 4.511495354063561791e+01 -1.998616695873965199e+01 -3.963703060704432346e+01
8.529396815331379855e+01 -3.309104242965648268e+01 4.462699840432444631e+01 -3.309104242965648268e+01 -5.206582654638559404e+01 -1.979168514194855888e+01 4.462699840432444631e+01 -1.979168514194855888e+01 -4.012747343003987055e+01
8.500836329463982111e+01 -3.276351544352374390e+01 4.402930864426956248e+01 -3.276351544352374390e+01 -5.204787834764061216e+01 -1.952664515986533189e+01 4.402930864426956248e+01 -1.952664515986533189e+01 -4.057510961475555433e+01
8.473154826225059821e+01 -3.236657278524280912e+01 4.332977114862586632e+01 -3.236657278524280912e+01 -5.197133130699723580e+01 -1.919733072478160807e+01 4.332977114862586632e+01 -1.919733072478160807e+01 -4.096740859122567002e+01
8.446739279098848385e+01 -3.190437902659639491e+01 4.253804182719044746e+01 -3.190437902659639491e+01 -5.183364245584477459e+01 -1.881113118751537527e+01 4.253804182719044746e+01 -1.881113118751537527e+01 -4.129130539753010964e+01
8.422114866385379628e+01 -3.138318102525857611e+01 4.166602472143070912e+01 -3.138318102525857611e+01 -5.163390885605335257e+01 -1.837731548437950835e+01 4.166602472143070912e+01 -1.837731548437950835e+01 -4.153347708942594352e+01
8.399629864220466402e+01 -3.080987059471048539e+01 4.072700592097205430e+01 -3.080987059471048539e+01 -5.137192780722646290e+01 -1.790577908018513753e+01 4.072700592097205430e+01 -1.790577908018513753e+01 -4.168133781502114488e+01
8.379837091867300103e+01 -3.019340340701583614e+01 3.973633537402245253e+01 -3.019340340701583614e+01 -5.104878652058171440e+01 -1.740774420597508154e+01 3.973633537402245253e+01 -1.740774420597508154e+01 -4.172482626372561043e+01
-2.151648357685817103e+01 1.752052348525632297e+01 4.313816293732767093e+01 1.752052348525632297e+01 -6.935710717051415486e+01 3.025353398426151941e+01 4.313816293732767093e+01 3.025353398426151941e+01 -8.881864280487641850e+01
-2.142202044633847891e+01 1.742509362679270879e+01 4.312924536527359720e+01 1.742509362679270879e+01 -6.931157231144159425e+01 3.020356006830362716e+01 4.312924536527359720e+01 3.020356006830362716e+01 -8.860844852907089830e+01
-2.126537106114082221e+01 1.730435127951189855e+01 4.306331057367025039e+01 1.730435127951189855e+01 -6.917810466775618750e+01 3.012115144337030159e+01 4.306331057367025039e+01 3.012115144337030159e+01 -8.817314474632516408e+01
-2.104359577915003143e+01 1.715744809032024065e+01 4.294069395792674726e+01 1.715744809032024065e+01 -6.895508644983749491e+01 3.000762996195627608e+01 4.294069395792674726e+01 3.000762996195627608e+01 -8.750931831512293968e+01
-2.076014720016580739e+01 1.698503512089425271e+01 4.276222414199500577e+01 1.698503512089425271e+01 -6.864512190439161543e+01 2.986449503883171985e+01 4.276222414199500577e+01 2.986449503883171985e+01 -8.662255258256890045e+01
-2.041169109923872682e+01 1.678709264209222596e+01 4.252819706300072511e+01 1.678709264209222596e+01 -6.824477816076051795e+01 2.969243719395655745e+01 4.252819706300072511e+01 2.969243719395655745e+01 -8.550714582670811126e+01
-2.000396865660714241e+01 1.656486358984205154e+01 4.224111832194139282e+01 1.656486358984205154e+01 -6.776005287802485100e+01 2.949431715287911615e+01 4.224111832194139282e+01 2.949431715287911615e+01 -8.417969025572080000e+01
-1.953749282995557834e+01 1.632010385775613770e+01 4.190349351981449644e+01 1.632010385775613770e+01 -6.719224817953762852e+01 2.927222620462092806e+01 4.190349351981449644e+01 2.927222620462092806e+01 -8.264470384305917605e+01
-1.901970150570966922e+01 1.605604902507534959e+01 4.151962360951338837e+01 1.605604902507534959e+01 -6.654953192996782718e+01 2.902997207353250886e+01 4.151962360951338837e+01 2.902997207353250886e+01 -8.092266543782085364e+01
-1.845323838885889600e+01 1.577595440018225936e+01 4.109465789702503002e+01 1.577595440018225936e+01 -6.583654047761794459e+01 2.877116519254726512e+01 4.109465789702503002e+01 2.877116519254726512e+01 -7.903016724818607486e+01
4.988108196333296007e+01 1.319369649036700309e+01 -6.378328854056434949e+01 1.319369649036700309e+01 5.166435089562160243e+01 4.679722337154228740e+01 -6.378328854056434949e+01 4.679722337154228740e+01 1.330750464993022604e+02
4.938964456805905456e+01 1.331461617762881389e+01 -6.330779194463386972e+01 1.331461617762881389e+01 5.145728990691312532e+01 4.659355043795462592e+01 -6.330779194463386972e+01 4.659355043795462592e+01 1.322156154970813020e+02
4.859948235278308459e+01 1.340960030294080241e+01 -6.261166519923605023e+01 1.340960030294080241e+01 5.092589040148923374e+01 4.621989877895578047e+01 -6.261166519923605023e+01 4.621989877895578047e+01 1.306049679731980575e+02
4.752233492849865115e+01 1.347688707764014637e+01 -6.170520799193818107e+01 1.347688707764014637e+01 5.007592901333090651e+01 4.568148599943180699e+01 -6.170520799193818107e+01 4.568148599943180699e+01 1.282641268096772649e+02
4.618024159376665949e+01 1.351532456298576790e+01 -6.060410701794960886e+01 1.351532456298576790e+01 4.892497280823957340e+01 4.498688387883835560e+01 -6.060410701794960886e+01 4.498688387883835560e+01 1.252374247077746787e+02
4.460588014022734882e+01 1.352423514795350634e+01 -5.933202784228920734e+01 1.352423514795350634e+01 4.750137980757643419e+01 4.415077963612415601e+01 -5.933202784228920734e+01 4.415077963612415601e+01 1.215930632170723555e+02
4.283982252795243539e+01 1.350544838230859845e+01 -5.792224116624338137e+01 1.350544838230859845e+01 4.584550174783035459e+01 4.319421309358946104e+01 -5.792224116624338137e+01 4.319421309358946104e+01 1.174253827324092327e+02
4.093661644438702751e+01 1.346184411290373717e+01 -5.641630148586887827e+01 1.346184411290373717e+01 4.400915893207417895e+01 4.214566085452469224e+01 -5.641630148586887827e+01 4.214566085452469224e+01 1.128626550206593464e+02
3.895980486332194914e+01 1.339791151277399806e+01 -5.485933769537493276e+01 1.339791151277399806e+01 4.206261962351357653e+01 4.103729250230198033e+01 -5.485933769537493276e+01 4.103729250230198033e+01 1.080533615974923265e+02
3.695902279227713194e+01 1.331900370901026598e+01 -5.329978204271356645e+01 1.331900370901026598e+01 4.005477345754185592e+01 3.990432686990216382e+01 -5.329978204271356645e+01 3.990432686990216382e+01 1.031426975651105664e+02
-5.648838825878707581e+01 1.907893143360282906e+01 4.211907425784279724e+01 1.907893143360282906e+01 -9.554198070774749851e+01 -3.152069753505790928e+01 4.211907425784279724e+01 -3.152069753505790928e+01 -8.031273268591326087e+01
-5.630451060392089602e+01 1.904776920421308617e+01 4.231986562273960573e+01 1.904776920421308617e+01 -9.550573411461520834e+01 -3.147805448431405395e+01 4.231986562273960573e+01 -3.147805448431405395e+01 -7.996381822408166329e+01
-5.605867751667589260e+01 1.901943617722846724e+01 4.249306201345311962e+01 1.901943617722846724e+01 -9.539484168121448704e+01 -3.142999904636039687e+01 4.249306201345311962e+01 -3.142999904636039687e+01 -7.939033069597688552e+01
-5.574924887971577903e+01 1.899421937318281906e+01 4.263864292851664572e+01 1.899421937318281906e+01 -9.520860635767736824e+01 -3.137575216546219892e+01 4.263864292851664572e+01 -3.137575216546219892e+01 -7.859140903999737304e+01
-5.537854135877806527e+01 1.897154475100844095e+01 4.275502975499399128e+01 1.897154475100844095e+01 -9.494735616747111351e+01 -3.131449378295130970e+01 4.275502975499399128e+01 -3.131449378295130970e+01 -7.756844735587895912e+01
-5.494583740252812731e+01 1.895215036350666438e+01 4.284109491221644817e+01 1.895215036350666438e+01 -9.460877444485822707e+01 -3.124579336802695195e+01 4.284109491221644817e+01 -3.124579336802695195e+01 -7.632288074629093444e+01
-5.445991163871518381e+01 1.893650774441168494e+01 4.289493176378056916e+01 1.893650774441168494e+01 -9.420202534545528295e+01 -3.116794929895270982e+01 4.289493176378056916e+01 -3.116794929895270982e+01 -7.487574371607136925e+01
-5.392349076241083594e+01 1.892455538932338044e+01 4.291528972021742305e+01 1.892455538932338044e+01 -9.372676034432829795e+01 -3.108087956986176437e+01 4.291528972021742305e+01 -3.108087956986176437e+01 -7.323484732403440489e+01
-5.334061356255572406e+01 1.891612928650813075e+01 4.290007763192322443e+01 1.891612928650813075e+01 -9.318558312774867147e+01 -3.098292356195111097e+01 4.290007763192322443e+01 -3.098292356195111097e+01 -7.141366103380440222e+01
-5.271933711556444280e+01 1.891069639783162870e+01 4.284868045489685073e+01 1.891069639783162870e+01 -9.258466463719425121e+01 -3.087412227815416088e+01 4.284868045489685073e+01 -3.087412227815416088e+01 -6.943401890742090643e+01
-6.864449203855983228e+01 9.742174372588095821e+00 4.027334306700590361e+01 9.742174372588095821e+00 -8.512289069757511584e+01 6.345239643519098749e+00 4.027334306700590361e+01 6.345239643519098749e+00 -3.662784235751990281e+01
-6.879615397901915230e+01 9.721161454343601349e+00 4.017690018842190369e+01 9.721161454343601349e+00 -8.520237085780524922e+01 6.443487066608824421e+00 4.017690018842190369e+01 6.443487066608824421e+00 -3.697549788179596675e+01
-6.891860234898017268e+01 9.687236017635882490e+00 4.002441617768774762e+01 9.687236017635882490e+00 -8.523284760945756489e+01 6.519438339805534000e+00 4.002441617768774762e+01 6.519438339805534000e+00 -3.720944705171656608e+01
-6.900965164454147782e+01 9.639916850596751630e+00 3.981655270112220535e+01 9.639916850596751630e+00 -8.521163418626800024e+01 6.574216290801682128e+00 3.981655270112220535e+01 6.574216290801682128e+00 -3.732325365854457289e+01
