1.815561171352314323e-03 -3.345362665815120318e-01 9.505489057923851570e-01 -3.345362665815120318e-01 3.851776973071555088e-01 -1.645855596436677004e+00 9.505489057923851570e-01 -1.645855596436677004e+00 3.064698726551914332e-01
1.647779372756423832e-01 -3.563830655419405469e-01 9.462996551046746196e-01 -3.563830655419406024e-01 4.632791560132475395e-01 -1.558460845356889779e+00 9.462996551046746196e-01 -1.558460845356889779e+00 6.143321326241927283e-01
3.359401789921698245e-01 -3.780110552070969909e-01 9.426472225627809953e-01 -3.780110552070969909e-01 5.525475908355488297e-01 -1.473540467638820850e+00 9.426472225627809953e-01 -1.473540467638820850e+00 9.368596667685162860e-01
5.139922460148230732e-01 -3.992630704385249363e-01 9.396639399751989252e-01 -3.992630704385249918e-01 6.521050048727550230e-01 -1.390969180915119896e+00 9.396639399751989252e-01 -1.390969180915119896e+00 1.269730649529712929e+00
6.976765733864557228e-01 -4.200560514137174351e-01 9.374792858729313894e-01 -4.200560514137173795e-01 7.611655894916166121e-01 -1.310884380834161922e+00 9.374792858729313894e-01 -1.310884380834161922e+00 1.610648545987603431e+00
8.848913424965639818e-01 -4.400478942787500181e-01 9.361517052760014446e-01 -4.400478942787500736e-01 8.781060751643923190e-01 -1.233257169460314051e+00 9.361517052760014446e-01 -1.233257169460314051e+00 1.955996765716706776e+00
1.074632149717837049e+00 -4.593747833539343350e-01 9.358805858677015088e-01 -4.593747833539343350e-01 1.002140653257781011e+00 -1.158140022142500003e+00 9.358805858677015088e-01 -1.158140022142500003e+00 2.303533022653225792e+00
1.264621342866369291e+00 -4.775090269210687799e-01 9.366533391570753819e-01 -4.775090269210688354e-01 1.131225150397238366e+00 -1.085337747361079686e+00 9.366533391570753819e-01 -1.085337747361079686e+00 2.649206735520622580e+00
1.453080023178408231e+00 -4.948042799358732258e-01 9.387139110589671764e-01 -4.948042799358731703e-01 1.263756953298693642e+00 -1.014970306961061608e+00 9.387139110589671764e-01 -1.014970306961061608e+00 2.989509811606180900e+00
1.637979329697273778e+00 -5.106309717871857501e-01 9.420280831154025369e-01 -5.106309717871858611e-01 1.397515429168887824e+00 -9.466629781990839598e-01 9.420280831154025369e-01 -9.466629781990839598e-01 3.320934158197185848e+00
-1.318391923394781173e+00 -3.044235128197937179e+00 -1.524175910866469330e+01 -3.044235128197937179e+00 -2.687690364909273821e+00 -1.665971925740030102e+01 -1.524175910866469330e+01 -1.665971925740030102e+01 8.435220914424448324e+00
-1.380540599321157247e+00 -3.150447269666055483e+00 -1.528030106352844086e+01 -3.150447269666055483e+00 -2.674637875732775782e+00 -1.673803419245928836e+01 -1.528030106352844086e+01 -1.673803419245928836e+01 8.355385301014798927e+00
-1.442689275247533542e+00 -3.255971485213637440e+00 -1.528287173407360555e+01 -3.255971485213637440e+00 -2.663087961593239683e+00 -1.679104069496800733e+01 -1.528287173407360555e+01 -1.679104069496800733e+01 8.251671416837051964e+00
-1.504711227978021704e+00 -3.359975022410559120e+00 -1.524997801308373369e+01 -3.359975022410559120e+00 -2.653619928529011407e+00 -1.681901031463193164e+01 -1.524997801308373369e+01 -1.681901031463193164e+01 8.125328390536388667e+00
-1.567113350296174712e+00 -3.461353579121221991e+00 -1.518189145026430609e+01 -3.461353579121221991e+00 -2.647718248263355001e+00 -1.682181632825517426e+01 -1.518189145026430609e+01 -1.682181632825517426e+01 7.975197610036114604e+00
-1.630583568122529359e+00 -3.559165783033313879e+00 -1.507897411188928238e+01 -3.559165783033313879e+00 -2.647012219029119873e+00 -1.679940442589663974e+01 -1.507897411188928238e+01 -1.679940442589663974e+01 7.800138566573235899e+00
-1.696769283003634055e+00 -3.652379745266030042e+00 -1.494147944435044728e+01 -3.652379745266030042e+00 -2.653800961665994773e+00 -1.675135823134126056e+01 -1.494147944435044728e+01 -1.675135823134126056e+01 7.597942655876559037e+00
-1.767028243466863158e+00 -3.740144610075546439e+00 -1.476967899735326739e+01 -3.740144610075546439e+00 -2.670202563876684199e+00 -1.667758722802055615e+01 -1.476967899735326739e+01 -1.667758722802055615e+01 7.366618513439261662e+00
-1.843098367627257650e+00 -3.821573315090647682e+00 -1.456386242391692321e+01 -3.821573315090647682e+00 -2.698353216677591426e+00 -1.657740349001398172e+01 -1.456386242391692321e+01 -1.657740349001398172e+01 7.103957534990152034e+00
-1.926844296795744871e+00 -3.895851211194906849e+00 -1.432379438096333324e+01 -3.895851211194906849e+00 -2.740787383986483583e+00 -1.645062598418455835e+01 -1.432379438096333324e+01 -1.645062598418455835e+01 6.807153706905986645e+00
9.771280508953950061e+00 1.925807219797077252e+01 3.276886737568374741e+01 1.925807219797077252e+01 3.136339847480841669e+01 8.667945468523647889e+00 3.276886737568374741e+01 8.667945468523647889e+00 3.892298509016973895e+01
9.724162433751523338e+00 1.921953867294551799e+01 3.269218812872132673e+01 1.921953867294551799e+01 3.121190848667162143e+01 8.564049495742843021e+00 3.269218812872132673e+01 8.564049495742843021e+00 3.865457247097508287e+01
9.620760028537372222e+00 1.915329485453522551e+01 3.253639705178940034e+01 1.915329485453522551e+01 3.099246482105434097e+01 8.417671457403546498e+00 3.253639705178940034e+01 8.417671457403546498e+00 3.821191287333822828e+01
9.461196685203159262e+00 1.906052177941724679e+01 3.230235788812962028e+01 1.906052177941724679e+01 3.070675970961367085e+01 8.229921880530733702e+00 3.230235788812962028e+01 8.229921880530733702e+00 3.759789719300673738e+01
9.245965971315538212e+00 1.894250624874749533e+01 3.199111065511456786e+01 1.894250624874749533e+01 3.035659114848529327e+01 8.002210958171987798e+00 3.199111065511456786e+01 8.002210958171987798e+00 3.681615667707813344e+01
8.975314670657837723e+00 1.880122253279260036e+01 3.160461199559778223e+01 1.880122253279260036e+01 2.994389815310961467e+01 7.736530588007021869e+00 3.160461199559778223e+01 7.736530588007021869e+00 3.587160937380588166e+01
8.650353310255027850e+00 1.863875066629774224e+01 3.114532974741253213e+01 1.863875066629774224e+01 2.947150110958182267e+01 7.435066569259594971e+00 3.114532974741253213e+01 7.435066569259594971e+00 3.477077742603504618e+01
8.272685984698741279e+00 1.845778764346643186e+01 3.061603141441469234e+01 1.845778764346643186e+01 2.894239667812803063e+01 7.100445386480830123e+00 3.061603141441469234e+01 7.100445386480830123e+00 3.352106434726544393e+01
7.843740514449653034e+00 1.826095994884979135e+01 3.002087706609464490e+01 1.826095994884979135e+01 2.836053339928146855e+01 6.735716582136132224e+00 3.002087706609464490e+01 6.735716582136132224e+00 3.213177741161115364e+01
7.366390167842217451e+00 1.805161679093583871e+01 2.936356845920230541e+01 1.805161679093583871e+01 2.772943675566110855e+01 6.344176482474229495e+00 2.936356845920230541e+01 6.344176482474229495e+00 3.061301712677548181e+01
1.223956812826346230e+01 1.177572019122732527e+01 1.644407221202873970e+01 1.177572019122732527e+01 2.391511131529382084e+01 -3.791414639492396432e+00 1.644407221202873970e+01 -3.791414639492396432e+00 -1.516490816842503797e+01
1.230185046046082675e+01 1.175106453476365331e+01 1.637693021420955120e+01 1.175106453476365331e+01 2.416304359409554792e+01 -3.823127530958351894e+00 1.637693021420955120e+01 -3.823127530958351894e+00 -1.476707664489127048e+01
1.239359451549050739e+01 1.171892284927224104e+01 1.628154140996350208e+01 1.171892284927224104e+01 2.443711444203231764e+01 -3.857895579855675994e+00 1.628154140996350208e+01 -3.857895579855675994e+00 -1.430303217726013365e+01
1.252139300149387502e+01 1.167893780639854562e+01 1.615831672689832033e+01 1.167893780639854562e+01 2.474123660458639762e+01 -3.895147060817094165e+00 1.615831672689832033e+01 -3.895147060817094165e+00 -1.376514580516207076e+01
1.267792068720274301e+01 1.163134166957302007e+01 1.600727403143173078e+01 1.163134166957302007e+01 2.506765605646415196e+01 -3.934471046234879754e+00 1.600727403143173078e+01 -3.934471046234879754e+00 -1.316790719337391735e+01
1.286469621812392816e+01 1.157620590446657616e+01 1.582902078176647009e+01 1.157620590446657616e+01 2.541578320588057593e+01 -3.974884883134029767e+00 1.582902078176647009e+01 -3.974884883134029767e+00 -1.251053021951567779e+01
1.308025454800378995e+01 1.151336971331966552e+01 1.562387857342162434e+01 1.151336971331966552e+01 2.578274155958157010e+01 -4.015834712564998910e+00 1.562387857342162434e+01 -4.015834712564998910e+00 -1.179862493875372209e+01
1.332391675296869238e+01 1.144315469165138133e+01 1.539241913176446452e+01 1.144315469165138133e+01 2.616563675789531374e+01 -4.056016286033694129e+00 1.539241913176446452e+01 -4.056016286033694129e+00 -1.103533584060805417e+01
1.359384259199272726e+01 1.136541790811990182e+01 1.513487472022544900e+01 1.136541790811990182e+01 2.656146724264362291e+01 -4.094679213995569889e+00 1.513487472022544900e+01 -4.094679213995569889e+00 -1.022679110635913702e+01
1.388988913373407286e+01 1.128058815675068871e+01 1.485169199924776073e+01 1.128058815675068871e+01 2.696760665042058491e+01 -4.130519247956531359e+00 1.485169199924776073e+01 -4.130519247956531359e+00 -9.376081626273794711e+00
-5.629074213645800029e+01 -5.424900226964289196e+00 -7.227517057184073224e+00 -5.424900226964289196e+00 -4.320934650405021671e+01 1.277124172624626475e+01 -7.227517057184073224e+00 1.277124172624626475e+01 -6.008559834765647878e+01
-5.612385256743900896e+01 -5.468057978134356567e+00 -7.357533419473043956e+00 -5.468057978134356567e+00 -4.309529366050865207e+01 1.270628203695702574e+01 -7.357533419473043956e+00 1.270628203695702574e+01 -5.966352523958427412e+01
-5.587693204051992524e+01 -5.507084223237356468e+00 -7.477036747544406836e+00 -5.507084223237356468e+00 -4.290638878920739785e+01 1.262586314421495892e+01 -7.477036747544406836e+00 1.262586314421495892e+01 -5.902680778344556245e+01
-5.555461637706239486e+01 -5.542037152499586838e+00 -7.586414976240141606e+00 -5.542037152499586838e+00 -4.264705434734501210e+01 1.252934495553079941e+01 -7.586414976240141606e+00 1.252934495553079941e+01 -5.818479520893203016e+01
-5.515634307154554961e+01 -5.572703401757957309e+00 -7.685221980491971472e+00 -5.572703401757957309e+00 -4.231674722614273776e+01 1.241664988393615410e+01 -7.685221980491971472e+00 1.241664988393615410e+01 -5.713843795640651280e+01
-5.468381903727408400e+01 -5.599044177528273103e+00 -7.773089222200018078e+00 -5.599044177528273103e+00 -4.191674761057907972e+01 1.228775853268891893e+01 -7.773089222200018078e+00 1.228775853268891893e+01 -5.589196451564657764e+01
-5.414028353017852879e+01 -5.620535767773861657e+00 -7.849434799101314475e+00 -5.620535767773861657e+00 -4.145066329468446042e+01 1.214251572785230771e+01 -7.849434799101314475e+00 1.214251572785230771e+01 -5.445633404593810667e+01
-5.352837450718431711e+01 -5.637527313852503497e+00 -7.914006553548574630e+00 -5.637527313852503497e+00 -4.092078309402653247e+01 1.198111543684730584e+01 -7.914006553548574630e+00 1.198111543684730584e+01 -5.283730737968447499e+01
-5.285288296358989868e+01 -5.649068375401353315e+00 -7.966261376763029034e+00 -5.649068375401353315e+00 -4.033160705277224167e+01 1.180346067596341975e+01 -7.966261376763029034e+00 1.180346067596341975e+01 -5.104774455689725698e+01
-5.211867748166208969e+01 -5.656031805814860647e+00 -8.006179872002578080e+00 -5.656031805814860647e+00 -3.968773219879903991e+01 1.161013334746361814e+01 -8.006179872002578080e+00 1.161013334746361814e+01 -4.909971035116196703e+01
1.401099738964743757e+01 6.861484677657534448e+00 2.672967469695239018e+01 6.861484677657534448e+00 2.303327380804336144e+01 8.677139681061524001e+00 2.672967469695239018e+01 8.677139681061524001e+00 4.342115126258625679e+01
1.411485382145674627e+01 6.915932654293226456e+00 2.663469910016715403e+01 6.915932654293226456e+00 2.328255391337188129e+01 8.734318866881206844e+00 2.663469910016715403e+01 8.734318866881206844e+00 4.385342238324218300e+01
1.415372509539148282e+01 6.955684963448605096e+00 2.647639469172214888e+01 6.955684963448605096e+00 2.346073447639457399e+01 8.750723742689565654e+00 2.647639469172214888e+01 8.750723742689565654e+00 4.409660572484385455e+01
1.412789314272225205e+01 6.979701983563312950e+00 2.625462050598208208e+01 6.979701983563312950e+00 2.356681111695990083e+01 8.726283825668948779e+00 2.625462050598208208e+01 8.726283825668948779e+00 4.415285101332965922e+01
1.403594830709602626e+01 6.987525576322616949e+00 2.596974657773961326e+01 6.987525576322616949e+00 2.359836979856330785e+01 8.661210564272311174e+00 2.596974657773961326e+01 8.661210564272311174e+00 4.401849314218171827e+01
1.387759103653778503e+01 6.978750465525019209e+00 2.562223104530947637e+01 6.978750465525019209e+00 2.355378941639881063e+01 8.555944476109972996e+00 2.562223104530947637e+01 8.555944476109972996e+00 4.369229866209112600e+01
1.365231033061956012e+01 6.953270926944044916e+00 2.521281397827701909e+01 6.953270926944044916e+00 2.343157221059131601e+01 8.411278492880514435e+00 2.521281397827701909e+01 8.411278492880514435e+00 4.317306936515781501e+01
1.336019429286340987e+01 6.911210305510583574e+00 2.474242927397611069e+01 6.911210305510583574e+00 2.323085476662459570e+01 8.228164132622225679e+00 2.474242927397611069e+01 8.228164132622225679e+00 4.246099907913032467e+01
1.300094337129432098e+01 6.853132463765845728e+00 2.421229276101124839e+01 6.853132463765845728e+00 2.295040363518975113e+01 8.008011051688137982e+00 2.421229276101124839e+01 8.008011051688137982e+00 4.155610542471306701e+01
1.257540335972410794e+01 6.779495540024565337e+00 2.362423699264136445e+01 6.779495540024565337e+00 2.259014833346912710e+01 7.751964595865082686e+00 2.362423699264136445e+01 7.751964595865082686e+00 4.046050288643558446e+01
1.405992865919598245e+01 -1.068830979155206329e+01 -9.925800044207447215e+00 -1.068830979155206329e+01 -2.538687848779924394e+01 1.930772717769022151e+01 -9.925800044207447215e+00 1.930772717769022151e+01 -2.908608515350481127e+01
1.404967661257128242e+01 -1.062564002266881857e+01 -9.761418214187393971e+00 -1.062564002266881857e+01 -2.542005984300391930e+01 1.921347449097927296e+01 -9.761418214187393971e+00 1.921347449097927296e+01 -2.916174452268135653e+01
1.406975813042217283e+01 -1.054988878927520268e+01 -9.573978465683470773e+00 -1.054988878927520268e+01 -2.539578931685476348e+01 1.908541577238759146e+01 -9.573978465683470773e+00 1.908541577238759146e+01 -2.912950018249076933e+01
1.412019158559206744e+01 -1.046133168402241687e+01 -9.363885001250777051e+00 -1.046133168402241687e+01 -2.531391992660447343e+01 1.892347753054152548e+01 -9.363885001250777051e+00 1.892347753054152548e+01 -2.899168548404655255e+01
1.420044416562197753e+01 -1.036035453662214856e+01 -9.131946225999501010e+00 -1.036035453662214856e+01 -2.517481912912131037e+01 1.872789861240545051e+01 -9.131946225999501010e+00 1.872789861240545051e+01 -2.874898022255499797e+01
1.430932163569002569e+01 -1.024760039659386202e+01 -8.879154273473972125e+00 -1.024760039659386202e+01 -2.497969953207057259e+01 1.849902810200421754e+01 -8.879154273473972125e+00 1.849902810200421754e+01 -2.840342378363500586e+01
1.444551952391386074e+01 -1.012354695786630998e+01 -8.606629887122405620e+00 -1.012354695786630998e+01 -2.473012282714239518e+01 1.823739881179682243e+01 -8.606629887122405620e+00 1.823739881179682243e+01 -2.795758836536445457e+01
1.460797220537550523e+01 -9.988910761332615351e+00 -8.315457064706196277e+00 -9.988910761332615351e+00 -2.442752209612302750e+01 1.794352518139883657e+01 -8.315457064706196277e+00 1.794352518139883657e+01 -2.741342148914516841e+01
1.479504449701116009e+01 -9.844481839259559663e+00 -8.006866786734047281e+00 -9.844481839259559663e+00 -2.407382648757087651e+01 1.761817887023363127e+01 -8.006866786734047281e+00 1.761817887023363127e+01 -2.677430375816522101e+01
1.500552379115553414e+01 -9.691031851070503578e+00 -7.681796068220041462e+00 -9.691031851070503578e+00 -2.367153470819017969e+01 1.726181919938653309e+01 -7.681796068220041462e+00 1.726181919938653309e+01 -2.604343204717854832e+01
-6.959398235346540673e+00 1.514428400957047316e+01 1.783291242942982890e+01 1.514428400957047316e+01 -8.900682196012047243e+00 4.821305027408023136e+00 1.783291242942982890e+01 4.821305027408023136e+00 -7.909517521972489362e+00
-6.992446817454867514e+00 1.518624436326615346e+01 1.776661397263111652e+01 1.518624436326615346e+01 -8.849846669380299957e+00 4.865589395460156119e+00 1.776661397263111652e+01 4.865589395460156119e+00 -7.900752144990270232e+00
-7.011057231632148223e+00 1.520867933650248105e+01 1.766424754499325545e+01 1.520867933650248105e+01 -8.775002427507066827e+00 4.892013621686304603e+00 1.766424754499325545e+01 4.892013621686304603e+00 -7.856815464125322279e+00
-7.016272539439941447e+00 1.521175362321023172e+01 1.752630722830854992e+01 1.521175362321023172e+01 -8.677961103630844164e+00 4.900760699342883164e+00 1.752630722830854992e+01 4.900760699342883164e+00 -7.779208024080240591e+00
-7.008788115252618134e+00 1.519563191732017771e+01 1.735345179830010309e+01 1.519563191732017771e+01 -8.560186643802941475e+00 4.891922125058098203e+00 1.735345179830010309e+01 4.891922125058098203e+00 -7.669393770906337338e+00
-6.989409129398399756e+00 1.516053381074002004e+01 1.714621193541150390e+01 1.516053381074002004e+01 -8.423454082610570381e+00 4.865754089390928350e+00 1.714621193541150390e+01 4.865754089390928350e+00 -7.529403929749800994e+00
-6.958977350856788924e+00 1.510688018795950072e+01 1.690561240187867398e+01 1.510688018795950072e+01 -8.269684849246075942e+00 4.822366388295222350e+00 1.690561240187867398e+01 4.822366388295222350e+00 -7.361196528454261312e+00
-6.918590739166269543e+00 1.503501873616581186e+01 1.663216557881957769e+01 1.503501873616581186e+01 -8.100782073576164422e+00 4.762198205586375188e+00 1.663216557881957769e+01 4.762198205586375188e+00 -7.166985785422324007e+00
-6.868853172073006164e+00 1.494560823108204062e+01 1.632693282712140359e+01 1.494560823108204062e+01 -7.918758681421384615e+00 4.685377636543872626e+00 1.632693282712140359e+01 4.685377636543872626e+00 -6.948876123102749602e+00
-6.811155398325744237e+00 1.483912445517486667e+01 1.599026183397134560e+01 1.483912445517486667e+01 -7.725828891184344016e+00 4.592197470377979762e+00 1.599026183397134560e+01 4.592197470377979762e+00 -6.709228154503272812e+00
1.947858402812005352e+01 -1.997350028935013100e+01 1.630051714921328099e+01 -1.997350028935013100e+01 2.458659305654318228e+00 3.961126874254159436e+00 1.630051714921328099e+01 3.961126874254159436e+00 3.697775207054542079e+01
1.951359463926673854e+01 -1.989536685227886892e+01 1.621254587272935765e+01 -1.989536685227886892e+01 2.654366487170928490e+00 3.730231182143980195e+00 1.621254587272935765e+01 3.730231182143980195e+00 3.725237544669958112e+01
1.947689398337465505e+01 -1.978329020074222200e+01 1.608723350234457428e+01 -1.978329020074222200e+01 2.811682968050065679e+00 3.483182220256772599e+00 1.608723350234457428e+01 3.483182220256772599e+00 3.736923759335739703e+01
1.936867774983538482e+01 -1.963826657164274181e+01 1.592481130733987982e+01 -1.963826657164274181e+01 2.929399032052920848e+00 3.219606399754081583e+00 1.592481130733987982e+01 3.219606399754081583e+00 3.732689752499910441e+01
1.918949742693425620e+01 -1.946166579072142255e+01 1.572579519611123544e+01 -1.946166579072142255e+01 3.006091483604425907e+00 2.939681620082791103e+00 1.572579519611123544e+01 2.939681620082791103e+00 3.712544419134815854e+01
1.894026030185038323e+01 -1.925532022228117768e+01 1.549087897650148804e+01 -1.925532022228117768e+01 3.040319337184823834e+00 2.643692520357914688e+00 1.549087897650148804e+01 2.643692520357914688e+00 3.676617625836679792e+01
1.862233620032476367e+01 -1.902138244962928582e+01 1.522105888541318208e+01 -1.902138244962928582e+01 3.030499287716851065e+00 2.331959319583842394e+00 1.522105888541318208e+01 2.331959319583842394e+00 3.625113956969418894e+01
1.823737958721341457e+01 -1.876253875441369701e+01 1.491734894969355985e+01 -1.876253875441369701e+01 2.975279299404192557e+00 2.004997926156537602e+00 1.491734894969355985e+01 2.004997926156537602e+00 3.558275355780794058e+01
1.778773873521520343e+01 -1.848147541828235418e+01 1.458104783530486692e+01 -1.848147541828235418e+01 2.873503025842104819e+00 1.663324248471961475e+00 1.458104783530486692e+01 1.663324248471961475e+00 3.476468295131386554e+01
1.727456999073486799e+01 -1.818169706033885902e+01 1.421373884732436998e+01 -1.818169706033885902e+01 2.722839984276413272e+00 1.307614304428271979e+00 1.421373884732436998e+01 1.307614304428271979e+00 3.379984530114084862e+01
-1.301125116287853656e+00 -8.682387308383085478e-02 1.086196464630228142e+01 -8.682387308383085478e-02 -2.855888934473230734e+01 -8.438827757669965735e+00 1.086196464630228142e+01 -8.438827757669965735e+00 -5.460168983327265302e+00
-1.312994848831107397e+00 -9.690854507406809759e-02 1.086597643187503870e+01 -9.690854507406809759e-02 -2.871258857915285745e+01 -8.387024196260261633e+00 1.086597643187503870e+01 -8.387024196260261633e+00 -5.700324037109374409e+00
-1.319454191656971087e+00 -1.046744786139953282e-01 1.085173275282313554e+01 -1.046744786139953282e-01 -2.883331020005788758e+01 -8.327767546974561341e+00 1.085173275282313554e+01 -8.327767546974561341e+00 -5.904814685203382041e+00
-1.321588903246145197e+00 -1.099744522147039494e-01 1.081941763600770301e+01 -1.099744522147039494e-01 -2.892228718741700533e+01 -8.260487326543342945e+00 1.081941763600770301e+01 -8.260487326543342945e+00 -6.073052041653653532e+00
-1.320521547451558142e+00 -1.129372846789889751e-01 1.076904948411485741e+01 -1.129372846789889751e-01 -2.898018203793030168e+01 -8.184889091988791776e+00 1.076904948411485741e+01 -8.184889091988791776e+00 -6.206140267627003659e+00
-1.317393090812250867e+00 -1.133789491457146970e-01 1.070064669983071326e+01 -1.133789491457146970e-01 -2.900769405367009313e+01 -8.100567984216406003e+00 1.070064669983071326e+01 -8.100567984216406003e+00 -6.305717202187540060e+00
-1.313749358961763702e+00 -1.116490966510389760e-01 1.061431969927194707e+01 -1.116490966510389760e-01 -2.900629544952546013e+01 -8.007211157562258208e+00 1.061431969927194707e+01 -8.007211157562258208e+00 -6.373696724691073179e+00
-1.310878539928046704e+00 -1.075452976477124928e-01 1.050995806632188234e+01 -1.075452976477124928e-01 -2.897729281621047193e+01 -7.904229726070710171e+00 1.050995806632188234e+01 -7.904229726070710171e+00 -6.412213546726778013e+00
-1.310068821739049483e+00 -1.016196327191424414e-01 1.038756180098051729e+01 -1.016196327191424414e-01 -2.892236079816145988e+01 -7.791163622588927140e+00 1.038756180098051729e+01 -7.791163622588927140e+00 -6.424009668525578753e+00
-1.313344499867265203e+00 -9.361446425973878049e-02 1.024707569518951189e+01 -9.361446425973878049e-02 -2.884313723444253341e+01 -7.667663196080747312e+00 1.024707569518951189e+01 -7.667663196080747312e+00 -6.411201398990532319e+00
-4.377456254559355386e+00 -6.841601928348563177e+00 -1.669101810854147416e+01 -6.841601928348563177e+00 -3.692102883518817436e+01 -6.292646882112244988e+00 -1.669101810854147416e+01 -6.292646882112244988e+00 -2.379930746517079143e+01
-4.231464106865772123e+00 -6.858857407235717574e+00 -1.686200929414816230e+01 -6.858857407235717574e+00 -3.685813103242691113e+01 -6.361557111713372237e+00 -1.686200929414816230e+01 -6.361557111713372237e+00 -2.352156312808855887e+01
-4.059281604485862616e+00 -6.868778842237716731e+00 -1.700061155498284293e+01 -6.868778842237716731e+00 -3.674597972682269642e+01 -6.426465261529453521e+00 -1.700061155498284293e+01 -6.426465261529453521e+00 -2.315333455921511074e+01
-3.861746392025795949e+00 -6.871273161731653367e+00 -1.710660151915054428e+01 -6.871273161731653367e+00 -3.658535672000796524e+01 -6.488022832920844252e+00 -1.710660151915054428e+01 -6.488022832920844252e+00 -2.269730222129020092e+01
-3.640105629232542661e+00 -6.865930850576730471e+00 -1.717927184231715643e+01 -6.865930850576730471e+00 -3.637730441415929050e+01 -6.546881327247900728e+00 -1.717927184231715643e+01 -6.546881327247900728e+00 -2.215594181948318209e+01
-3.396313820187171206e+00 -6.852640222825458594e+00 -1.721782210852567374e+01 -6.852640222825458594e+00 -3.612320026929570815e+01 -6.603226887756441066e+00 -1.721782210852567374e+01 -6.603226887756441066e+00 -2.153277146113997631e+01
-3.131394752741669674e+00 -6.830973149012462997e+00 -1.722173111668781331e+01 -6.830973149012462997e+00 -3.582417975921669040e+01 -6.657617944183910730e+00 -1.722173111668781331e+01 -6.657617944183910730e+00 -2.083119756765902508e+01
-2.848121961258699208e+00 -6.800929629137741017e+00 -1.719019845084656239e+01 -6.800929629137741017e+00 -3.548208570205583356e+01 -6.710054496530311496e+00 -1.719019845084656239e+01 -6.710054496530311496e+00 -2.005464517476333697e+01
-2.547947363055625303e+00 -6.762118762385080473e+00 -1.712285182451029186e+01 -6.762118762385080473e+00 -3.509894705919250413e+01 -6.761094974533091495e+00 -1.712285182451029186e+01 -6.761094974533091495e+00 -1.920752587737875672e+01
-2.234016778986739116e+00 -6.714745306324878094e+00 -1.701883497874824158e+01 -6.714745306324878094e+00 -3.467675556335696285e+01 -6.810422934674363660e+00 -1.701883497874824158e+01 -6.810422934674363660e+00 -1.829328332555288483e+01
-2.581242688100006433e+01 6.174203443723006224e+00 5.012622362218742467e+00 6.174203443723006224e+00 -1.860179387588380706e+01 5.645590262140379068e+00 5.012622362218742467e+00 5.645590262140379068e+00 -4.397059272336241165e+00
-2.587776442667413335e+01 6.171627012843943660e+00 4.840483415644253107e+00 6.171627012843943660e+00 -1.859767900066688284e+01 5.572152714350120384e+00 4.840483415644253107e+00 5.572152714350120384e+00 -4.486604146989127351e+00
-2.592202713846694806e+01 6.163286049566403690e+00 4.660967350437627665e+00 6.163286049566403690e+00 -1.857717876647808808e+01 5.482719052540934612e+00 4.660967350437627665e+00 5.482719052540934612e+00 -4.545046496353762677e+00
-2.594541890659196426e+01 6.149217624838285268e+00 4.474092702072816508e+00 6.149217624838285268e+00 -1.854096045037960749e+01 5.376751747968268269e+00 4.474092702072816508e+00 5.376751747968268269e+00 -4.573368700549500510e+00
-2.594871822095507952e+01 6.129644164346989221e+00 4.280656495929672900e+00 6.129644164346989221e+00 -1.849022885817821304e+01 5.254195194210270259e+00 4.280656495929672900e+00 5.254195194210270259e+00 -4.572775565383097707e+00
-2.593287039072775357e+01 6.104454455248816025e+00 4.081363080018300948e+00 6.104454455248816025e+00 -1.842652243421175129e+01 5.114789894631639910e+00 4.081363080018300948e+00 5.114789894631639910e+00 -4.544935283510062263e+00
-2.589876511865958619e+01 6.074167490814368797e+00 3.876972408770654965e+00 6.074167490814368797e+00 -1.835126840997438435e+01 4.958461707336578428e+00 3.876972408770654965e+00 4.958461707336578428e+00 -4.491608724955651333e+00
-2.584807059740608892e+01 6.038449632512544518e+00 3.668188830196836392e+00 6.038449632512544518e+00 -1.826661690044432262e+01 4.785099419481382732e+00 3.668188830196836392e+00 4.785099419481382732e+00 -4.415298178703130461e+00
-2.578265890983622199e+01 5.997708660770245004e+00 3.455383053775848978e+00 5.997708660770245004e+00 -1.817475509154767011e+01 4.594202573269402734e+00 3.455383053775848978e+00 4.594202573269402734e+00 -4.318654217527358341e+00
-2.570384607460043824e+01 5.951722149900071202e+00 3.238999930882493938e+00 5.951722149900071202e+00 -1.807781456278869925e+01 4.385659955856934467e+00 3.238999930882493938e+00 4.385659955856934467e+00 -4.204012311146049008e+00
-1.111286655901741938e+01 1.891945421601700517e+01 2.270805148048528466e+01 1.891945421601700517e+01 2.341343984013906621e+01 -6.439066901073051241e+00 2.270805148048528466e+01 -6.439066901073051241e+00 1.678974470333917424e+01
-1.113749443517829896e+01 1.881936192865857294e+01 2.258263074280822735e+01 1.881936192865857294e+01 2.343086437688308621e+01 -6.385284361885839921e+00 2.258263074280822735e+01 -6.385284361885839921e+00 1.676975139468340714e+01
-1.116404439941300097e+01 1.870290494751271737e+01 2.241927121997305505e+01 1.870290494751271737e+01 2.341124830046610583e+01 -6.329058794866477378e+00 2.241927121997305505e+01 -6.329058794866477378e+00 1.668286223568255977e+01
-1.119289368396031570e+01 1.857096348113660866e+01 2.221860163237775510e+01 1.857096348113660866e+01 2.335399881737003369e+01 -6.270749468813808569e+00 2.221860163237775510e+01 -6.270749468813808569e+00 1.652977780049437584e+01
-1.122409617914007107e+01 1.842547758104401723e+01 2.198160996921914290e+01 1.842547758104401723e+01 2.325945723295376766e+01 -6.210625835326969657e+00 2.198160996921914290e+01 -6.210625835326969657e+00 1.631146811487574766e+01
-1.125820875159047674e+01 1.826777654179066701e+01 2.170896087777508754e+01 1.826777654179066701e+01 2.312756965689748867e+01 -6.148975309445035897e+00 2.170896087777508754e+01 -6.148975309445035897e+00 1.602872357018412330e+01
-1.129620142706841612e+01 1.810032135464865277e+01 2.140173216444213011e+01 1.810032135464865277e+01 2.295847979672072725e+01 -6.086049379327199915e+00 2.140173216444213011e+01 -6.086049379327199915e+00 1.568208306961778753e+01
-1.133875681629169740e+01 1.792435149697399410e+01 2.106024717113922762e+01 1.792435149697399410e+01 2.275249303090250663e+01 -6.022009715932941099e+00 2.106024717113922762e+01 -6.022009715932941099e+00 1.527305554213187833e+01
-1.138747366541518247e+01 1.774268722883763161e+01 2.068552981394308787e+01 1.774268722883763161e+01 2.250944768848334476e+01 -5.956982063341857092e+00 2.068552981394308787e+01 -5.956982063341857092e+00 1.480173080492611426e+01
-1.144366330555466149e+01 1.755646024695592899e+01 2.027763398317354770e+01 1.755646024695592899e+01 2.222981081890173982e+01 -5.890948458114005248e+00 2.027763398317354770e+01 -5.890948458114005248e+00 1.426999501919443603e+01
4.863089559829296604e+01 2.940834370549281207e+00 -5.729298642465425750e+00 2.940834370549281207e+00 3.101187978937507594e+01 -4.083912123745088607e+00 -5.729298642465425750e+00 -4.083912123745088607e+00 4.774259638922685411e+01
4.842659644463807922e+01 2.929927370624471727e+00 -5.756945816325464982e+00 2.929927370624471727e+00 3.107635534589261894e+01 -4.005319595805876709e+00 -5.756945816325464982e+00 -4.005319595805876709e+00 4.757096646161256359e+01
4.813688788809096053e+01 2.915499756799881936e+00 -5.758775154920448891e+00 2.915499756799881936e+00 3.107847806897925125e+01 -3.923275485611978475e+00 -5.758775154920448891e+00 -3.923275485611978475e+00 4.720761839766171164e+01
4.776351297769024740e+01 2.897758624010793316e+00 -5.735580522168954865e+00 2.897758624010793316e+00 3.101686732573309158e+01 -3.838021403921221708e+00 -5.735580522168954865e+00 -3.838021403921221708e+00 4.665243139199538547e+01
4.730923297923968107e+01 2.876911067192486904e+00 -5.688173039900836336e+00 2.876911067192486904e+00 3.089064296267920895e+01 -3.749902508959074510e+00 -5.688173039900836336e+00 -3.749902508959074510e+00 4.590801138921587210e+01
4.677649851614008725e+01 2.853164181280243739e+00 -5.617588182792496276e+00 2.853164181280243739e+00 3.069825176780298293e+01 -3.659367506418647054e+00 -5.617588182792496276e+00 -3.659367506418647054e+00 4.497675723899017441e+01
4.616845052824324114e+01 2.826707803298071475e+00 -5.524999488810530934e+00 2.826707803298071475e+00 3.043893439300838466e+01 -3.566968649460689367e+00 -5.524999488810530934e+00 -3.566968649460689367e+00 4.386215503939552462e+01
4.548857511362636785e+01 2.797818059826345127e+00 -5.411735817122992565e+00 2.797818059826345127e+00 3.011206955348957237e+01 -3.473413512447410589e+00 -5.411735817122992565e+00 -3.473413512447410589e+00 4.256841572078265301e+01
4.473977160138339570e+01 2.766650272066526028e+00 -5.279143284809210357e+00 2.766650272066526028e+00 2.971627661634466833e+01 -3.379392411829750031e+00 -5.279143284809210357e+00 -3.379392411829750031e+00 4.109973295559099427e+01
4.392645801680033912e+01 2.733463308687714921e+00 -5.128671556416151134e+00 2.733463308687714921e+00 2.925207331891187934e+01 -3.285664695703737870e+00 -5.128671556416151134e+00 -3.285664695703737870e+00 3.946221604441134190e+01
6.544026411574209590e+01 -6.542170774396158350e+00 -2.395668231256460334e+00 -6.542170774396158350e+00 4.632523718624856457e+01 9.077841412817907241e+00 -2.395668231256460334e+00 9.077841412817907241e+00 7.498096510131180992e+01
6.516049633535763519e+01 -6.673250546590336896e+00 -2.253600242560858113e+00 -6.673250546590336896e+00 4.602975744143677872e+01 8.896425789069441592e+00 -2.253600242560858113e+00 8.896425789069441592e+00 7.427843034705901459e+01
6.472950089736035295e+01 -6.785672361027090815e+00 -2.096565253268555029e+00 -6.785672361027090815e+00 4.561840195897362094e+01 8.681452930951451208e+00 -2.096565253268555029e+00 8.681452930951451208e+00 7.324176238378370840e+01
6.415066400098025667e+01 -6.878267978972060881e+00 -1.925477537171658371e+00 -6.878267978972060881e+00 4.509332097537015471e+01 8.434141870186742551e+00 -1.925477537171658371e+00 8.434141870186742551e+00 7.187797064389206980e+01
6.342994535686222690e+01 -6.950241643606193342e+00 -1.741556125992975490e+00 -6.950241643606193342e+00 4.445852713671394696e+01 8.155864017463477111e+00 -1.741556125992975490e+00 8.155864017463477111e+00 7.019799255089705525e+01
6.257420201844704621e+01 -7.001051563052683946e+00 -1.546324809386016463e+00 -7.001051563052683946e+00 4.371843943300018509e+01 7.848278610404364031e+00 -1.546324809386016463e+00 7.848278610404364031e+00 6.821584696961096483e+01
6.159250899967115345e+01 -7.030545358346182105e+00 -1.341527479954243596e+00 -7.030545358346182105e+00 4.287915302284290675e+01 7.513569747512770292e+00 -1.341527479954243596e+00 7.513569747512770292e+00 6.595012413380662508e+01
6.049621006795516109e+01 -7.039366407340391874e+00 -1.129111202254919455e+00 -7.039366407340391874e+00 4.194779585562131530e+01 7.154141630242010663e+00 -1.129111202254919455e+00 7.154141630242010663e+00 6.342508616096714036e+01
5.929734316156177698e+01 -7.028496707812018407e+00 -9.112431437952588364e-01 -7.028496707812018407e+00 4.093203767259140591e+01 6.773058768895256598e+00 -9.112431437952588364e-01 6.773058768895256598e+00 6.066658668221376161e+01
5.801211124380665751e+01 -6.999307670449222307e+00 -6.901074030786265023e-01 -6.999307670449222307e+00 3.984374710205440806e+01 6.373521121744877505e+00 -6.901074030786265023e-01 6.373521121744877505e+00 5.770819986291212444e+01
1.873418587131820345e+01 7.083609433512266129e+00 -4.587186131913456144e+00 7.083609433512266129e+00 3.372534731815250097e+01 -1.313695365680199600e+01 -4.587186131913456144e+00 -1.313695365680199600e+01 4.061177211659184394e+01
1.885262969597226856e+01 7.111426051510389534e+00 -4.672614134324310164e+00 7.111426051510389534e+00 3.371120268168775169e+01 -1.289155821872918040e+01 -4.672614134324310164e+00 -1.289155821872918040e+01 4.073439981267545562e+01
1.892331786681961248e+01 7.128074008537588213e+00 -4.740011226390249632e+00 7.128074008537588213e+00 3.362768280474058713e+01 -1.261643803719455370e+01 -4.740011226390249632e+00 -1.261643803719455370e+01 4.069620229192535987e+01
1.894548013137947606e+01 7.133360741473667943e+00 -4.789412419587674385e+00 7.133360741473667943e+00 3.347555793979174865e+01 -1.231267846796645316e+01 -4.789412419587674385e+00 -1.231267846796645316e+01 4.049710953138875169e+01
1.891932655851025302e+01 7.127268744580435467e+00 -4.820905242607576469e+00 7.127268744580435467e+00 3.325621104015895924e+01 -1.198101475204923361e+01 -4.820905242607576469e+00 -1.198101475204923361e+01 4.014018503525045389e+01
1.883813494474354400e+01 7.109885546548883717e+00 -4.834314638067968239e+00 7.109885546548883717e+00 3.296678867051580397e+01 -1.162514060020287232e+01 -4.834314638067968239e+00 -1.162514060020287232e+01 3.961569561307185694e+01
1.870568652953032540e+01 7.081456227713794682e+00 -4.829885686303636128e+00 7.081456227713794682e+00 3.261194735722317972e+01 -1.124549365588234373e+01 -4.829885686303636128e+00 -1.124549365588234373e+01 3.893535260370803286e+01
1.851991563576311606e+01 7.042208362671759758e+00 -4.807740927481969351e+00 7.042208362671759758e+00 3.219179213471028334e+01 -1.084457723965009635e+01 -4.807740927481969351e+00 -1.084457723965009635e+01 3.809667019233476282e+01
1.827742615023132444e+01 6.993122272761916669e+00 -4.767880361602970574e+00 6.993122272761916669e+00 3.170695320955229590e+01 -1.042517476387976139e+01 -4.767880361602970574e+00 -1.042517476387976139e+01 3.710029609126538475e+01
1.797699267126101930e+01 6.934040406340476359e+00 -4.710794149336209991e+00 6.934040406340476359e+00 3.115800827110976101e+01 -9.989947100777580857e+00 -4.710794149336209991e+00 -9.989947100777580857e+00 3.594691302428967106e+01
2.195952623263164583e+01 -4.924649167735671185e+00 2.513649019136089890e+01 -4.924649167735671185e+00 2.314550745273175281e+01 -8.550706318169622122e+00 2.513649019136089890e+01 -8.550706318169622122e+00 5.145727848955219486e+01
2.173097347654878320e+01 -4.910272575223554981e+00 2.499333790128598665e+01 -4.910272575223554981e+00 2.307322124428364063e+01 -8.541869973503638747e+00 2.499333790128598665e+01 -8.541869973503638747e+00 5.104931637837606218e+01
2.142582153426417690e+01 -4.886638859728027917e+00 2.478931301462318970e+01 -4.886638859728027917e+00 2.292807025720094671e+01 -8.519375865951143822e+00 2.478931301462318970e+01 -8.519375865951143822e+00 5.042863329531029137e+01
2.104629702437420846e+01 -4.854011007697481617e+00 2.452566033389489419e+01 -4.854011007697481617e+00 2.271037007522174633e+01 -8.483486981960531637e+00 2.452566033389489419e+01 -8.483486981960531637e+00 4.959984026941669555e+01
2.059369734669094498e+01 -4.812844862309129113e+00 2.420394024536156508e+01 -4.812844862309129113e+00 2.241957719301935725e+01 -8.434729294428587210e+00 2.420394024536156508e+01 -8.434729294428587210e+00 4.856735547302826461e+01
2.006947769289549299e+01 -4.763824188328793063e+00 2.382601118659184181e+01 -4.763824188328793063e+00 2.205516563769700156e+01 -8.373839165410808860e+00 2.382601118659184181e+01 -8.373839165410808860e+00 4.733624577838402558e+01
1.947604000588317064e+01 -4.707825607251111322e+00 2.339438029506039740e+01 -4.707825607251111322e+00 2.161738086327317632e+01 -8.301798410981191978e+00 2.339438029506039740e+01 -8.301798410981191978e+00 4.591331376828239286e+01
1.881601415013790302e+01 -4.645725740570727069e+00 2.291169496768104707e+01 -4.645725740570727069e+00 2.110690663451369886e+01 -8.219764171512666806e+00 2.291169496768104707e+01 -8.219764171512666806e+00 4.430669449019364237e+01
1.809188973070446949e+01 -4.578962247538851393e+00 2.238133896342310791e+01 -4.578962247538851393e+00 2.052395334057728604e+01 -8.128963717097729358e+00 2.238133896342310791e+01 -8.128963717097729358e+00 4.252531195093321514e+01
1.730733102543046797e+01 -4.508289022640876276e+00 2.180673110611568077e+01 -4.508289022640876276e+00 1.987065993791086527e+01 -8.031010031286520245e+00 2.180673110611568077e+01 -8.031010031286520245e+00 4.058042197049230282e+01
-2.341094781478500408e+01 3.243714953053793426e+00 -2.201175117135268167e+01 3.243714953053793426e+00 2.798726182333360901e-01 -9.802754373322448700e+00 -2.201175117135268167e+01 -9.802754373322448700e+00 -3.568206660611767234e+01
-2.339188030210420166e+01 3.210258958447032462e+00 -2.218274847712057252e+01 3.210258958447032462e+00 4.346690111899886300e-01 -9.867410071025730645e+00 -2.218274847712057252e+01 -9.867410071025730645e+00 -3.543574245345462970e+01
-2.331315052375097707e+01 3.172919183371825991e+00 -2.232306391718772787e+01 3.172919183371825991e+00 6.361077581534126946e-01 -9.919711648000809845e+00 -2.232306391718772787e+01 -9.919711648000809845e+00 -3.505466961272919946e+01
-2.317544276485548949e+01 3.131788098791707053e+00 -2.243369617796033211e+01 3.131788098791707053e+00 8.825613701654022591e-01 -9.959455668127912276e+00 -2.243369617796033211e+01 -9.959455668127912276e+00 -3.454169618961825705e+01
