-2.041573189148481848e+00 6.373016249871245043e-01 1.534611505484642091e+00 6.373016249871243932e-01 -1.304803682691957345e+00 2.657916600393118056e+00 1.534611505484642091e+00 2.657916600393118056e+00 -2.132160885341846945e-01
-2.145825154867637696e+00 6.285871171869038543e-01 1.372253408736060054e+00 6.285871171869038543e-01 -1.331671202848585756e+00 2.685922609169467901e+00 1.372253408736060054e+00 2.685922609169467901e+00 -4.016585326538301137e-01
-2.236297459159217738e+00 6.198572099992956108e-01 1.213219155495623092e+00 6.198572099992954998e-01 -1.346405514034224371e+00 2.718419877130729745e+00 1.213219155495623092e+00 2.718419877130729745e+00 -5.708787986620481592e-01
-2.312586956554123496e+00 6.111462958211593133e-01 1.057568964290802160e+00 6.111462958211593133e-01 -1.348939604962659633e+00 2.755331876304757177e+00 1.057568964290802160e+00 2.755331876304757177e+00 -7.206779740854377669e-01
-2.375041917819720183e+00 6.025508460537173372e-01 9.056052260564640966e-01 6.025508460537173372e-01 -1.340136762659061453e+00 2.796567542782173899e+00 9.056052260564640966e-01 2.796567542782173899e+00 -8.515442986314384344e-01
-2.424565690778126559e+00 5.941600641295335938e-01 7.575851243471675156e-01 5.941600641295335938e-01 -1.321173178795962855e+00 2.841957511174009632e+00 7.575851243471675156e-01 2.841957511174009632e+00 -9.647978278053507273e-01
-2.462363063766551452e+00 5.860770402696792170e-01 6.137568012414081897e-01 5.860770402696794390e-01 -1.293719254424411158e+00 2.891316755795375393e+00 6.137568012414081897e-01 2.891316755795375393e+00 -1.062391520436933634e+00
-2.489945586159581836e+00 5.783530384950386072e-01 4.743388517332919330e-01 5.783530384950386072e-01 -1.259644952217643832e+00 2.944372908005726153e+00 4.743388517332919330e-01 2.944372908005726153e+00 -1.146893155728278435e+00
-2.508898437437882656e+00 5.711116546350365475e-01 3.393612981171414966e-01 5.711116546350366585e-01 -1.221144429689622779e+00 3.000816308901580687e+00 3.393612981171414966e-01 3.000816308901580687e+00 -1.221196006019768854e+00
-2.521029113029934710e+00 5.644107715304063078e-01 2.089529697752011972e-01 5.644107715304063078e-01 -1.180334192023513085e+00 3.060363774858884334e+00 2.089529697752011972e-01 3.060363774858884334e+00 -1.288319924316681186e+00
2.539477114876654440e+01 -2.179332292154624096e+00 -2.021853791769483877e+00 -2.179332292154624096e+00 5.017440384216978089e+01 -5.670302493140014555e+00 -2.021853791769483877e+00 -5.670302493140014555e+00 1.390962277596983299e+01
2.537643627595433671e+01 -2.208327782302714759e+00 -2.186659296251925788e+00 -2.208327782302714759e+00 5.028573263428329199e+01 -5.568453663673725629e+00 -2.186659296251925788e+00 -5.568453663673725629e+00 1.402261837470263295e+01
2.535747635065989769e+01 -2.233225706178381120e+00 -2.341255610191208092e+00 -2.233225706178381120e+00 5.036790967312815326e+01 -5.443217453830504482e+00 -2.341255610191208092e+00 -5.443217453830504482e+00 1.408772800826870508e+01
2.533823862426224238e+01 -2.253748262678406888e+00 -2.485677458725232380e+00 -2.253748262678406888e+00 5.042046616934268854e+01 -5.294507050765595579e+00 -2.485677458725232380e+00 -5.294507050765595579e+00 1.410380574711728840e+01
2.531835848281340162e+01 -2.269756551251185250e+00 -2.619733853595537454e+00 -2.269756551251185250e+00 5.044225619337612443e+01 -5.122565530444310511e+00 -2.619733853595537454e+00 -5.122565530444310511e+00 1.406939313545649917e+01
2.529691571015897367e+01 -2.281094308776157487e+00 -2.743251169112614463e+00 -2.281094308776157487e+00 5.043209909053982187e+01 -4.927757506814622879e+00 -2.743251169112614463e+00 -4.927757506814622879e+00 1.398268446611544213e+01
2.527302481528246147e+01 -2.287778897822274171e+00 -2.856159955000659778e+00 -2.287778897822274171e+00 5.038888365642090150e+01 -4.710517044100303252e+00 -2.856159955000659778e+00 -4.710517044100303252e+00 1.384201293247482489e+01
2.524508844184037670e+01 -2.289810318389535748e+00 -2.958356035845966847e+00 -2.289810318389535748e+00 5.031135978605490067e+01 -4.471330294231980140e+00 -2.958356035845966847e+00 -4.471330294231980140e+00 1.364510403800207072e+01
2.521150923348923811e+01 -2.287275383322696864e+00 -3.049787323941683503e+00 -2.287275383322696864e+00 5.019839891246000008e+01 -4.210770221985033146e+00 -3.049787323941683503e+00 -4.210770221985033146e+00 1.338968328616460468e+01
2.517042939535128454e+01 -2.280365080880217388e+00 -3.130453819287809747e+00 -2.280365080880217388e+00 5.004885510608544763e+01 -3.929322979290091666e+00 -3.130453819287809747e+00 -3.929322979290091666e+00 1.307330255474034608e+01
5.205308619250642010e+01 8.103006888356004689e-01 -3.491326483594028307e+00 8.103006888356004689e-01 6.871955692469529708e+01 -1.431728460378484513e+01 -3.491326483594028307e+00 -1.431728460378484513e+01 7.953810160553139497e+01
5.186376611537961168e+01 8.942356155887674074e-01 -3.590626225699167229e+00 8.942356155887674074e-01 6.861430625848228715e+01 -1.409780645363677110e+01 -3.590626225699167229e+00 -1.409780645363677110e+01 7.918916564025690263e+01
5.154544210716851893e+01 9.770946690568946824e-01 -3.672190869121231049e+00 9.770946690568946824e-01 6.835101989300899561e+01 -1.381984450413474441e+01 -3.672190869121231049e+00 -1.381984450413474441e+01 7.848767944789101136e+01
5.110098876680661562e+01 1.057869218035257797e+00 -3.735499287737779284e+00 1.057869218035257797e+00 6.793190000640576898e+01 -1.348428971284294242e+01 -3.735499287737779284e+00 -1.348428971284294242e+01 7.743888791069828414e+01
5.053158283069941348e+01 1.135180799877399727e+00 -3.780013544906292822e+00 1.135180799877399727e+00 6.735827462975879598e+01 -1.309252054240782215e+01 -3.780013544906292822e+00 -1.309252054240782215e+01 7.604512769096963609e+01
4.984062002390281521e+01 1.208104835978989655e+00 -3.804926735662990556e+00 1.208104835978989655e+00 6.663394294060589118e+01 -1.264720986552190318e+01 -3.804926735662990556e+00 -1.264720986552190318e+01 7.431633380607165407e+01
4.903669052217705371e+01 1.275615884615224127e+00 -3.809734544405511514e+00 1.275615884615224127e+00 6.576838607227145417e+01 -1.215099693383754875e+01 -3.809734544405511514e+00 -1.215099693383754875e+01 7.227298146946020552e+01
4.812539222870836397e+01 1.336839798742008201e+00 -3.794100760732279642e+00 1.336839798742008201e+00 6.476910151671062010e+01 -1.160808437737444443e+01 -3.794100760732279642e+00 -1.160808437737444443e+01 6.993215016953531915e+01
4.711550023497784423e+01 1.390969673395562767e+00 -3.757941332042901816e+00 1.390969673395562767e+00 6.364750361705684867e+01 -1.102356578371645135e+01 -3.757941332042901816e+00 -1.102356578371645135e+01 6.731850093925248757e+01
4.601767241071541292e+01 1.437400329853052883e+00 -3.701609279259032270e+00 1.437400329853052883e+00 6.241746105237510278e+01 -1.040340888749151915e+01 -3.701609279259032270e+00 -1.040340888749151915e+01 6.446227590423339393e+01
-2.935480618027486699e+01 1.360031173188678055e+00 -1.485915900722172722e+01 1.360031173188678055e+00 -1.335233783356805581e+01 -3.630457457420642076e+00 -1.485915900722172722e+01 -3.630457457420642076e+00 -2.361798185090666280e+01
-2.930895867728333570e+01 1.344860087751625688e+00 -1.468054129508096040e+01 1.344860087751625688e+00 -1.328041908950722139e+01 -3.551556671591957759e+00 -1.468054129508096040e+01 -3.551556671591957759e+00 -2.346981772520012655e+01
-2.921841496542156591e+01 1.328389154113112314e+00 -1.447910196237454272e+01 1.328389154113112314e+00 -1.317496426184868952e+01 -3.460325897109413962e+00 -1.447910196237454272e+01 -3.460325897109413962e+00 -2.322754458970781144e+01
-2.908297078282932446e+01 1.310692649313221381e+00 -1.425459960872220222e+01 1.310692649313221381e+00 -1.303591764281240017e+01 -3.356598010632823481e+00 -1.425459960872220222e+01 -3.356598010632823481e+00 -2.289227660003096787e+01
-2.890366600806778408e+01 1.292067681512286903e+00 -1.400705280338395831e+01 1.292067681512286903e+00 -1.286470906541996051e+01 -3.240484427722311711e+00 -1.400705280338395831e+01 -3.240484427722311711e+00 -2.246648346775237925e+01
-2.868174478155834350e+01 1.272737081830559225e+00 -1.373629442301962555e+01 1.272737081830559225e+00 -1.266282407047304126e+01 -3.112152271718065855e+00 -1.373629442301962555e+01 -3.112152271718065855e+00 -2.195282059705501965e+01
-2.841897118300298430e+01 1.252905112128268161e+00 -1.344219448280905560e+01 1.252905112128268161e+00 -1.243217529175379177e+01 -2.971768665960274891e+00 -1.344219448280905560e+01 -2.971768665960274891e+00 -2.135492756290298644e+01
-2.811733212322394593e+01 1.232776034265643084e+00 -1.312441873607187581e+01 1.232776034265643084e+00 -1.217480534786450797e+01 -2.819537872309166637e+00 -1.312441873607187581e+01 -2.819537872309166637e+00 -2.067672247916068073e+01
-2.777905591342371849e+01 1.212535540842892612e+00 -1.278254008982760226e+01 1.212535540842892612e+00 -1.189305396556781957e+01 -2.655775568185097413e+00 -1.278254008982760226e+01 -2.655775568185097413e+00 -1.992269910675315714e+01
-2.740650084962496535e+01 1.192406462980267534e+00 -1.241596432775557091e+01 1.192406462980267534e+00 -1.158920516384629096e+01 -2.480704584708317562e+00 -1.241596432775557091e+01 -2.480704584708317562e+00 -1.909727692956538192e+01
-3.572877587399796084e+01 -1.413165419530098221e+00 1.546724809343930573e+01 -1.413165419530098221e+00 -2.304275062070279390e+01 -1.242586749210487973e+01 1.546724809343930573e+01 -1.242586749210487973e+01 -1.888979877863749479e+01
-3.569408317715720358e+01 -1.378997234304645714e+00 1.563454856616327149e+01 -1.378997234304645714e+00 -2.288273711292000101e+01 -1.254111018701002322e+01 1.563454856616327149e+01 -1.254111018701002322e+01 -1.862640028496694100e+01
-3.561937773709190935e+01 -1.343648897944761833e+00 1.578103716729432371e+01 -1.343648897944761833e+00 -2.269445617558391248e+01 -1.262604360357373068e+01 1.578103716729432371e+01 -1.262604360357373068e+01 -1.828410025830866914e+01
-3.550540885610963926e+01 -1.307101677892756442e+00 1.590690122240935445e+01 -1.307101677892756442e+00 -2.247910669238665449e+01 -1.268083633481520422e+01 1.590690122240935445e+01 -1.268083633481520422e+01 -1.786617689625831673e+01
-3.535341288301790996e+01 -1.269261911360183293e+00 1.601195340593146810e+01 -1.269261911360183293e+00 -2.223813107027030611e+01 -1.270526359004217198e+01 1.601195340593146810e+01 -1.270526359004217198e+01 -1.737555247781542889e+01
-3.516458870150882632e+01 -1.230017203000905335e+00 1.609580033414918887e+01 -1.230017203000905335e+00 -2.197321523942691712e+01 -1.269928790413925590e+01 1.609580033414918887e+01 -1.269928790413925590e+01 -1.681516801453724952e+01
-3.494039745108217687e+01 -1.189348820257233763e+00 1.615812355358179886e+01 -1.189348820257233763e+00 -2.168626992074079496e+01 -1.266281561431800817e+01 1.615812355358179886e+01 -1.266281561431800817e+01 -1.618845156448092482e+01
-3.468261872471844498e+01 -1.147163100340721442e+00 1.619845475028706261e+01 -1.147163100340721442e+00 -2.137929949788471973e+01 -1.259573432523229286e+01 1.619845475028706261e+01 -1.259573432523229286e+01 -1.549898104616513805e+01
-3.439288225493660889e+01 -1.103441310693678679e+00 1.621632561032274111e+01 -1.103441310693678679e+00 -2.105427088941606328e+01 -1.249796910665135208e+01 1.621632561032274111e+01 -1.249796910665135208e+01 -1.475020325020473067e+01
-3.407296763471715906e+01 -1.058033590854590811e+00 1.621109922672739856e+01 -1.058033590854590811e+00 -2.071330087435373812e+01 -1.236937009811367183e+01 1.621109922672739856e+01 -1.236937009811367183e+01 -1.394556496721455474e+01
1.940848818234542605e+01 1.616954026983604464e+01 3.012895953159745233e+01 1.616954026983604464e+01 1.239197734192760336e+01 1.457115990513225690e+01 3.012895953159745233e+01 1.457115990513225690e+01 4.232780115917406505e+01
1.937136911207334578e+01 1.621799637298856211e+01 3.012509222598870906e+01 1.621799637298856211e+01 1.228551165464387829e+01 1.463577392897885510e+01 3.012509222598870906e+01 1.463577392897885510e+01 4.211310389163458723e+01
1.926308455502842776e+01 1.623706801708649294e+01 3.004055892941760320e+01 1.623706801708649294e+01 1.213435121623805735e+01 1.467319320105618452e+01 3.004055892941760320e+01 1.467319320105618452e+01 4.173032893101723317e+01
1.908365217014039672e+01 1.622709072179452150e+01 2.987608365800267052e+01 1.622709072179452150e+01 1.193854900349930226e+01 1.468368260531004843e+01 2.987608365800267052e+01 1.468368260531004843e+01 4.118028858808914094e+01
1.883337215921449825e+01 1.618854127821509081e+01 2.963299083147294155e+01 1.618854127821509081e+01 1.169801672177901253e+01 1.466775425070233041e+01 2.963299083147294155e+01 1.466775425070233041e+01 4.046520788799506363e+01
1.851261535977485906e+01 1.612242624534226465e+01 2.931325824995707663e+01 1.612242624534226465e+01 1.141263075856914710e+01 1.462611449442185041e+01 2.931325824995707663e+01 1.462611449442185041e+01 3.958782396484165389e+01
1.812258257904245795e+01 1.603022897327254981e+01 2.891944645826453097e+01 1.603022897327254981e+01 1.108237345493998127e+01 1.455989350797070259e+01 2.891944645826453097e+01 1.455989350797070259e+01 3.855203944209709732e+01
1.766450994209771608e+01 1.591378599069684796e+01 2.845485767625299545e+01 1.591378599069684796e+01 1.070712119838347753e+01 1.447039805214819097e+01 2.845485767625299545e+01 1.447039805214819097e+01 3.736237500576979897e+01
1.714033993120986921e+01 1.577533998168965113e+01 2.792321793809346175e+01 1.577533998168965113e+01 1.028682101211047240e+01 1.435934104313718329e+01 2.792321793809346175e+01 1.435934104313718329e+01 3.602471107945660833e+01
1.655279202155584528e+01 1.561755744463871487e+01 2.732881836370795980e+01 1.561755744463871487e+01 9.822020322942295323e+00 1.422843539712055438e+01 2.732881836370795980e+01 1.422843539712055438e+01 3.454598762253761635e+01
-2.542222083891222795e+01 -4.915905657067431989e+00 -1.071054620227521781e+01 -4.915905657067431989e+00 -2.357810760481067547e+01 1.904201834653608572e+01 -1.071054620227521781e+01 1.904201834653608572e+01 -2.635064225973657415e+01
-2.522939154922090310e+01 -4.975858002289437643e+00 -1.066104632072828196e+01 -4.975858002289437643e+00 -2.349962080167912859e+01 1.896151571112434198e+01 -1.066104632072828196e+01 1.896151571112434198e+01 -2.598730715634567545e+01
-2.499120603322525369e+01 -5.029856176239395182e+00 -1.058547127533478793e+01 -5.029856176239395182e+00 -2.337635639076812666e+01 1.885663643721324334e+01 -1.058547127533478793e+01 1.885663643721324334e+01 -2.551577038880409987e+01
-2.470904550933949295e+01 -5.077246899937612135e+00 -1.048327977779727682e+01 -5.077246899937612135e+00 -2.320874366969290747e+01 1.872730586434796152e+01 -1.048327977779727682e+01 1.872730586434796152e+01 -2.493821577541539369e+01
-2.438561641905091193e+01 -5.117376894404396914e+00 -1.035424784675128684e+01 -5.117376894404396914e+00 -2.299801453595802059e+01 1.857354265764220713e+01 -1.035424784675128684e+01 1.857354265764220713e+01 -2.425891762721810707e+01
-2.402334522714122755e+01 -5.149686206228584417e+00 -1.019830082174198793e+01 -5.149686206228584417e+00 -2.274540088706804042e+01 1.839544014266450489e+01 -1.019830082174198793e+01 1.839544014266450489e+01 -2.348203826456856547e+01
-2.362527434714442975e+01 -5.173614881999012205e+00 -1.001551336322421015e+01 -5.173614881999012205e+00 -2.245269457393868251e+01 1.819309164498338305e+01 -1.001551336322421015e+01 1.819309164498338305e+01 -2.261271059373577330e+01
-2.319461417861785790e+01 -5.188696293873040766e+00 -9.805997461880183508e+00 -5.188696293873040766e+00 -2.212194875907755076e+01 1.796645983437143101e+01 -9.805997461880183508e+00 1.796645983437143101e+01 -2.165634749769431977e+01
-2.273468711180109381e+01 -5.194613134917678288e+00 -9.569995764188076848e+00 -5.194613134917678288e+00 -2.175551524681154092e+01 1.771552604571494172e+01 -9.569995764188076848e+00 1.771552604571494172e+01 -2.061888448260255302e+01
-2.224896485784335454e+01 -5.190973437745109997e+00 -9.307788246853474945e+00 -5.190973437745109997e+00 -2.135596982283200873e+01 1.744021561855909042e+01 -9.307788246853474945e+00 1.744021561855909042e+01 -1.950668635223404124e+01
-2.295840989155670897e+01 1.805294378122108512e+01 4.100040810629632659e+00 1.805294378122108512e+01 -2.234540203748401410e+01 -1.284429483453365828e+00 4.100040810629632659e+00 -1.284429483453365828e+00 -4.158834406449692267e+01
-2.300718782628697312e+01 1.806155055144583343e+01 4.076372192511573012e+00 1.806155055144583343e+01 -2.238409508275527315e+01 -1.431848489107268030e+00 4.076372192511573012e+00 -1.431848489107268030e+00 -4.171890502673235090e+01
-2.299932947086437451e+01 1.805863173371744068e+01 4.048082112990225134e+00 1.805863173371744068e+01 -2.236212910831211076e+01 -1.574028591146105605e+00 4.048082112990225134e+00 -1.574028591146105605e+00 -4.169604095452660886e+01
-2.293397414826644720e+01 1.804401893470542007e+01 4.014665392074135752e+00 1.804401893470542007e+01 -2.227854988528177671e+01 -1.711231734750632283e+00 4.014665392074135752e+00 -1.711231734750632283e+00 -4.151889117085721637e+01
-2.281170187996485410e+01 1.801761860255950509e+01 3.975841374212497836e+00 1.801761860255950509e+01 -2.213399356624610803e+01 -1.843439209550793434e+00 3.975841374212497836e+00 -1.843439209550793434e+00 -4.118855958755735003e+01
-2.263322366002163832e+01 1.797937460616953942e+01 3.931310693484450169e+00 1.797937460616953942e+01 -2.192937695933773412e+01 -1.970538753326267267e+00 3.931310693484450169e+00 -1.970538753326267267e+00 -4.070689853126233260e+01
-2.239968082101009017e+01 1.792919339368524234e+01 3.880848825449347395e+00 1.792919339368524234e+01 -2.166597236972031837e+01 -2.092418103856730216e+00 3.880848825449347395e+00 -2.092418103856730216e+00 -4.007641519155939136e+01
-2.211242050957407557e+01 1.786700012362640777e+01 3.824306087146759570e+00 1.786700012362640777e+01 -2.134537017884843024e+01 -2.208871447071591110e+00 3.824306087146759570e+00 -2.208871447071591110e+00 -3.930030904172770079e+01
-2.177290213457779444e+01 1.779275737525292200e+01 3.761532795616255420e+00 1.779275737525292200e+01 -2.096910463706647931e+01 -2.319692968900257224e+00 3.761532795616255420e+00 -2.319692968900257224e+00 -3.838172342393631453e+01
-2.138256639451538632e+01 1.770633417597441195e+01 3.692454109377619975e+00 1.770633417597441195e+01 -2.053889709841942235e+01 -2.424620724161976160e+00 3.692454109377619975e+00 -2.424620724161976160e+00 -3.732421330849545171e+01
-1.347797150573906499e+01 3.728601945221254876e+00 -1.877866185690630729e+01 3.728601945221254876e+00 -2.286460074781725282e+01 -4.962915446484094772e+00 -1.877866185690630729e+01 -4.962915446484094772e+00 2.455429951453383097e+01
-1.347740369368737667e+01 3.589121662201777863e+00 -1.855107912328621467e+01 3.589121662201777863e+00 -2.281635503994156977e+01 -5.020594161024912516e+00 -1.855107912328621467e+01 -5.020594161024912516e+00 2.459646413850111557e+01
-1.351207686187593460e+01 3.444109790807792670e+00 -1.826979235948711988e+01 3.444109790807792670e+00 -2.278199325255555507e+01 -5.055725242158381150e+00 -1.826979235948711988e+01 -5.055725242158381150e+00 2.454900604089067429e+01
-1.358213754244711069e+01 3.295013335945212507e+00 -1.793580897398782170e+01 3.295013335945212507e+00 -2.276235794547782731e+01 -5.069132933185335865e+00 -1.793580897398782170e+01 -5.069132933185335865e+00 2.441033168465424197e+01
-1.368784216665005182e+01 3.143407518144528456e+00 -1.755075913687220179e+01 3.143407518144528456e+00 -2.275891444013210574e+01 -5.061513261782039308e+00 -1.755075913687220179e+01 -5.061513261782039308e+00 2.418011137247146891e+01
-1.382957538135848452e+01 2.990959140525210280e+00 -1.711641955036650842e+01 2.990959140525210280e+00 -2.277345775526243443e+01 -5.033653838213735909e+00 -1.711641955036650842e+01 -5.033653838213735909e+00 2.385819857219999207e+01
-1.400777678299952100e+01 2.839298373171136536e+00 -1.663476839839275101e+01 2.839298373171136536e+00 -2.280811260693319653e+01 -4.986342272745671877e+00 -1.663476839839275101e+01 -4.986342272745671877e+00 2.344431853607285987e+01
-1.422294091755366452e+01 2.690073702683982493e+00 -1.610780218139073483e+01 2.690073702683982493e+00 -2.286537004156470232e+01 -4.920439441714275830e+00 -1.610780218139073483e+01 -4.920439441714275830e+00 2.293817819980533557e+01
-1.447565391359039744e+01 2.544860349594236570e+00 -1.553762729890704186e+01 2.544860349594236570e+00 -2.294788595423741739e+01 -4.836732955384793087e+00 -1.553762729890704186e+01 -4.836732955384793087e+00 2.233944786607707655e+01
-1.476639200057242896e+01 2.405123635325610021e+00 -1.492635015048826475e+01 2.405123635325610021e+00 -2.305816970788945497e+01 -4.735973790986876431e+00 -1.492635015048826475e+01 -4.735973790986876431e+00 2.164783447060334964e+01
2.753679839813305819e+01 -1.129578541160335625e+00 1.154407346160798120e+01 -1.129578541160335625e+00 5.897944194492256997e+01 4.195285819357582824e+00 1.154407346160798120e+01 4.195285819357582824e+00 5.145184024759077346e+01
2.758479549388495400e+01 -1.140900229221897710e+00 1.166115000860822981e+01 -1.140900229221897710e+00 5.886428665407822081e+01 4.297627017804978244e+00 1.166115000860822981e+01 4.297627017804978244e+00 5.135570882350440769e+01
2.757541221605211490e+01 -1.152050376555254774e+00 1.176424598625972884e+01 -1.152050376555254774e+00 5.864941473792803350e+01 4.402609943466738507e+00 1.176424598625972884e+01 4.402609943466738507e+00 5.105806850599505964e+01
2.750816825059555981e+01 -1.162908904650662212e+00 1.185291538866914784e+01 -1.162908904650662212e+00 5.833666168226377380e+01 4.510063055614658367e+00 1.185291538866914784e+01 4.510063055614658367e+00 5.055905652764529634e+01
2.738193142870914087e+01 -1.173269964634273910e+00 1.192633482034109882e+01 -1.173269964634273910e+00 5.792801735953265307e+01 4.619626118719504682e+00 1.192633482034109882e+01 4.619626118719504682e+00 4.986038829573715248e+01
2.719529511642156550e+01 -1.182876245413781335e+00 1.198345788283352675e+01 -1.182876245413781335e+00 5.742571179920133773e+01 4.731041821688970472e+00 1.198345788283352675e+01 4.731041821688970472e+00 4.896427668566448688e+01
2.694686983383437351e+01 -1.191418973678414872e+00 1.202311809919463492e+01 -1.191418973678414872e+00 5.683255826921239873e+01 4.844121469722030504e+00 1.202311809919463492e+01 4.844121469722030504e+00 4.787355211944269229e+01
2.663507740624807596e+01 -1.198572222044584024e+00 1.204408037618134664e+01 -1.198572222044584024e+00 5.615157588638223274e+01 4.958710676163298636e+00 1.204408037618134664e+01 4.958710676163298636e+00 4.659164541163588069e+01
2.625890574336625249e+01 -1.203992909055877414e+00 1.204493807982237463e+01 -1.203992909055877414e+00 5.538657285487702353e+01 5.074706516575851367e+00 1.204493807982237463e+01 5.074706516575851367e+00 4.512299946710457021e+01
2.581603904535813854e+01 -1.207337953255884333e+00 1.202455904131156039e+01 -1.207337953255884333e+00 5.454053398336754555e+01 5.191817371721739072e+00 1.202455904131156039e+01 5.191817371721739072e+00 4.347109656263134525e+01
1.319438940968614560e+01 9.491110233065180424e+00 -1.024196134223958232e+01 9.491110233065180424e+00 3.042331686801851021e+01 -1.818799042735290250e+00 -1.024196134223958232e+01 -1.818799042735290250e+00 4.713052429448654834e+01
1.303015167056756241e+01 9.380282144559556556e+00 -1.016885786765429067e+01 9.380282144559556556e+00 3.032472520880769551e+01 -1.830562820254762579e+00 -1.016885786765429067e+01 -1.830562820254762579e+00 4.677712081150573908e+01
1.280751517876302970e+01 9.260298616109464476e+00 -1.006315892619212882e+01 9.260298616109464476e+00 3.014795344483205852e+01 -1.823508054867341022e+00 -1.006315892619212882e+01 -1.823508054867341022e+00 4.623807021454576471e+01
1.252746024906583422e+01 9.132490074934366930e+00 -9.925197124657962888e+00 9.132490074934366930e+00 2.989370180094394769e+01 -1.798212432076214062e+00 -9.925197124657962888e+00 -1.798212432076214062e+00 4.551596333556030771e+01
1.219061708384309206e+01 8.998379510088122757e+00 -9.755480126069745239e+00 8.998379510088122757e+00 2.956230288394821670e+01 -1.755253637384570187e+00 -9.755480126069745239e+00 -1.755253637384570187e+00 4.461354855709485179e+01
1.179805352599463575e+01 8.859629955595062611e+00 -9.554603121551973999e+00 8.859629955595062611e+00 2.915477201988079514e+01 -1.695244367538215391e+00 -9.554603121551973999e+00 -1.695244367538215391e+00 4.353465961021600350e+01
1.135076739593506367e+01 8.717869434236899195e+00 -9.323406380927465875e+00 8.717869434236899195e+00 2.867203700667102595e+01 -1.618867341768190249e+00 -9.323406380927465875e+00 -1.618867341768190249e+00 4.228360287776570914e+01
1.084987905342813619e+01 8.575023564357595163e+00 -9.062817702125586905e+00 8.575023564357595163e+00 2.811576087834324866e+01 -1.526822784926844312e+00 -9.062817702125586905e+00 -1.526822784926844312e+00 4.086577009110707337e+01
1.029703402687687230e+01 8.432860413709333258e+00 -8.773957444910097436e+00 8.432860413709333258e+00 2.748799179259058434e+01 -1.419845933109144864e+00 -8.773957444910097436e+00 -1.419845933109144864e+00 3.928746327391122861e+01
9.693860339062984721e+00 8.293200566908218718e+00 -8.458103519636532397e+00 8.293200566908218718e+00 2.679137309823065394e+01 -1.298794561759219368e+00 -8.458103519636532397e+00 -1.298794561759219368e+00 3.755617483209832130e+01
-3.396162958425527734e+01 5.396457066799471569e+00 2.065346709309298845e+01 5.396457066799471569e+00 -1.204455723263040667e+01 1.455074109665927828e+01 2.065346709309298845e+01 1.455074109665927828e+01 -9.352755573744872208e+00
-3.379538528685038301e+01 5.329030608745864761e+00 2.059629391461117009e+01 5.329030608745864761e+00 -1.211384116886730844e+01 1.458490012045007234e+01 2.059629391461117009e+01 1.458490012045007234e+01 -9.224608153879353623e+00
-3.359555778389150760e+01 5.257053329143185572e+00 2.051044127297927488e+01 5.257053329143185572e+00 -1.216872964918367472e+01 1.459894265551578130e+01 2.051044127297927488e+01 1.459894265551578130e+01 -9.043689778826427883e+00
-3.336307581447032078e+01 5.181008172319090832e+00 2.039544479865148929e+01 5.181008172319090832e+00 -1.220844253274252011e+01 1.459363026791156059e+01 2.039544479865148929e+01 1.459363026791156059e+01 -8.811839351987551083e+00
-3.309933248722427379e+01 5.101359507819402950e+00 2.025093299599114260e+01 5.101359507819402950e+00 -1.223273834738001931e+01 1.456966879934705439e+01 2.025093299599114260e+01 1.456966879934705439e+01 -8.529948462890711625e+00
-3.280633387859132455e+01 5.018664579099112011e+00 2.007657151892524183e+01 5.018664579099112011e+00 -1.224172854178716641e+01 1.452770836718642222e+01 2.007657151892524183e+01 1.452770836718642222e+01 -8.199688841900869107e+00
-3.248634611195510047e+01 4.933517779176871620e+00 1.987193314747164052e+01 4.933517779176871620e+00 -1.223561743856412676e+01 1.446851053748481064e+01 1.987193314747164052e+01 1.446851053748481064e+01 -7.823066565455987664e+00
-3.214187678286305783e+01 4.846494926289503624e+00 1.963668353555733503e+01 4.846494926289503624e+00 -1.221492513160221982e+01 1.439281830151554153e+01 1.963668353555733503e+01 1.439281830151554153e+01 -7.402626378667176432e+00
-3.177573068337195394e+01 4.758208988237495163e+00 1.937035831363650473e+01 4.758208988237495163e+00 -1.218033888782926866e+01 1.430131892620643441e+01 1.937035831363650473e+01 1.430131892620643441e+01 -6.941358821409542301e+00
-3.139071260553858167e+01 4.669310082384999561e+00 1.907243738781782838e+01 4.669310082384999561e+00 -1.213254597417308922e+01 1.419468110370347169e+01 1.907243738781782838e+01 1.419468110370347169e+01 -6.442347307467355400e+00
-2.207365111339425567e+01 1.148859079033104136e+00 -9.302930868055033997e+00 1.148859079033104136e+00 1.285698540173722870e+00 1.028319666638194896e+01 -9.302930868055033997e+00 1.028319666638194896e+01 -3.139229331511615229e+01
-2.213211787966272937e+01 1.141923279510381306e+00 -9.253957132433047406e+00 1.141923279510381306e+00 1.245481941349658284e+00 1.024838888734483433e+01 -9.253957132433047406e+00 1.024838888734483433e+01 -3.153062296130011433e+01
-2.213290896554993736e+01 1.134545943678519242e+00 -9.189161679066920385e+00 1.134545943678519242e+00 1.242519968609185232e+00 1.020007745618655726e+01 -9.189161679066920385e+00 1.020007745618655726e+01 -3.154727255962388810e+01
-2.207495732497545760e+01 1.126855852961017534e+00 -9.108526110610434046e+00 1.126855852961017534e+00 1.278063641494863401e+00 1.013850153840789936e+01 -9.108526110610434046e+00 1.013850153840789936e+01 -3.144207653397155511e+01
-2.195887007036436955e+01 1.119000186127588670e+00 -9.012105619102237952e+00 1.119000186127588670e+00 1.351726615736196901e+00 1.006391869685586116e+01 -9.012105619102237952e+00 1.006391869685586116e+01 -3.121578917553788912e+01
-2.178567745310464687e+01 1.111070929909303118e+00 -8.899881807196107886e+00 1.111070929909303118e+00 1.462809792177049095e+00 9.976549699685008932e+00 -8.899881807196107886e+00 9.976549699685008932e+00 -3.087023182159808954e+01
-2.155674087681614992e+01 1.103233660422088480e+00 -8.771762688160983146e+00 1.103233660422088480e+00 1.610448495545355740e+00 9.876596917703700740e+00 -8.771762688160983146e+00 9.876596917703700740e+00 -3.040770414042891900e+01
-2.127355052654221268e+01 1.095543569704586551e+00 -8.627545891188502125e+00 1.095543569704586551e+00 1.793594077106912765e+00 9.764225927027858631e+00 -8.627545891188502125e+00 9.764225927027858631e+00 -2.983087374723142560e+01
-2.093772536874967827e+01 1.088092644487868244e+00 -8.466992250777883200e+00 1.088092644487868244e+00 2.011161093435087199e+00 9.639602303773415315e+00 -8.466992250777883200e+00 9.639602303773415315e+00 -2.914279460147714573e+01
-2.055112353540617676e+01 1.080936076810576019e+00 -8.289733820004844489e+00 1.080936076810576019e+00 2.261861730294889572e+00 9.502854829363865719e+00 -8.289733820004844489e+00 9.502854829363865719e+00 -2.834663104671492206e+01
3.829615692861271015e+01 3.150180986149210050e+00 1.239643073809079432e+01 3.150180986149210050e+00 1.062392783209566183e+01 -1.443267411293994407e+01 1.239643073809079432e+01 -1.443267411293994407e+01 4.887106347239733850e+01
3.825330041221966582e+01 3.032735968731433029e+00 1.250540574310000430e+01 3.032735968731433029e+00 1.052696801994644282e+01 -1.434727543112984449e+01 1.250540574310000430e+01 -1.434727543112984449e+01 4.869624940186173490e+01
3.811194725668367767e+01 2.914173258954587009e+00 1.258331239331572071e+01 2.914173258954587009e+00 1.037782594578319895e+01 -1.421669752849300750e+01 1.258331239331572071e+01 -1.421669752849300750e+01 4.831707226904764241e+01
3.787342472168115393e+01 2.795575621291520818e+00 1.262964423438774553e+01 2.795575621291520818e+00 1.017678103269569689e+01 -1.404156910698141303e+01 1.262964423438774553e+01 -1.404156910698141303e+01 4.773423063167948044e+01
3.753935695392135585e+01 2.678078212044412432e+00 1.264392973985209423e+01 2.678078212044412432e+00 9.923379218163066895e+00 -1.382265858009192350e+01 1.264392973985209423e+01 -1.382265858009192350e+01 4.694990748264605429e+01
3.711199680206553353e+01 2.562903507230994027e+00 1.262599427027766019e+01 2.562903507230994027e+00 9.617358543038649898e+00 -1.356082168103694485e+01 1.262599427027766019e+01 -1.356082168103694485e+01 4.596763053845567271e+01
3.659396385758024905e+01 2.451169199210334160e+00 1.257597753720933120e+01 2.451169199210334160e+00 9.257933129882475853e+00 -1.325708878245999678e+01 1.257597753720933120e+01 -1.325708878245999678e+01 4.479157368151174268e+01
3.598868105331516176e+01 2.344027908227722445e+00 1.249429867528175642e+01 2.344027908227722445e+00 8.844666380116784410e+00 -1.291243786517526360e+01 1.249429867528175642e+01 -1.291243786517526360e+01 4.342727298178027695e+01
3.530023495195810312e+01 2.242492542983566040e+00 1.238174356193490588e+01 2.242492542983566040e+00 8.377296334594918292e+00 -1.252824858068847114e+01 1.238174356193490588e+01 -1.252824858068847114e+01 4.188167908861922228e+01
3.453323603449025114e+01 2.147558548235159570e+00 1.223937749769851635e+01 2.147558548235159570e+00 7.855822993316879277e+00 -1.210605775599334066e+01 1.223937749769851635e+01 -1.210605775599334066e+01 4.016287780768871585e+01
-1.121817246129043610e+01 1.435277801520530616e+01 1.146362714054786558e+01 1.435277801520530616e+01 -3.412590152555904588e+00 -1.196156557712048674e+01 1.146362714054786558e+01 -1.196156557712048674e+01 1.368655945407148167e+01
-1.121163378402740030e+01 1.440530538921836445e+01 1.133312604017309511e+01 1.440530538921836445e+01 -3.255389453357070195e+00 -1.192829097504858993e+01 1.133312604017309511e+01 -1.192829097504858993e+01 1.388395485544559449e+01
-1.121167011001219471e+01 1.444689864180823591e+01 1.118518846709689640e+01 1.444689864180823591e+01 -3.113572808718768847e+00 -1.186255910556267779e+01 1.118518846709689640e+01 -1.186255910556267779e+01 1.403517993014570919e+01
-1.121879000303194474e+01 1.447712186115738220e+01 1.101974176934967886e+01 1.447712186115738220e+01 -2.988447954093607972e+00 -1.176409752377678686e+01 1.101974176934967886e+01 -1.176409752377678686e+01 1.413796430412216232e+01
-1.123353835285857194e+01 1.449550280946347236e+01 1.083696757685541279e+01 1.449550280946347236e+01 -2.881704047774538591e+00 -1.163257929582776740e+01 1.083696757685541279e+01 -1.163257929582776740e+01 1.419041902616563178e+01
-1.125687779808913191e+01 1.450166006388616680e+01 1.063708384552286823e+01 1.450166006388616680e+01 -2.795048411046908043e+00 -1.146775013982205671e+01 1.063708384552286823e+01 -1.146775013982205671e+01 1.419063698207440005e+01
-1.128977097732068557e+01 1.449526669056230865e+01 1.042025404228362007e+01 1.449526669056230865e+01 -2.730315506142847681e+00 -1.126933761087369668e+01 1.042025404228362007e+01 -1.126933761087369668e+01 1.413683819859352653e+01
-1.133356195199063166e+01 1.447606840759833702e+01 1.018665979706164393e+01 1.447606840759833702e+01 -2.689430610256472676e+00 -1.103694212314994338e+01 1.018665979706164393e+01 -1.103694212314994338e+01 1.402697025758211780e+01
-1.138968559849836026e+01 1.444391991105507422e+01 9.936373761826528650e+00 1.444391991105507422e+01 -2.674173696642720977e+00 -1.077029123176483871e+01 9.936373761826528650e+00 -1.077029123176483871e+01 1.385916237082324720e+01
-1.145966760820524932e+01 1.439873038597053423e+01 9.669450425555464079e+00 1.439873038597053423e+01 -2.686361064541324950e+00 -1.046898535088564053e+01 9.669450425555464079e+00 -1.046898535088564053e+01 1.363143477214560662e+01
-2.911289825170153378e+01 -9.138663979658144143e+00 -5.901028036914753194e+00 -9.138663979658144143e+00 -2.877997895256386940e+01 -1.111700878036017848e+01 -5.901028036914753194e+00 -1.111700878036017848e+01 -4.753707187888954167e+01
-2.911857226274510069e+01 -9.130614801200991337e+00 -5.887248295808947596e+00 -9.130614801200991337e+00 -2.864114476207924653e+01 -1.106075878383524724e+01 -5.887248295808947596e+00 -1.106075878383524724e+01 -4.736206351168530659e+01
-2.906043721271732494e+01 -9.119530686604257141e+00 -5.868869024156198044e+00 -9.119530686604257141e+00 -2.843916127924928006e+01 -1.098839157986098414e+01 -5.868869024156198044e+00 -1.098839157986098414e+01 -4.701937963540289189e+01
-2.893790873503232319e+01 -9.105223130517652308e+00 -5.845569762861019036e+00 -9.105223130517652308e+00 -2.817421700942425034e+01 -1.089941705452664422e+01 -5.845569762861019036e+00 -1.089941705452664422e+01 -4.651077334979996891e+01
-2.875191050590649056e+01 -9.087579029731012170e+00 -5.816879248547699000e+00 -9.087579029731012170e+00 -2.784770689219626405e+01 -1.079338279499154574e+01 -5.816879248547699000e+00 -1.079338279499154574e+01 -4.583892143085056148e+01
-2.850347930476639391e+01 -9.066428729429079070e+00 -5.782326217840529914e+00 -9.066428729429079070e+00 -2.746147827999811142e+01 -1.066979868734495085e+01 -5.782326217840529914e+00 -1.066979868734495085e+01 -4.500717927378974537e+01
-2.819416087548436423e+01 -9.041564873726539275e+00 -5.741269752548539884e+00 -9.041564873726539275e+00 -2.701779323703320657e+01 -1.052832542195634602e+01 -5.741269752548539884e+00 -1.052832542195634602e+01 -4.402008985755937687e+01
-2.782595337477341957e+01 -9.012817807808135129e+00 -5.692993532340649310e+00 -9.012817807808135129e+00 -2.651944164248576641e+01 -1.036856713759013182e+01 -5.692993532340649310e+00 -1.036856713759013182e+01 -4.288328949213295971e+01
-2.740066645399629408e+01 -8.979999026323582711e+00 -5.637026293841146618e+00 -8.979999026323582711e+00 -2.596908142179479739e+01 -1.019027877729094023e+01 -5.637026293841146618e+00 -1.019027877729094023e+01 -4.160414873670663383e+01
-2.692161780731799681e+01 -8.942731518572312410e+00 -5.572123901738152085e+00 -8.942731518572312410e+00 -2.537087854320159153e+01 -9.992687469122603972e+00 -5.572123901738152085e+00 -9.992687469122603972e+00 -4.018722942075727644e+01
4.651055612466152667e+01 7.509056186665662436e-01 3.826035549089132459e+00 7.509056186665662436e-01 4.064153142686659237e+01 3.085513204820055932e+01 3.826035549089132459e+00 3.085513204820055932e+01 4.436739467131658188e+01
4.673135107576869984e+01 6.373117031296396950e-01 3.788228194447492481e+00 6.373117031296396950e-01 4.054907525960658177e+01 3.078357303696066083e+01 3.788228194447492481e+00 3.078357303696066083e+01 4.452082379051682892e+01
4.688428182529413135e+01 5.253675630679847108e-01 3.748771064330581382e+00 5.253675630679847108e-01 4.039769117458921954e+01 3.064813678153758758e+01 3.748771064330581382e+00 3.064813678153758758e+01 4.450741936478025451e+01
4.696699400615332110e+01 4.159840120252408791e-01 3.708574972282038029e+00 4.159840120252408791e-01 4.018835872600293868e+01 3.044957942902417614e+01 3.708574972282038029e+00 3.044957942902417614e+01 4.432462080508792468e+01
4.697675517771534714e+01 3.103983816078617619e-01 3.668671027973907872e+00 3.103983816078617619e-01 3.992207465319739157e+01 3.018888053360886659e+01 3.668671027973907872e+00 3.018888053360886659e+01 4.397132826112300563e+01
4.691097038063889357e+01 2.097448924550964766e-01 3.630055970755832639e+00 2.097448924550964766e-01 3.959947480713699264e+01 2.986722587141451868e+01 3.630055970755832639e+00 2.986722587141451868e+01 4.344676840063144851e+01
4.676731961816186356e+01 1.150718394001905842e-01 3.593829650944661669e+00 1.150718394001905842e-01 3.922121222394739704e+01 2.948595588501478559e+01 3.593829650944661669e+00 2.948595588501478559e+01 4.275047722426085528e+01
4.654374067094016709e+01 2.737596179278727407e-02 3.561057548534840134e+00 2.737596179278727407e-02 3.878799149523780443e+01 2.904654849827292651e+01 3.561057548534840134e+00 2.904654849827292651e+01 4.188243754685000653e+01
4.623865250414333161e+01 -5.246629714587542487e-02 3.532719217714811677e+00 -5.246629714587542487e-02 3.830036254616666014e+01 2.855075659763142681e+01 3.532719217714811677e+00 2.855075659763142681e+01 4.084313055291253391e+01
4.585100682293811758e+01 -1.236644200005632271e-01 3.509742657189415027e+00 -1.236644200005632271e-01 3.775911589414918268e+01 2.800050492114476341e+01 3.509742657189415027e+00 2.800050492114476341e+01 3.963372483341008490e+01
1.102124640890458807e+01 -1.792852563186954384e+01 -1.142116349068071557e+01 -1.792852563186954384e+01 -5.225339864172089399e+00 1.368232488346660780e+00 -1.142116349068071557e+01 1.368232488346660780e+00 -1.043190538133688783e+01
1.103165451658139418e+01 -1.787097385591359711e+01 -1.148693694891607997e+01 -1.787097385591359711e+01 -5.127330183548843401e+00 1.427591227440939470e+00 -1.148693694891607997e+01 1.427591227440939470e+00 -1.030744176036842852e+01
1.105454873954408868e+01 -1.779558735378229528e+01 -1.152434108587959827e+01 -1.779558735378229528e+01 -5.000788554971298261e+00 1.486444016856484529e+00 -1.152434108587959827e+01 1.486444016856484529e+00 -1.013930384034642884e+01
1.108998328668682198e+01 -1.770261910031499752e+01 -1.153306871783775378e+01 -1.770261910031499752e+01 -4.845841465859140662e+00 1.544682438804996005e+00 -1.153306871783775378e+01 1.544682438804996005e+00 -9.927925292424093939e+00
