6.237352675258313051e-01 3.832500872624146071e-01 3.161605265965523603e+00 3.832500872624146071e-01 1.812273461613626291e-01 1.825365518949569443e+00 3.161605265965523603e+00 1.825365518949569443e+00 -3.228891930809509869e-01
7.177485356053486809e-01 4.805002037716750718e-01 3.144263714881034399e+00 4.805002037716750718e-01 2.921843403786965609e-01 1.811061903821487684e+00 3.144263714881034399e+00 1.811061903821487684e+00 -4.775707655279970432e-02
8.231540635213916435e-01 5.765749283930400315e-01 3.127952892067469737e+00 5.765749283930400315e-01 4.189458347501944790e-01 1.801188611963165709e+00 3.127952892067469737e+00 1.801188611963165709e+00 2.445719274428686252e-01
9.388849570987933824e-01 6.710221873234727408e-01 3.112871709998164871e+00 6.710221873234727408e-01 5.601556078667461192e-01 1.795673311566117647e+00 3.112871709998164871e+00 1.795673311566117647e+00 5.518916987472348712e-01
1.063765824449658615e+00 7.632271601908433567e-01 3.099273330002819904e+00 7.632271601908433567e-01 7.141861940374193418e-01 1.794389421965493225e+00 3.099273330002819904e+00 1.794389421965493225e+00 8.716525411111716304e-01
1.196331946452148021e+00 8.526292754793861617e-01 3.087573659980229035e+00 8.526292754793861617e-01 8.789761367203665632e-01 1.797119947735835055e+00 3.087573659980229035e+00 1.797119947735835055e+00 1.200906933338879767e+00
1.334756944941993373e+00 9.387041275775787064e-01 3.078098193068579569e+00 9.387041275775787064e-01 1.052029988522825033e+00 1.803665976403806770e+00 3.078098193068579569e+00 1.803665976403806770e+00 1.536219114527279883e+00
1.477124026994319106e+00 1.021017725634505657e+00 3.071443666687879048e+00 1.021017725634505657e+00 1.230725721387182059e+00 1.813738180735465111e+00 3.071443666687879048e+00 1.813738180735465111e+00 1.873936328347835412e+00
1.621516399684249432e+00 1.099117995847130658e+00 3.068044071689042696e+00 1.099117995847130658e+00 1.412188145926123850e+00 1.827047233496866374e+00 3.068044071689042696e+00 1.827047233496866374e+00 2.210405818472009454e+00
1.765800274661450731e+00 1.172733693933631027e+00 3.068459979587836450e+00 1.172733693933631027e+00 1.593578238656579771e+00 1.843321890406188546e+00 3.068459979587836450e+00 1.843321890406188546e+00 2.541613169528836202e+00
4.547505357500322276e+01 2.949739341026665240e+00 1.887573116572169951e+01 2.949739341026665240e+00 4.218491206428211626e+01 1.044113265164348903e+01 1.887573116572169951e+01 1.044113265164348903e+01 4.570379433872241037e+01
4.542835599071135277e+01 2.946712167974963936e+00 1.904754043625263549e+01 2.946712167974963936e+00 4.227598525353642600e+01 1.040169340273694765e+01 1.904754043625263549e+01 1.040169340273694765e+01 4.573009290460907295e+01
4.532030655258187579e+01 2.937063053872665641e+00 1.918782238744398683e+01 2.937063053872665641e+00 4.230775337073240649e+01 1.034882107341348068e+01 1.918782238744398683e+01 1.034882107341348068e+01 4.559622649630570379e+01
4.515107725908363534e+01 2.920826398413539859e+00 1.929671461807081201e+01 2.920826398413539859e+00 4.227915002536320088e+01 1.028215446688851031e+01 1.929671461807081201e+01 1.028215446688851031e+01 4.530002793310485032e+01
4.492080570899171477e+01 2.898225799607086817e+00 1.937418272843935441e+01 2.898225799607086817e+00 4.218902282768754475e+01 1.020145278530565136e+01 1.937418272843935441e+01 1.020145278530565136e+01 4.484098121959996774e+01
4.462962950108117610e+01 2.869656853931654705e+00 1.942034711747780307e+01 2.869656853931654705e+00 4.203615058857662490e+01 1.010652683034917310e+01 1.942034711747780307e+01 1.010652683034917310e+01 4.421860476007828566e+01
4.427747983596449899e+01 2.835583957253128506e+00 1.943555178212384504e+01 2.835583957253128506e+00 4.181924331951408647e+01 9.997204603550228441e+00 1.943555178212384504e+01 9.997204603550228441e+00 4.343264055683653169e+01
4.386435671364167632e+01 2.796574704518703491e+00 1.942020951870272327e+01 2.796574704518703491e+00 4.153711423106488354e+01 9.873400105674393856e+00 1.942020951870272327e+01 9.873400105674393856e+00 4.248286501186520780e+01
4.339026013411270810e+01 2.753179490828688181e+00 1.937495672154916448e+01 2.753179490828688181e+00 4.118864533318152610e+01 9.735044537334129444e+00 1.937495672154916448e+01 9.735044537334129444e+00 4.136943292378626325e+01
4.285491489982744184e+01 2.706137909599123148e+00 1.930044698484478616e+01 2.706137909599123148e+00 4.077234023918504136e+01 9.582017499601244381e+00 1.930044698484478616e+01 9.582017499601244381e+00 4.009284308815937692e+01
-4.118369999314004559e+01 1.657125866206342391e+00 -3.548949583230894822e-01 1.657125866206342391e+00 -4.405791714941369008e+01 6.146778384317981292e+00 -3.548949583230894822e-01 6.146778384317981292e+00 -3.625898288106991174e+01
-4.118087092636034896e+01 1.666817331458405604e+00 -2.674997332098090763e-01 1.666817331458405604e+00 -4.409752408432942161e+01 6.070298004685820814e+00 -2.674997332098090763e-01 6.070298004685820814e+00 -3.630078807733472956e+01
-4.112723334944261921e+01 1.676126490388888612e+00 -1.723245744523673184e-01 1.676126490388888612e+00 -4.408748854338793421e+01 5.988790296924878298e+00 -1.723245744523673184e-01 5.988790296924878298e+00 -3.620869048446601113e+01
-4.102248141732958686e+01 1.684957766417395808e+00 -6.915921357389516466e-02 1.684957766417395808e+00 -4.402742822026765168e+01 5.902044992558285408e+00 -6.915921357389516466e-02 5.902044992558285408e+00 -3.598070210959154025e+01
-4.086722682013579089e+01 1.693311159543927635e+00 4.195811879344939904e-02 1.693311159543927635e+00 -4.391780188255447115e+01 5.810023860953881680e+00 4.195811879344939904e-02 5.810023860953881680e+00 -3.561810367888859474e+01
-4.066250178492948919e+01 1.701052862555930911e+00 1.608936154371132243e-01 1.701052862555930911e+00 -4.375929768162723121e+01 5.712746017427748235e+00 1.608936154371132243e-01 5.712746017427748235e+00 -3.512248176359175744e+01
-4.040958703788796669e+01 1.708125529505168272e+00 2.875325844606222425e-01 1.708125529505168272e+00 -4.355290961392205418e+01 5.610173231347724609e+00 2.875325844606222425e-01 5.610173231347724609e+00 -3.449643604668776931e+01
-4.011016472682619849e+01 1.714433583811244999e+00 4.216456420710281150e-01 1.714433583811244999e+00 -4.329982282903582558e+01 5.502248156765577214e+00 4.216456420710281150e-01 5.502248156765577214e+00 -3.374296763280103306e+01
-3.976610815271990873e+01 1.719824102945528788e+00 5.630416351075406833e-01 1.719824102945528788e+00 -4.300133716846193010e+01 5.388932563049145585e+00 5.630416351075406833e-01 5.388932563049145585e+00 -3.286559374009008394e+01
-3.937921415528054325e+01 1.724144164379387334e+00 7.114911797772117685e-01 1.724144164379387334e+00 -4.265877158900980248e+01 5.270054412353718298e+00 7.114911797772117685e-01 5.270054412353718298e+00 -3.186792716329386010e+01
4.682457526215146326e-01 -1.090734810661917820e+01 2.027591976561059894e+01 -1.090734810661917820e+01 9.552438935177198331e+00 -1.909425370004742817e+01 2.027591976561059894e+01 -1.909425370004742817e+01 -3.259637348341830432e+01
4.948607546062566698e-01 -1.097940690556761467e+01 2.021037372859691317e+01 -1.097940690556761467e+01 9.627408465716582597e+00 -1.927273612278994719e+01 2.021037372859691317e+01 -1.927273612278994719e+01 -3.244306888893749630e+01
5.677381968146482105e-01 -1.104091430249886052e+01 2.011324625382142628e+01 -1.104091430249886052e+01 9.745911625613103979e+00 -1.941672637617971731e+01 2.011324625382142628e+01 -1.941672637617971731e+01 -3.217473582039686164e+01
6.874420334924353782e-01 -1.109187029741291575e+01 1.998448276506680799e+01 -1.109187029741291575e+01 9.907766494142325797e+00 -1.952602434741985959e+01 1.998448276506680799e+01 -1.952602434741985959e+01 -3.179288421980921342e+01
8.534992707560892233e-01 -1.113243861896177123e+01 1.982431975927482881e+01 -1.113243861896177123e+01 1.011120844027723287e+01 -1.959993873775752959e+01 1.982431975927482881e+01 -1.959993873775752959e+01 -3.130029747425837883e+01
1.065164033635428886e+00 -1.116272841958008755e+01 1.963303011753213312e+01 -1.116272841958008755e+01 1.035419995190416387e+01 -1.963781463258475668e+01 1.963303011753213312e+01 -1.963781463258475668e+01 -3.070034111714641512e+01
1.321399374001178684e+00 -1.118284885170252352e+01 1.941092310507026397e+01 -1.118284885170252352e+01 1.063441244375035666e+01 -1.963899711729358089e+01 1.941092310507026397e+01 -1.963899711729358089e+01 -2.999690825197620470e+01
1.620913654709854823e+00 -1.119285449154641121e+01 1.915834437126564183e+01 -1.119285449154641121e+01 1.094924444945640474e+01 -1.960275850898625905e+01 1.915834437126564183e+01 -1.960275850898625905e+01 -2.919436497613416748e+01
1.963797836123674534e+00 -1.119290906776374328e+01 1.887591244658134926e+01 -1.119290906776374328e+01 1.129753167638592437e+01 -1.952840750890995025e+01 1.887591244658134926e+01 -1.952840750890995025e+01 -2.829627693581922543e+01
2.345631244638883839e+00 -1.118306715657184469e+01 1.856348179443783764e+01 -1.118306715657184469e+01 1.167372554244366789e+01 -1.941519824209446909e+01 1.856348179443783764e+01 -1.941519824209446909e+01 -2.730933881369055882e+01
-1.867968418566437805e+01 2.637750971599973404e+00 -5.851307724238441033e+00 2.637750971599973404e+00 5.662965376992737276e+00 -5.576569635823190874e-01 -5.851307724238441033e+00 -5.576569635823190874e-01 -4.172332062314867329e+01
-1.864602135369236535e+01 2.651164513841694603e+00 -5.686844430214263113e+00 2.651164513841694603e+00 5.741069780238142961e+00 -5.343306662224031056e-01 -5.686844430214263113e+00 -5.343306662224031056e-01 -4.158531590970019209e+01
-1.855126057381713167e+01 2.665001835577316402e+00 -5.514089798265943365e+00 2.665001835577316402e+00 5.865863628594154555e+00 -5.069508258773517406e-01 -5.514089798265943365e+00 -5.069508258773517406e-01 -4.130084931812061910e+01
-1.839499649174015872e+01 2.679170810829903271e+00 -5.332472647336487626e+00 2.679170810829903271e+00 6.037568024405415734e+00 -4.753147653979080123e-01 -5.332472647336487626e+00 -4.753147653979080123e-01 -4.087082368298391089e+01
-1.817805824125386138e+01 2.693745140381003988e+00 -5.141790300276637637e+00 2.693745140381003988e+00 6.255132731534868817e+00 -4.392566580255893305e-01 -5.141790300276637637e+00 -4.392566580255893305e-01 -4.029770798047191249e+01
-1.790166188525378388e+01 2.708595847862909523e+00 -4.941821654741749725e+00 2.708595847862909523e+00 6.516991608374619993e+00 -3.986843777834606084e-01 -4.941821654741749725e+00 -3.986843777834606084e-01 -3.958489244653583938e+01
-1.756731828976165488e+01 2.723612382103297591e+00 -4.732253482410246015e+00 2.723612382103297591e+00 6.821394261362907052e+00 -3.535426490853610937e-01 -4.732253482410246015e+00 -3.535426490853610937e-01 -3.873681755326395404e+01
-1.717681469873001276e+01 2.738647341539072855e+00 -4.512883106132869138e+00 2.738647341539072855e+00 7.166203367834839355e+00 -3.037946215405166739e-01 -4.512883106132869138e+00 -3.037946215405166739e-01 -3.775831070184763405e+01
-1.673110922231898456e+01 2.753479623825591194e+00 -4.283692100714231898e+00 2.753479623825591194e+00 7.550313416067199412e+00 -2.495692715166361875e-01 -4.283692100714231898e+00 -2.495692715166361875e-01 -3.665349913605357557e+01
-1.623467918300759649e+01 2.767961827399757269e+00 -4.043777631580373289e+00 2.767961827399757269e+00 7.968804878891663890e+00 -1.907376226460109347e-01 -4.043777631580373289e+00 -1.907376226460109347e-01 -3.543122694966751851e+01
5.662114867547443531e+00 3.696058373480433534e+00 -1.861622714619544539e+01 3.696058373480433534e+00 -2.817770637303102177e+01 7.500960479176642659e-01 -1.861622714619544539e+01 7.500960479176642659e-01 -8.588167202269527678e+00
5.656641456781277277e+00 3.756449563410482639e+00 -1.869015492583913485e+01 3.756449563410482639e+00 -2.813498438161456860e+01 6.357421706352779367e-01 -1.869015492583913485e+01 6.357421706352779367e-01 -8.535820824136729712e+00
5.649937446950234587e+00 3.812046927132581420e+00 -1.871658525500864201e+01 3.812046927132581420e+00 -2.806215863098420371e+01 5.267515012177256262e-01 -1.871658525500864201e+01 5.267515012177256262e-01 -8.457301256937533651e+00
5.642149775256092958e+00 3.862391285891177084e+00 -1.869572017235641326e+01 3.862391285891177084e+00 -2.795946789409281052e+01 4.235097498196700450e-01 -1.869572017235641326e+01 4.235097498196700450e-01 -8.355179901703021272e+00
5.632653958591300913e+00 3.907133663832053294e+00 -1.862766988078377395e+01 3.907133663832053294e+00 -2.782810603570482044e+01 3.263475251451078973e-01 -1.862766988078377395e+01 3.263475251451078973e-01 -8.230871029000292438e+00
5.620917349599420021e+00 3.945814882199657703e+00 -1.851272825469428085e+01 3.945814882199657703e+00 -2.766937712348599732e+01 2.355954358980356933e-01 -1.851272825469428085e+01 2.355954358980356933e-01 -8.085935846598218291e+00
5.606095059370238332e+00 3.978196168041104652e+00 -1.835122590279193133e+01 3.978196168041104652e+00 -2.748491583380610237e+01 1.515106221815620546e-01 -1.835122590279193133e+01 1.515106221815620546e-01 -7.922376373871001576e+00
5.587452401894873688e+00 4.003983646952841369e+00 -1.814356690238161107e+01 4.003983646952841369e+00 -2.727646704593623639e+01 7.422165404724115345e-02 -1.814356690238161107e+01 7.422165404724115345e-02 -7.741992591540402202e+00
5.564052652512001984e+00 4.023030381733090799e+00 -1.789015533076820219e+01 4.023030381733090799e+00 -2.704590420919903693e+01 3.820367246183162258e-03 -1.789015533076820219e+01 3.820367246183162258e-03 -7.547043659083728429e+00
5.534940719410077925e+00 4.035207802330299742e+00 -1.759146873385747867e+01 4.035207802330299742e+00 -2.679535791302026482e+01 -5.972997252205598795e-02 -1.759146873385747867e+01 -5.972997252205598795e-02 -7.339807103128513255e+00
-8.624671915452971405e+00 2.294667381339296597e+00 -1.038918211092191513e+01 2.294667381339296597e+00 3.550588358505516595e+01 9.559407827758267473e+00 -1.038918211092191513e+01 9.559407827758267473e+00 4.168264343213989775e+01
-8.548386100955324807e+00 2.384998854275913072e+00 -1.052845198772595836e+01 2.384998854275913072e+00 3.528793676652868072e+01 9.669931041704245445e+00 -1.052845198772595836e+01 9.669931041704245445e+00 4.148212527427413221e+01
-8.493000509607716353e+00 2.473293441058076692e+00 -1.062891475527428753e+01 2.473293441058076692e+00 3.496738402197831164e+01 9.763273563738747995e+00 -1.062891475527428753e+01 9.763273563738747995e+00 4.111309463924776963e+01
-8.458833958373455530e+00 2.558665539009937540e+00 -1.069014532428250064e+01 2.558665539009937540e+00 3.454819285139186036e+01 9.839665650557497756e+00 -1.069014532428250064e+01 9.839665650557497756e+00 4.057686221902109480e+01
-8.447622228497204233e+00 2.640211833402129837e+00 -1.071154148493101843e+01 2.640211833402129837e+00 3.403411821011492577e+01 9.899195862428081583e+00 -1.071154148493101843e+01 9.899195862428081583e+00 3.987720068099320514e+01
-8.461774159257274164e+00 2.717117569772872887e+00 -1.069266043588191373e+01 2.717117569772872887e+00 3.342941099099158464e+01 9.941828775243459759e+00 -1.069266043588191373e+01 9.941828775243459759e+00 3.901816608541950160e+01
-8.503521469396805088e+00 2.788567993660385103e+00 -1.063304166374374660e+01 2.788567993660385103e+00 3.273917226543473902e+01 9.967723797485289694e+00 -1.063304166374374660e+01 9.967723797485289694e+00 3.800478865549879970e+01
-8.575662663371479866e+00 2.853890047031020671e+00 -1.053245491182079618e+01 2.853890047031020671e+00 3.196880420976705039e+01 9.977075761742257853e+00 -1.053245491182079618e+01 9.977075761742257853e+00 3.684289565683819490e+01
-8.680730564834226115e+00 2.912463808011685362e+00 -1.039079390779196110e+01 2.912463808011685362e+00 3.112439977039837657e+01 9.970114924710081539e+00 -1.039079390779196110e+01 9.970114924710081539e+00 3.553882800459675195e+01
-8.821381981812592699e+00 2.963864187317971854e+00 -1.020820034808537713e+01 2.963864187317971854e+00 3.021272495177219142e+01 9.947213239512622707e+00 -1.020820034808537713e+01 9.947213239512622707e+00 3.410000704919810488e+01
2.015673604909641270e+01 -7.921254876854527005e+00 -1.932106853159842430e+01 -7.921254876854527005e+00 -1.671726440020031790e+00 2.019363486818246400e+01 -1.932106853159842430e+01 2.019363486818246400e+01 3.987369297139048285e+01
2.007464774086929893e+01 -7.735426446114996857e+00 -1.924983281722015249e+01 -7.735426446114996857e+00 -1.809305305975875466e+00 2.012042433754644932e+01 -1.924983281722015249e+01 2.012042433754644932e+01 3.958725565833098869e+01
1.991885075015737527e+01 -7.529725314835872929e+00 -1.910433689509589072e+01 -7.529725314835872929e+00 -1.987412383059019572e+00 2.000156174819548482e+01 -1.910433689509589072e+01 2.000156174819548482e+01 3.913632148834303592e+01
1.969176467165480204e+01 -7.306802362498265424e+00 -1.888641325238372914e+01 -7.306802362498265424e+00 -2.204784500510008627e+00 1.983909308093713975e+01 -1.888641325238372914e+01 1.983909308093713975e+01 3.852354134090774807e+01
1.939518641024475087e+01 -7.069859993844453072e+00 -1.859839252809055310e+01 -7.069859993844453072e+00 -2.461012462167329495e+00 1.963529560136592877e+01 -1.859839252809055310e+01 1.963529560136592877e+01 3.775295380422787161e+01
1.903151776948393703e+01 -6.822367480678575014e+00 -1.824312130420949174e+01 -6.822367480678575014e+00 -2.755687071869468596e+00 1.939282018896295767e+01 -1.824312130420949174e+01 1.939282018896295767e+01 3.682925573859209578e+01
1.860323171747888793e+01 -6.568007588454250367e+00 -1.782390873230757222e+01 -6.568007588454250367e+00 -3.088612627104397212e+00 1.911460238140864476e+01 -1.782390873230757222e+01 1.911460238140864476e+01 3.575776669410009134e+01
1.811353065897188941e+01 -6.310605411724759861e+00 -1.734447316011332774e+01 -6.310605411724759861e+00 -3.459290976023317032e+00 1.880380900117036447e+01 -1.734447316011332774e+01 1.880380900117036447e+01 3.454514055616082402e+01
1.756595503031691408e+01 -6.053879298218640237e+00 -1.680892434037935601e+01 -6.053879298218640237e+00 -3.867259549052342926e+00 1.846378478209004825e+01 -1.680892434037935601e+01 1.846378478209004825e+01 3.319877843795644878e+01
1.696445446402942636e+01 -5.801565386801883939e+00 -1.622178122201976080e+01 -5.801565386801883939e+00 -4.311842282968103568e+00 1.809803457824674666e+01 -1.622178122201976080e+01 1.809803457824674666e+01 3.172707775636672167e+01
-3.290449303322535002e+01 4.405637584145637220e+00 -2.238722455502680120e+00 4.405637584145637220e+00 -3.145971215836672741e+01 1.798948122245982262e+01 -2.238722455502680120e+00 1.798948122245982262e+01 -4.861724173789390591e+01
-3.281934518026034908e+01 4.292594178727198617e+00 -2.287245535518619199e+00 4.292594178727198617e+00 -3.126256461112949836e+01 1.801358146165428664e+01 -2.287245535518619199e+00 1.801358146165428664e+01 -4.818298199480248911e+01
-3.267237167430671008e+01 4.177747999510748933e+00 -2.332276927336305317e+00 4.177747999510748933e+00 -3.100545111440053603e+01 1.801726291551548798e+01 -2.332276927336305317e+00 1.801726291551548798e+01 -4.757584573276496798e+01
-3.246507166410174250e+01 4.061497554388480147e+00 -2.373323240232072084e+00 4.061497554388480147e+00 -3.069051602017115954e+01 1.800003219331976467e+01 -2.373323240232072084e+00 1.800003219331976467e+01 -4.680116536691019036e+01
-3.219685687609029401e+01 3.943994655890750600e+00 -2.409777224084484359e+00 3.943994655890750600e+00 -3.031751263307953437e+01 1.796145283404232629e+01 -2.409777224084484359e+00 1.796145283404232629e+01 -4.586174942904979446e+01
-3.187169341262798739e+01 3.825675765042343190e+00 -2.441164464736170991e+00 3.825675765042343190e+00 -2.989158360259155600e+01 1.790095554069433348e+01 -2.441164464736170991e+00 1.790095554069433348e+01 -4.476465720184545916e+01
-3.148997978160701550e+01 3.706863483470268950e+00 -2.466706922969043259e+00 3.706863483470268950e+00 -2.941373468672086844e+01 1.781810385225101001e+01 -2.466706922969043259e+00 1.781810385225101001e+01 -4.351508826446198697e+01
-3.105222835031734974e+01 3.587861436235246337e+00 -2.485664512697601136e+00 3.587861436235246337e+00 -2.888559787016881586e+01 1.771253721395273928e+01 -2.485664512697601136e+00 1.771253721395273928e+01 -4.211723643805053285e+01
-3.056382846358672012e+01 3.469428685989069727e+00 -2.497562819764473918e+00 3.469428685989069727e+00 -2.831326463071605559e+01 1.758381916477475215e+01 -2.497562819764473918e+00 1.758381916477475215e+01 -4.058552391299519257e+01
-3.002645005924907906e+01 3.352020670322815032e+00 -2.501585851818982409e+00 3.352020670322815032e+00 -2.769944861734274255e+01 1.743168403278891887e+01 -2.501585851818982409e+00 1.743168403278891887e+01 -3.892740847984983077e+01
2.874627575848305483e+01 5.871662666676884079e+00 -8.498928292337359025e+00 5.871662666676884079e+00 -2.247702258738938497e+01 1.807679340805026058e+01 -8.498928292337359025e+00 1.807679340805026058e+01 7.944620909254449970e+00
2.880680575622512407e+01 5.915249322765099294e+00 -8.496616194542376377e+00 5.915249322765099294e+00 -2.241157938183298270e+01 1.809144271517315161e+01 -8.496616194542376377e+00 1.809144271517315161e+01 8.101283598128503627e+00
2.884042149057248139e+01 5.950183675386155890e+00 -8.466811808903937475e+00 5.950183675386155890e+00 -2.232960828969526190e+01 1.808452448505223131e+01 -8.466811808903937475e+00 1.808452448505223131e+01 8.231176529720030999e+00
2.884609335547579434e+01 5.976375408219936070e+00 -8.409641578270202089e+00 5.976375408219936070e+00 -2.223206666396945863e+01 1.805556907282288392e+01 -8.409641578270202089e+00 1.805556907282288392e+01 8.331969542970027121e+00
2.882299044078999728e+01 5.993698078418277397e+00 -8.325087439377151455e+00 5.993698078418277397e+00 -2.211987573112076078e+01 1.800390813771625886e+01 -8.325087439377151455e+00 1.800390813771625886e+01 8.402018880852370586e+00
2.877004701393771313e+01 6.002133622717156669e+00 -8.213185518752826653e+00 6.002133622717156669e+00 -2.199484181755149947e+01 1.792874689611531736e+01 -8.213185518752826653e+00 1.792874689611531736e+01 8.439138888420245621e+00
2.868628765866168706e+01 6.001682041116574773e+00 -8.073917753133208919e+00 6.001682041116574773e+00 -2.185887962924814687e+01 1.782916412155488217e+01 -8.073917753133208919e+00 1.782916412155488217e+01 8.441270353574994445e+00
2.857088146481684277e+01 5.992234954032390704e+00 -7.907284142518295589e+00 5.992234954032390704e+00 -2.171397612525325727e+01 1.770413020798562442e+01 -7.907284142518295589e+00 1.770413020798562442e+01 8.406462443802102058e+00
2.842294333246604410e+01 5.973900741048744578e+00 -7.713176307323947434e+00 5.973900741048744578e+00 -2.156262403600205246e+01 1.755252523303809298e+01 -7.713176307323947434e+00 1.755252523303809298e+01 8.332114049082212759e+00
2.824182298410444503e+01 5.946643275637589987e+00 -7.491576184286142137e+00 5.946643275637589987e+00 -2.140717158581756152e+01 1.737308476823066172e+01 -7.491576184286142137e+00 1.737308476823066172e+01 8.216563349125182825e+00
-2.515599045013958701e+00 1.291966138183592605e+01 1.411362718912480219e+01 1.291966138183592605e+01 8.445468610467670167e-01 6.712792618562911429e+00 1.411362718912480219e+01 6.712792618562911429e+00 2.607636249050047983e+00
-2.559978330565704230e+00 1.282666413611239165e+01 1.391257996857834556e+01 1.282666413611239165e+01 9.932084106480627561e-01 6.646024436300163707e+00 1.391257996857834556e+01 6.646024436300163707e+00 2.742205111239401916e+00
-2.593797157555544519e+00 1.272109577848154593e+01 1.369517581135709960e+01 1.272109577848154593e+01 1.149876345642775632e+00 6.570561536868092745e+00 1.369517581135709960e+01 6.570561536868092745e+00 2.888837893501189580e+00
-2.616493992166294635e+00 1.260371709669570350e+01 1.346203059326056284e+01 1.260371709669570350e+01 1.313771764284487054e+00 6.486675630178243779e+00 1.346203059326056284e+01 6.486675630178243779e+00 3.046665124118478118e+00
-2.628394886291803179e+00 1.247537944847769786e+01 1.321392321603515363e+01 1.247537944847769786e+01 1.483083267162921492e+00 6.394728996112667652e+00 1.321392321603515363e+01 6.394728996112667652e+00 3.214165227586637474e+00
-2.630007031766948611e+00 1.233706098950907304e+01 1.295165069542138880e+01 1.233706098950907304e+01 1.655691516968057053e+00 6.295102028547525208e+00 1.295165069542138880e+01 6.295102028547525208e+00 3.389218866595645085e+00
-2.622127444332250867e+00 1.218970364748317614e+01 1.267593759118338070e+01 1.218970364748317614e+01 1.829296036448844420e+00 6.188211349347177759e+00 1.267593759118338070e+01 6.188211349347177759e+00 3.569380651941628457e+00
-2.605951647598491849e+00 1.203421312210514316e+01 1.238734543713831648e+01 1.203421312210514316e+01 2.001234068472177885e+00 6.074491694370093064e+00 1.238734543713831648e+01 6.074491694370093064e+00 3.751716116579942639e+00
-2.582838191123379090e+00 1.187151322707421208e+01 1.208632708313876236e+01 1.187151322707421208e+01 2.169005881851878037e+00 5.954341571486531315e+00 1.208632708313876236e+01 5.954341571486531315e+00 3.933182109501324408e+00
-2.554181852452823254e+00 1.170245532011321643e+01 1.177315423909626269e+01 1.170245532011321643e+01 2.329948719454840944e+00 5.828123260578546905e+00 1.177315423909626269e+01 5.828123260578546905e+00 4.110445655790868180e+00
3.869168609522756430e+00 8.421607478366360811e-01 -1.072166317032876748e+01 8.421607478366360811e-01 1.800426617707204358e+01 1.859872311343942153e+00 -1.072166317032876748e+01 1.859872311343942153e+00 3.136364745943354126e+00
4.014763047473477009e+00 7.993914869341997020e-01 -1.061121468568866888e+01 7.993914869341997020e-01 1.810030911567596590e+01 1.909531181220202045e+00 -1.061121468568866888e+01 1.909531181220202045e+00 3.445573975706198944e+00
4.172096663312063747e+00 7.569622327083934676e-01 -1.046841188150396462e+01 7.569622327083934676e-01 1.819493834230863527e+01 1.960639553244201583e+00 -1.046841188150396462e+01 1.960639553244201583e+00 3.750470489202312852e+00
4.339827325420237081e+00 7.150877262181419836e-01 -1.029325475777465471e+01 7.150877262181419836e-01 1.828713383694016414e+01 2.012946896180528356e+00 -1.029325475777465471e+01 2.012946896180528356e+00 4.046974206312131450e+00
4.516398161120798171e+00 6.739469183458819401e-01 -1.008604753100088480e+01 6.739469183458819401e-01 1.837564294339349047e+01 2.066005832823090582e+00 -1.008604753100088480e+01 2.066005832823090582e+00 4.332418758887346399e+00
4.699930186148157496e+00 6.336829697975631115e-01 -9.847058627506308781e+00 6.336829697975631115e-01 1.845899826443263336e+01 2.119440566318770536e+00 -9.847058627506308781e+00 2.119440566318770536e+00 4.603940932808964881e+00
4.888132829207121333e+00 5.944748314556225210e-01 -9.576753319585261437e+00 5.944748314556225210e-01 1.853551766176268245e+01 2.172875299814450489e+00 -9.576753319585261437e+00 2.172875299814450489e+00 4.858140661310684116e+00
5.078608148473034767e+00 5.563940836730346673e-01 -9.275400033561400193e+00 5.563940836730346673e-01 1.860330425602980498e+01 2.226005816809987436e+00 -9.275400033561400193e+00 2.226005816809987436e+00 5.091456821832009538e+00
5.268707670885830474e+00 5.195480969792620751e-01 -8.943302985934867166e+00 5.195480969792620751e-01 1.866049695805666531e+01 2.278527900805239259e+00 -8.943302985934867166e+00 2.278527900805239259e+00 5.300203026194737710e+00
5.455765028297197894e+00 4.840084517272794096e-01 -8.580497966882148830e+00 4.840084517272794096e-01 1.870501993760698412e+01 2.330334181270742544e+00 -8.580497966882148830e+00 2.330334181270742544e+00 5.480496040249987821e+00
3.386472029211247303e+01 1.270176066291714534e+01 -2.397895117367587314e+00 1.270176066291714534e+01 3.777282718519431626e+01 -1.759432417371552049e+01 -2.397895117367587314e+00 -1.759432417371552049e+01 -1.587213619053881786e+01
3.382587381440511365e+01 1.276257149130648649e+01 -2.347407006232306692e+00 1.276257149130648649e+01 3.771240323888264356e+01 -1.777297576585181815e+01 -2.347407006232306692e+00 -1.777297576585181815e+01 -1.600314853047537156e+01
3.381764377748023520e+01 1.281061521113288570e+01 -2.282358060537634348e+00 1.281061521113288570e+01 3.767723214091309814e+01 -1.791812688717213220e+01 -2.282358060537634348e+00 -1.791812688717213220e+01 -1.607500308362714847e+01
3.384001259578886334e+01 1.284576872355344435e+01 -2.202765865832555736e+00 1.284576872355344435e+01 3.766713803579583697e+01 -1.802972478102949339e+01 -2.202765865832555736e+00 -1.802972478102949339e+01 -1.608947599044161691e+01
3.389169652425511003e+01 1.286789134417628766e+01 -2.108735935410979145e+00 1.286789134417628766e+01 3.768087234955294207e+01 -1.810734739424827922e+01 -2.108735935410979145e+00 -1.810734739424827922e+01 -1.604885337228679276e+01
3.397118320566627858e+01 1.287687755970750558e+01 -2.000461710311737029e+00 1.287687755970750558e+01 3.771690513942274237e+01 -1.815046716035893937e+01 -2.000461710311737029e+00 -1.815046716035893937e+01 -1.595603684474516548e+01
3.407667891402592630e+01 1.287270978459811488e+01 -1.878154217122646852e+00 1.287270978459811488e+01 3.777335475166385947e+01 -1.815845099959802411e+01 -1.878154217122646852e+00 -1.815845099959802411e+01 -1.581461385980962753e+01
3.420600304125994739e+01 1.285538801884811377e+01 -1.741989311333556500e+00 1.285538801884811377e+01 3.784816367704508622e+01 -1.813052514781020719e+01 -1.741989311333556500e+00 -1.813052514781020719e+01 -1.562834772496292324e+01
3.435725634807797491e+01 1.282501777575141411e+01 -1.592037335140404686e+00 1.282501777575141411e+01 3.793950301847198858e+01 -1.806575757089929368e+01 -1.592037335140404686e+00 -1.806575757089929368e+01 -1.540079072109997149e+01
3.452778341658330419e+01 1.278145837091613224e+01 -1.428632413973902171e+00 1.278145837091613224e+01 3.804447116036209309e+01 -1.796312830702416008e+01 -1.428632413973902171e+00 -1.796312830702416008e+01 -1.513700748632838788e+01
3.266533932591700662e+00 -1.078229670309974519e+00 3.320632367292224885e+00 -1.078229670309974519e+00 1.118201098072508515e+01 -1.347195527374465840e+01 3.320632367292224885e+00 -1.347195527374465840e+01 -1.998829687831614521e+01
3.510979380605788069e+00 -1.106173002023400409e+00 3.540801255627679112e+00 -1.106173002023400409e+00 1.113605892133338671e+01 -1.337620375376219428e+01 3.540801255627679112e+00 -1.337620375376219428e+01 -1.973599406165607206e+01
3.790232068575770885e+00 -1.132689363339049349e+00 3.762415177277337541e+00 -1.132689363339049349e+00 1.111897140239292092e+01 -1.325565184952469799e+01 3.762415177277337541e+00 -1.325565184952469799e+01 -1.940956103597731897e+01
4.103713983175969027e+00 -1.157688439674784187e+00 3.985690887238331648e+00 -1.157688439674784187e+00 1.113174188430720157e+01 -1.311069694519357931e+01 3.985690887238331648e+00 -1.311069694519357931e+01 -1.900982869543554798e+01
4.448860190273668636e+00 -1.181025727699183570e+00 4.210285190098536745e+00 -1.181025727699183570e+00 1.117395491999839585e+01 -1.294164611034810264e+01 4.210285190098536745e+00 -1.294164611034810264e+01 -1.853959679207703815e+01
4.823123818652585548e+00 -1.202592849913683093e+00 4.435710387114410125e+00 -1.202592849913683093e+00 1.124519506238866917e+01 -1.274886060331681925e+01 4.435710387114410125e+00 -1.274886060331681925e+01 -1.800189989586161587e+01
5.223777367932157745e+00 -1.222227240070434151e+00 4.661514905375260476e+00 -1.222227240070434151e+00 1.134477592065377394e+01 -1.253257524201329076e+01 4.661514905375260476e+00 -1.253257524201329076e+01 -1.740020608674336700e+01
5.647768205236131323e+00 -1.239838583587299148e+00 4.887192983221118503e+00 -1.239838583587299148e+00 1.147170403439019459e+01 -1.229298871851821495e+01 4.887192983221118503e+00 -1.229298871851821495e+01 -1.673856145800206718e+01
6.092134012270383536e+00 -1.255318502965712790e+00 5.112202733159158186e+00 -1.255318502965712790e+00 1.162480531403014261e+01 -1.203011909574802374e+01 5.112202733159158186e+00 -1.203011909574802374e+01 -1.602103016583391693e+01
6.553767967409378059e+00 -1.268612809456392432e+00 5.336074519362260737e+00 -1.268612809456392432e+00 1.180270697792511925e+01 -1.174385799620414872e+01 5.336074519362260737e+00 -1.174385799620414872e+01 -1.525218212809508600e+01
2.083692884559266822e+00 -1.261863982034864229e+01 -4.088642082935591282e-01 -1.261863982034864229e+01 7.743404301575111504e+00 -9.065716803871424645e+00 -4.088642082935591282e-01 -9.065716803871424645e+00 1.431137784000782709e+01
2.092468103917392686e+00 -1.253024159834837548e+01 -5.427715433658264477e-01 -1.253024159834837548e+01 7.806625360468117059e+00 -8.886569534235075452e+00 -5.427715433658264477e-01 -8.886569534235075452e+00 1.440930498118838976e+01
2.089883990241380385e+00 -1.242759486066231744e+01 -6.658399571859294763e-01 -1.242759486066231744e+01 7.858648593431733609e+00 -8.680432632871482923e+00 -6.658399571859294763e-01 -8.680432632871482923e+00 1.445800834588768247e+01
2.075796981660339213e+00 -1.231163275945124802e+01 -7.779258878829787838e-01 -1.231163275945124802e+01 7.899150986256459284e+00 -8.447341990248368404e+00 -7.779258878829787838e-01 -8.447341990248368404e+00 1.445712902942848466e+01
2.049704611626155693e+00 -1.218336022781139683e+01 -8.784909784411382150e-01 -1.218336022781139683e+01 7.927360893886264748e+00 -8.187728291978400463e+00 -8.784909784411382150e-01 -8.187728291978400463e+00 1.440650552470604318e+01
2.010960851719826969e+00 -1.204387192500829684e+01 -9.670148170784331754e-01 -1.204387192500829684e+01 7.942147766587892121e+00 -7.902147840311279481e+00 -9.670148170784331754e-01 -7.902147840311279481e+00 1.430556358423679875e+01
1.958650495014431669e+00 -1.189442401741223243e+01 -1.042959046779027510e+00 -1.189442401741223243e+01 7.942273383224920380e+00 -7.591138992262838947e+00 -1.042959046779027510e+00 -7.591138992262838947e+00 1.415369307006946897e+01
1.891642991776714133e+00 -1.173634445232893064e+01 -1.105695584357779371e+00 -1.173634445232893064e+01 7.926194453685286412e+00 -7.255293940550498810e+00 -1.105695584357779371e+00 -7.255293940550498810e+00 1.394999672051099893e+01
1.808682175636390888e+00 -1.157097912229798098e+01 -1.154721963266575280e+00 -1.157097912229798098e+01 7.892188235518313277e+00 -6.895222823125538802e+00 -1.154721963266575280e+00 -6.895222823125538802e+00 1.369332604059427005e+01
1.708475989755455560e+00 -1.139965597462511404e+01 -1.189356264618689485e+00 -1.139965597462511404e+01 7.838514041039466917e+00 -6.511392216068353278e+00 -1.189356264618689485e+00 -6.511392216068353278e+00 1.338272993292463653e+01
-4.202557947951731876e+00 1.105116296924727060e+01 -9.226180467962938891e+00 1.105116296924727060e+01 2.793245185759294458e+01 1.651063922681721863e+01 -9.226180467962938891e+00 1.651063922681721863e+01 1.578691680986042023e+01
-4.313586891865364592e+00 1.106995330642841147e+01 -9.335139441208943012e+00 1.106995330642841147e+01 2.784185495173477776e+01 1.646815129440668102e+01 -9.335139441208943012e+00 1.646815129440668102e+01 1.552742100426864269e+01
-4.416443020556810595e+00 1.108185563776727278e+01 -9.419526435064225822e+00 1.108185563776727278e+01 2.771089361785786664e+01 1.638824328880635406e+01 -9.419526435064225822e+00 1.638824328880635406e+01 1.521026937775353538e+01
-4.510805131681093094e+00 1.108676289581552687e+01 -9.479662651873765000e+00 1.108676289581552687e+01 2.754069206416962601e+01 1.627168252672923288e+01 -9.479662651873765000e+00 1.627168252672923288e+01 1.483667536139612331e+01
-4.597511920250097361e+00 1.108479999259622595e+01 -9.515583780786998958e+00 1.108479999259622595e+01 2.733169640503808395e+01 1.611939692606080499e+01 -9.515583780786998958e+00 1.611939692606080499e+01 1.440701369126554887e+01
-4.677776817344844851e+00 1.107603830640824860e+01 -9.527075686907277685e+00 1.107603830640824860e+01 2.708431706568181596e+01 1.593263560703154091e+01 -9.527075686907277685e+00 1.593263560703154091e+01 1.392176617087927326e+01
-4.753187990115499417e+00 1.106063843842408545e+01 -9.513817167889625281e+00 1.106063843842408545e+01 2.679914291706662155e+01 1.571284398019383488e+01 -9.513817167889625281e+00 1.571284398019383488e+01 1.338098633396146120e+01
-4.825797564654966898e+00 1.103874314524150257e+01 -9.475379953940739952e+00 1.103874314524150257e+01 2.647658438441106910e+01 1.546155667897368424e+01 -9.475379953940739952e+00 1.546155667897368424e+01 1.278453142391434305e+01
-4.897693356205597759e+00 1.101060225090659550e+01 -9.411210863244273028e+00 1.101060225090659550e+01 2.611726602783040718e+01 1.518037971509597561e+01 -9.411210863244273028e+00 1.518037971509597561e+01 1.213240144073792059e+01
-4.971427138952485336e+00 1.097642989031601246e+01 -9.320542579087222279e+00 1.097642989031601246e+01 2.572163396169264615e+01 1.487097263400975500e+01 -9.320542579087222279e+00 1.487097263400975500e+01 1.142391829059279829e+01
1.623957302136414071e+01 -1.595107793114513561e-01 2.341294826697006570e+01 -1.595107793114513561e-01 -1.823698772595856354e+01 1.941869962293515073e+01 2.341294826697006570e+01 1.941869962293515073e+01 5.517486749349521880e+00
1.610989905183628323e+01 -5.883876965840541956e-02 2.345111542693046758e+01 -5.883876965840541956e-02 -1.830078114833650815e+01 1.938138546179459709e+01 2.345111542693046758e+01 1.938138546179459709e+01 5.258519937426084034e+00
1.597218511470859248e+01 3.780418173919139480e-02 2.345004464117788956e+01 3.780418173919139480e-02 -1.834711531827417375e+01 1.931731980575074203e+01 2.345004464117788956e+01 1.931731980575074203e+01 4.996667448644013021e+00
1.582793756959909004e+01 1.302365857707332986e-01 2.340982665426764342e+01 1.302365857707332986e-01 -1.837566355537246920e+01 1.922675673955844289e+01 2.340982665426764342e+01 1.922675673955844289e+01 4.733671578465125762e+00
1.567766458601747637e+01 2.181499109481903897e-01 2.333049776402184250e+01 2.181499109481903897e-01 -1.838756924102821344e+01 1.911013183708314145e+01 2.333049776402184250e+01 1.911013183708314145e+01 4.470004198576996046e+00
1.552147505743010747e+01 3.013263703388356918e-01 2.321229390628427680e+01 3.013263703388356918e-01 -1.838408465010457959e+01 1.896771733199075882e+01 2.321229390628427680e+01 1.896771733199075882e+01 4.205737904623868317e+00
1.535931453710381334e+01 3.795844748320633677e-01 2.305552361254297011e+01 3.795844748320633677e-01 -1.836697022697445192e+01 1.879978545794719835e+01 2.305552361254297011e+01 1.879978545794719835e+01 3.940346378184984566e+00
1.519089264246161441e+01 4.527427353172676638e-01 2.286058615884126510e+01 4.527427353172676638e-01 -1.833816790512130623e+01 1.860649955515200560e+01 2.286058615884126510e+01 1.860649955515200560e+01 3.673049216084738777e+00
1.501568305508276246e+01 5.206741094170244111e-01 2.262784452340036268e+01 5.206741094170244111e-01 -1.829972851149499391e+01 1.838789592142730100e+01 2.262784452340036268e+01 1.838789592142730100e+01 3.402848228214800486e+00
1.483306871199119215e+01 5.832334058428491064e-01 2.235773428008573305e+01 5.832334058428491064e-01 -1.825382991542278432e+01 1.814384751439566301e+01 2.235773428008573305e+01 1.814384751439566301e+01 3.128309650601383218e+00
3.353888944026292762e+01 7.090767456572494964e+00 1.483471151121328724e+01 7.090767456572494964e+00 -7.215349939561136239e+00 -1.196714883999193679e+00 1.483471151121328724e+01 -1.196714883999193679e+00 -2.074519372311765864e+00
3.343952412701010246e+01 7.099751856293842422e+00 1.464935010102604984e+01 7.099751856293842422e+00 -7.287994717387725530e+00 -1.370353621243236564e+00 1.464935010102604984e+01 -1.370353621243236564e+00 -2.301241236196277740e+00
3.333722367121882257e+01 7.101147838720665462e+00 1.444406909544069073e+01 7.101147838720665462e+00 -7.329301479453201651e+00 -1.535491183452140307e+00 1.444406909544069073e+01 -1.535491183452140307e+00 -2.507148644152648931e+00
3.323270396131311344e+01 7.095259656433168693e+00 1.421969176614481611e+01 7.095259656433168693e+00 -7.338948075966758466e+00 -1.691161121253489164e+00 1.421969176614481611e+01 -1.691161121253489164e+00 -2.691239352387262862e+00
3.312580392239755867e+01 7.082409459222158254e+00 1.397729194577444645e+01 7.082409459222158254e+00 -7.317704086984210932e+00 -1.836271704800665150e+00 1.397729194577444645e+01 -1.836271704800665150e+00 -2.853602846953121830e+00
