-1.884677601907988276e+00 2.887304965234960275e-01 -2.386190196044810197e+00 2.887304965234960275e-01 -2.218109156075755539e+00 -1.377649707374118071e+00 -2.386190196044810197e+00 -1.377649707374118071e+00 -1.212317276127526711e+00
-1.825998422273821031e+00 3.975537023904965883e-01 -2.429318036854513529e+00 3.975537023904965883e-01 -2.186445906911063108e+00 -1.348644652171281599e+00 -2.429318036854513529e+00 -1.348644652171281599e+00 -1.100492300208362195e+00
-1.755619572617063584e+00 5.059429174065819268e-01 -2.477382523593378405e+00 5.059429174065819268e-01 -2.144258379611675647e+00 -1.320905403616948082e+00 -2.477382523593378405e+00 -1.320905403616948082e+00 -9.701684642689349936e-01
-1.673794214267416258e+00 6.134279848165938853e-01 -2.530275158548675130e+00 6.134279848165938853e-01 -2.091546574177593598e+00 -1.294450044663238986e+00 -2.530275158548675130e+00 -1.294450044663238986e+00 -8.231540635213916435e-01
-1.581589241400045642e+00 7.191951717750663109e-01 -2.587724697438582577e+00 7.191951717750663109e-01 -2.029088057550040070e+00 -1.269387073022882895e+00 -2.587724697438582577e+00 -1.269387073022882895e+00 -6.612935590821223952e-01
-1.480559787897398394e+00 8.224849942928973423e-01 -2.649459895981277846e+00 8.224849942928973423e-01 -1.958130553425395215e+00 -1.245843069360730304e+00 -2.649459895981277846e+00 -1.245843069360730304e+00 -4.871185642481327127e-01
-1.372405651258892023e+00 9.225922172373498542e-01 -2.715064846277967181e+00 9.225922172373498542e-01 -1.880030283212770659e+00 -1.223944614341631043e+00 -2.715064846277967181e+00 -1.223944614341631043e+00 -3.034681025024932310e-01
-1.258880877840309331e+00 1.018793522523565143e+00 -2.784214055190465054e+00 1.018793522523565143e+00 -1.796414712603097819e+00 -1.203854454534679208e+00 -2.784214055190465054e+00 -1.203854454534679208e+00 -1.133439438973678770e-01
-1.142119255991983939e+00 1.110347509114562703e+00 -2.856509697772097844e+00 1.110347509114562703e+00 -1.708929390239430468e+00 -1.185717253556845652e+00 -2.856509697772097844e+00 -1.185717253556845652e+00 7.976390180779989458e-02
-1.023929080926062163e+00 1.196693605494577373e+00 -2.931590114980437534e+00 1.196693605494577373e+00 -1.619256030669065760e+00 -1.169713840929345716e+00 -2.931590114980437534e+00 -1.169713840929345716e+00 2.727451668481173375e-01
-2.104966225590598583e+01 6.516806450144884799e+00 1.221126642544597019e+01 6.516806450144884799e+00 -2.973301508023173056e+01 -1.241099633719442963e+01 1.221126642544597019e+01 -1.241099633719442963e+01 9.396750660243609943e+00
-2.116227770266930364e+01 6.523084469624043535e+00 1.217470946246113428e+01 6.523084469624043535e+00 -2.994733814640372671e+01 -1.242266345304065389e+01 1.217470946246113428e+01 -1.242266345304065389e+01 8.943196161529513688e+00
-2.128480093828616049e+01 6.524214142745662137e+00 1.210357709426216921e+01 6.524214142745662137e+00 -3.015905000093394150e+01 -1.242042262602891967e+01 1.210357709426216921e+01 -1.242042262602891967e+01 8.462677661748587710e+00
-2.141671342427450497e+01 6.520454738750767198e+00 1.199853601318314489e+01 6.520454738750767198e+00 -3.036666910530222552e+01 -1.240418126000171561e+01 1.199853601318314489e+01 -1.240418126000171561e+01 7.957176718671538751e+00
-2.155857073757939091e+01 6.512287757658410392e+00 1.186017883463212641e+01 6.512287757658410392e+00 -3.056991767103605895e+01 -1.237362452802350710e+01 1.186017883463212641e+01 -1.237362452802350710e+01 7.428082274661014672e+00
-2.171105808976639651e+01 6.500065064867127873e+00 1.168913521248017773e+01 6.500065064867127873e+00 -3.076885125582993652e+01 -1.232830796853825284e+01 1.168913521248017773e+01 -1.232830796853825284e+01 6.875949906662073730e+00
-2.187523107703112402e+01 6.484194083469961178e+00 1.148607183906136697e+01 6.484194083469961178e+00 -3.096404395586041858e+01 -1.226769452383239134e+01 1.148607183906136697e+01 -1.226769452383239134e+01 6.300927768526729089e+00
-2.205201566094867260e+01 6.465008159633947926e+00 1.125159984901526222e+01 6.465008159633947926e+00 -3.115616246346157681e+01 -1.219119157849786284e+01 1.125159984901526222e+01 -1.219119157849786284e+01 5.702775110245458912e+00
-2.224289338003920591e+01 6.442859158757624272e+00 1.098629333851841849e+01 6.442859158757624272e+00 -3.134639200944954496e+01 -1.209802132481158665e+01 1.098629333851841849e+01 -1.209802132481158665e+01 5.080714124095178086e+00
-2.244891983049832618e+01 6.418024869313518010e+00 1.069065232682139488e+01 6.418024869313518010e+00 -3.153584374771442356e+01 -1.198746151274498395e+01 1.069065232682139488e+01 -1.198746151274498395e+01 4.434096636973321459e+00
-2.129793071985231379e+01 1.529244432972444168e-01 -6.303586553239581391e+00 1.529244432972444168e-01 -3.198330755711501894e+01 6.006182270634819353e+00 -6.303586553239581391e+00 6.006182270634819353e+00 -5.172150675475803894e+01
-2.131692637693388193e+01 1.924955942869630843e-01 -6.224989671116941459e+00 1.924955942869630843e-01 -3.194832545595490814e+01 5.919516936147830144e+00 -6.224989671116941459e+00 5.919516936147830144e+00 -5.170162714135683046e+01
-2.126655967429582361e+01 2.292268005050812074e-01 -6.141784931583426754e+00 2.292268005050812074e-01 -3.184076489867819149e+01 5.824707918971418152e+00 -6.141784931583426754e+00 5.824707918971418152e+00 -5.149184737988377236e+01
-2.114668015128799894e+01 2.630616392077921306e-01 -6.053671413338735263e+00 2.630616392077921306e-01 -3.166056946254107274e+01 5.721416682642741947e+00 -6.053671413338735263e+00 5.721416682642741947e+00 -5.109207343243250676e+01
-2.095830341729892154e+01 2.940001103950958816e-01 -5.960630308801596833e+00 2.940001103950958816e-01 -3.140873594935080604e+01 5.609473958930381698e+00 -5.960630308801596833e+00 5.609473958930381698e+00 -5.050458101633657293e+01
-2.070255792720472243e+01 3.221174443920680752e-01 -5.862586387646937958e+00 3.221174443920680752e-01 -3.108641162156477478e+01 5.488654056859111563e+00 -5.862586387646937958e+00 5.488654056859111563e+00 -4.973243576734279969e+01
-2.038102351783199140e+01 3.474700639425151727e-01 -5.759502034712220109e+00 3.474700639425151727e-01 -3.069515750842831991e+01 5.358731285453704807e+00 -5.759502034712220109e+00 5.358731285453704807e+00 -4.877986939123668719e+01
-1.999597590651425350e+01 3.702272372778571685e-01 -5.651358442416173133e+00 3.702272372778571685e-01 -3.023719290453114539e+01 5.219423530995127791e+00 -5.651358442416173133e+00 5.219423530995127791e+00 -4.765212920319223855e+01
-1.954957796509744483e+01 3.903889643980940627e-01 -5.538061572852453374e+00 3.903889643980940627e-01 -2.971473710446299421e+01 5.070505102508154671e+00 -5.538061572852453374e+00 5.070505102508154671e+00 -4.635517720647170137e+01
-1.904391733510239959e+01 4.081997438597212424e-01 -5.419874732158826092e+00 4.081997438597212424e-01 -2.912970848151328340e+01 4.911957192411515294e+00 -5.419874732158826092e+00 4.911957192411515294e+00 -4.489651762600136209e+01
4.003037063157389497e+01 -8.079646793475404820e+00 7.644235824461850903e+00 -8.079646793475404820e+00 2.140362110979205212e+01 -1.716288813734431073e+01 7.644235824461850903e+00 -1.716288813734431073e+01 5.423657215731935821e+01
4.012020881041136278e+01 -8.077168140268042862e+00 7.656871755847634020e+00 -8.077168140268042862e+00 2.121238348156249387e+01 -1.723163176406038843e+01 7.656871755847634020e+00 -1.723163176406038843e+01 5.409521959154286463e+01
4.010743421311188683e+01 -8.056038921668219999e+00 7.628809241562882981e+00 -8.056038921668219999e+00 2.094924757708021446e+01 -1.726113293719975772e+01 7.628809241562882981e+00 -1.726113293719975772e+01 5.372284961354452548e+01
3.999092017912664687e+01 -8.016727135134672722e+00 7.560204280760507878e+00 -8.016727135134672722e+00 2.061462939408631811e+01 -1.725246631759359772e+01 7.560204280760507878e+00 -1.725246631759359772e+01 5.311866489432058813e+01
3.976981737973425624e+01 -7.959960776714314790e+00 7.451576870616880122e+00 -7.959960776714314790e+00 2.020967292636881751e+01 -1.720658523339858093e+01 7.451576870616880122e+00 -1.720658523339858093e+01 5.228432942483541979e+01
3.944398714902100522e+01 -7.886866506955947820e+00 7.303620340700491376e+00 -7.886866506955947820e+00 1.973550483447650805e+01 -1.712472034459877790e+01 7.303620340700491376e+00 -1.712472034459877790e+01 5.122252985716693274e+01
3.901370681881429903e+01 -7.798657652604436663e+00 7.117218686211169043e+00 -7.798657652604436663e+00 1.919313044628370690e+01 -1.700820631061354504e+01 7.117218686211169043e+00 -1.700820631061354504e+01 4.993692350478893616e+01
3.848034571501190726e+01 -7.696911538428100386e+00 6.893567900654565150e+00 -7.696911538428100386e+00 1.858404042036267612e+01 -1.685849912353670987e+01 6.893567900654565150e+00 -1.685849912353670987e+01 4.843281433890039267e+01
3.784601849279773234e+01 -7.583413488065809283e+00 6.634210642320575779e+00 -7.583413488065809283e+00 1.790982941472094936e+01 -1.667726277433265736e+01 6.634210642320575779e+00 -1.667726277433265736e+01 4.671689298983726246e+01
3.711311713918307476e+01 -7.460018158113282283e+00 6.341157566957830838e+00 -7.460018158113282283e+00 1.717160675666811187e+01 -1.646633458635789893e+01 6.341157566957830838e+00 -1.646633458635789893e+01 4.479633541863344703e+01
-1.313649948858931715e+01 -1.817095044581446883e+00 6.757988773739016963e+00 -1.817095044581446883e+00 -3.081339951275269229e+01 1.211545700431804384e+01 6.757988773739016963e+00 1.211545700431804384e+01 -1.719403417993589755e+01
-1.318051441765442000e+01 -1.867527658204713781e+00 6.659497718814578526e+00 -1.867527658204713781e+00 -3.077352083702999153e+01 1.222565198686156407e+01 6.659497718814578526e+00 1.222565198686156407e+01 -1.720779696011554449e+01
-1.320280937961659973e+01 -1.917552210960120407e+00 6.545203579371190905e+00 -1.917552210960120407e+00 -3.069769570849305751e+01 1.231607456553513025e+01 6.545203579371190905e+00 1.231607456553513025e+01 -1.715293132160961775e+01
-1.320325453692699291e+01 -1.966816286643605860e+00 6.415328934064051580e+00 -1.966816286643605860e+00 -3.058640638089482522e+01 1.238716989764913556e+01 6.415328934064051580e+00 1.238716989764913556e+01 -1.703192272606780477e+01
-1.318197972713446298e+01 -2.014986017272375030e+00 6.270207650875952332e+00 -2.014986017272375030e+00 -3.044056171707734038e+01 1.243886379031851597e+01 6.270207650875952332e+00 1.243886379031851597e+01 -1.684571713277468774e+01
-1.313944865577067134e+01 -2.061671890199834767e+00 6.110210694232224071e+00 -2.061671890199834767e+00 -3.026144154430798139e+01 1.247100785777313980e+01 6.110210694232224071e+00 1.247100785777313980e+01 -1.659602097808678067e+01
-1.307627341413740574e+01 -2.106540037443189739e+00 5.935523546345527812e+00 -2.106540037443189739e+00 -3.005056681673058705e+01 1.248330532847274554e+01 5.935523546345527812e+00 1.248330532847274554e+01 -1.628485601812211669e+01
-1.299328867219165673e+01 -2.149200946355846131e+00 5.746294592985995209e+00 -2.149200946355846131e+00 -2.980975526002927722e+01 1.247532959332820468e+01 5.746294592985995209e+00 1.247532959332820468e+01 -1.591463352164532274e+01
-1.289134764811167244e+01 -2.189394941840075326e+00 5.542579478817426519e+00 -2.189394941840075326e+00 -2.954082459988814335e+01 1.244659839858659289e+01 5.542579478817426519e+00 1.244659839858659289e+01 -1.548795023963368855e+01
-1.277143339762457508e+01 -2.226788155913082434e+00 5.324248366290956547e+00 -2.226788155913082434e+00 -2.924579659242522212e+01 1.239642546006105484e+01 5.324248366290956547e+00 1.239642546006105484e+01 -1.500758840527717553e+01
-2.064878706716322654e+01 1.053871595405066408e+01 5.646034194075998158e+00 1.053871595405066408e+01 3.272684191055871938e+00 1.770989076183122535e+01 5.646034194075998158e+00 1.770989076183122535e+01 -2.624907126195392237e+01
-2.062481142599807526e+01 1.067202198645093603e+01 5.912004217988418020e+00 1.067202198645093603e+01 3.321644394781801068e+00 1.772539146327311599e+01 5.912004217988418020e+00 1.772539146327311599e+01 -2.614794065006143953e+01
-2.055284781445186937e+01 1.079710989548319944e+01 6.162546916560445176e+00 1.079710989548319944e+01 3.398781021483761489e+00 1.770433252214259312e+01 6.162546916560445176e+00 1.770433252214259312e+01 -2.595455793455797533e+01
-2.043324476900673758e+01 1.091352108051307823e+01 6.397515537589080203e+00 1.091352108051307823e+01 3.504020695060252599e+00 1.764675062649040527e+01 6.397515537589080203e+00 1.764675062649040527e+01 -2.567002375696603167e+01
-2.026704789910905546e+01 1.102068687675394720e+01 6.616157976033947286e+00 1.102068687675394720e+01 3.636592966445524322e+00 1.755251736813892549e+01 6.616157976033947286e+00 1.755251736813892549e+01 -2.529624589592462058e+01
-2.005544956640819265e+01 1.111794689929230451e+01 6.817740470880044867e+00 1.111794689929230451e+01 3.795617322421575235e+00 1.742161440306277953e+01 6.817740470880044867e+00 1.742161440306277953e+01 -2.483590257913848376e+01
-1.980006404513716234e+01 1.120475082736690098e+01 7.001584293188498620e+00 1.120475082736690098e+01 3.979883057313654326e+00 1.725404173126197094e+01 7.001584293188498620e+00 1.725404173126197094e+01 -2.429198388274375731e+01
-1.950257898563045700e+01 1.128045662008960903e+01 7.167029058045806700e+00 1.128045662008960903e+01 4.188161121421634547e+00 1.704976266468574408e+01 7.167029058045806700e+00 1.704976266468574408e+01 -2.366777338728256908e+01
-1.916466369419720905e+01 1.134449561267380524e+01 7.313396036513093890e+00 1.134449561267380524e+01 4.419149088943890469e+00 1.680868548320722411e+01 7.313396036513093890e+00 1.680868548320722411e+01 -2.296638957706866435e+01
-1.878807919727341869e+01 1.139626245228211054e+01 7.440006499651483196e+00 1.139626245228211054e+01 4.671489502002669880e+00 1.653070012267416899e+01 7.440006499651483196e+00 1.653070012267416899e+01 -2.219107934459343312e+01
-3.709327517802826879e+00 7.375669997033118541e+00 1.798523399228438890e+01 7.375669997033118541e+00 9.936675233870293056e+00 2.162030973858050942e+01 1.798523399228438890e+01 2.162030973858050942e+01 2.094915901335690833e+01
-3.513413215280069668e+00 7.390900210783286184e+00 1.798874590039619292e+01 7.390900210783286184e+00 9.737087762148965098e+00 2.149316433061439824e+01 1.798874590039619292e+01 2.149316433061439824e+01 2.091352031318151106e+01
-3.342530217003178095e+00 7.394197104112735452e+00 1.794181892414714596e+01 7.394197104112735452e+00 9.501807836556654507e+00 2.130816202829617367e+01 1.794181892414714596e+01 2.130816202829617367e+01 2.078232546014770676e+01
-3.198380723332464814e+00 7.385560677021462794e+00 1.784379010129164911e+01 7.385560677021462794e+00 9.233021440713974570e+00 2.106675418140673628e+01 1.784379010129164911e+01 2.106675418140673628e+01 2.055555653635695990e+01
-3.083347814772367634e+00 7.365170108494766943e+00 1.769431899175764045e+01 7.365170108494766943e+00 8.932341185488585467e+00 2.077067882610345961e+01 1.769431899175764045e+01 2.077067882610345961e+01 2.023353606398280746e+01
-2.999922079218503068e+00 7.333383756503238260e+00 1.749328017025541371e+01 7.333383756503238260e+00 8.601415517545216716e+00 2.042192484912312977e+01 1.749328017025541371e+01 2.042192484912312977e+01 1.981669407258995719e+01
-2.950594104566486298e+00 7.290739158002766729e+00 1.724076322627761826e+01 7.290739158002766729e+00 8.241659950867704865e+00 2.002267823408635650e+01 1.724076322627761826e+01 2.002267823408635650e+01 1.930562185282988708e+01
-2.937872396610463177e+00 7.237970946833065966e+00 1.693712651779484446e+01 7.237970946833065966e+00 7.854561671034007375e+00 1.957526830780199134e+01 1.693712651779484446e+01 1.957526830780199134e+01 1.870105403854231341e+01
-2.963996692666634569e+00 7.175813756833847812e+00 1.658303300705269123e+01 7.175813756833847812e+00 7.441607863622084373e+00 1.908211398657153168e+01 1.658303300705269123e+01 1.908211398657153168e+01 1.800413737523312818e+01
-3.031081304761495065e+00 7.105342661916891345e+00 1.617936067107910247e+01 7.105342661916891345e+00 7.004196124717242178e+00 1.854579544778324163e+01 1.617936067107910247e+01 1.854579544778324163e+01 1.721635904848028886e+01
-9.457589326538078822e+00 4.991750074524886394e+00 -1.539443070521087265e+01 4.991750074524886394e+00 2.633072695224690118e+00 -1.727768441225628004e+00 -1.539443070521087265e+01 -1.727768441225628004e+00 1.609096572101394784e+01
-9.376986717461027965e+00 4.940108107392913617e+00 -1.523748387428358875e+01 4.940108107392913617e+00 2.570044955465089043e+00 -1.769919257165630810e+00 -1.523748387428358875e+01 -1.769919257165630810e+00 1.610597834038983933e+01
-9.302049928677281088e+00 4.885073865690428008e+00 -1.505969620756404836e+01 4.885073865690428008e+00 2.489586698497421313e+00 -1.815191687471053195e+00 -1.505969620756404836e+01 -1.815191687471053195e+00 1.607353520380588208e+01
-9.233302236583355693e+00 4.827044317718232058e+00 -1.486092335294287103e+01 4.827044317718232058e+00 2.392257288745549104e+00 -1.863603776155567937e+00 -1.486092335294287103e+01 -1.863603776155567937e+00 1.599284237466046399e+01
-9.172187162273088390e+00 4.766470563818151263e+00 -1.464147205865249646e+01 4.766470563818151263e+00 2.277930418113760958e+00 -1.915047259137137914e+00 -1.464147205865249646e+01 -1.915047259137137914e+00 1.586319613642034554e+01
-9.120436931059076713e+00 4.703803704332009339e+00 -1.440152276482965732e+01 4.703803704332009339e+00 2.146317382383290617e+00 -1.969395828320052111e+00 -1.440152276482965732e+01 -1.969395828320052111e+00 1.568365820037453240e+01
-9.080126604513715449e+00 4.639567015656320237e+00 -1.414129199963842609e+01 4.639567015656320237e+00 1.996678376993546999e+00 -2.026414911526562612e+00 -1.414129199963842609e+01 -2.026414911526562612e+00 1.545291135352489320e+01
-9.053439508291429405e+00 4.574175510105563447e+00 -1.386092411518818679e+01 4.574175510105563447e+00 1.828219465342920458e+00 -2.085887980592593394e+00 -1.386092411518818679e+01 -2.085887980592593394e+00 1.516958425083229045e+01
-9.042847672265407866e+00 4.508080288021560911e+00 -1.356045519950628453e+01 4.508080288021560911e+00 1.640092578788781896e+00 -2.147616551367742765e+00 -1.356045519950628453e+01 -2.147616551367742765e+00 1.483194466698411951e+01
-9.050787038281505659e+00 4.441768537773482350e+00 -1.323984916456537420e+01 4.441768537773482350e+00 1.430998548346680055e+00 -2.211420183715281151e+00 -1.323984916456537420e+01 -2.211420183715281151e+00 1.443809798054472004e+01
-3.250712786600897886e+01 -3.672409414734513433e+00 -1.571955639437472918e+01 -3.672409414734513433e+00 -5.190937393491844354e+00 -4.534262603220628463e-01 -1.571955639437472918e+01 -4.534262603220628463e-01 -3.002192145036940119e+01
-3.249144768634979386e+01 -3.682801013088528475e+00 -1.565091617596133311e+01 -3.682801013088528475e+00 -5.126528040122583008e+00 -4.585663902221737698e-01 -1.565091617596133311e+01 -4.585663902221737698e-01 -2.990995197810488904e+01
-3.241876216714858572e+01 -3.691021509643579446e+00 -1.556724525278587912e+01 -3.691021509643579446e+00 -5.026026438898752779e+00 -4.667683303515927085e-01 -1.556724525278587912e+01 -4.667683303515927085e-01 -2.968137392716782941e+01
-3.228903419555408760e+01 -3.697126573676563499e+00 -1.546833950416641557e+01 -3.697126573676563499e+00 -4.889803718332996318e+00 -4.782362013922735189e-01 -1.546833950416641557e+01 -4.782362013922735189e-01 -2.933748624735246224e+01
-3.210308025429411316e+01 -3.701190430890008987e+00 -1.535401336584661891e+01 -3.701190430890008987e+00 -4.718750586855658291e+00 -4.932112368774343447e-01 -1.535401336584661891e+01 -4.932112368774343447e-01 -2.888036725832959917e+01
-3.186201372890660011e+01 -3.703231637709547108e+00 -1.522402560429327067e+01 -3.703231637709547108e+00 -4.514203107112252589e+00 -5.119903396171898713e-01 -1.522402560429327067e+01 -5.119903396171898713e-01 -2.831265197253900467e+01
-3.156711501276016563e+01 -3.703250194135179640e+00 -1.507813498597315593e+01 -3.703250194135179640e+00 -4.277664349578987668e+00 -5.347590738678619227e-01 -1.507813498597315593e+01 -5.347590738678619227e-01 -2.763745786948688021e+01
-3.122009129701296004e+01 -3.701264656592537339e+00 -1.491582193096856912e+01 -3.701264656592537339e+00 -4.010971400393447794e+00 -5.617401167370363879e-01 -1.491582193096856912e+01 -5.617401167370363879e-01 -2.685847767787403839e+01
-3.082198174150039449e+01 -3.697200799379092295e+00 -1.473669675434123683e+01 -3.697200799379092295e+00 -3.715571660754940275e+00 -5.931190324810351466e-01 -1.473669675434123683e+01 -5.931190324810351466e-01 -2.597949690852943050e+01
-3.037631206709258080e+01 -3.691169961048637038e+00 -1.454003575549150362e+01 -3.691169961048637038e+00 -3.394526940892774736e+00 -6.291370546330762314e-01 -1.454003575549150362e+01 -6.291370546330762314e-01 -2.500552579637374961e+01
6.188637200481565515e+00 6.126630340351702841e+00 -2.007223124258887736e+01 6.126630340351702841e+00 -2.402387828071252684e+01 -9.179850313926692706e+00 -2.007223124258887736e+01 -9.179850313926692706e+00 1.753959993117099359e+01
5.929524125530925005e+00 6.023515766970447771e+00 -1.998516357937604937e+01 6.023515766970447771e+00 -2.412137734419339452e+01 -9.150791413180019873e+00 -1.998516357937604937e+01 -9.150791413180019873e+00 1.708583401951139891e+01
5.638807905865797387e+00 5.910605854313110363e+00 -1.985847840295011935e+01 5.910605854313110363e+00 -2.421796774911432593e+01 -9.106794165708038236e+00 -1.985847840295011935e+01 -9.106794165708038236e+00 1.657907514063647980e+01
5.319796058644341130e+00 5.789227243877190787e+00 -1.969359322066458162e+01 5.789227243877190787e+00 -2.431254093203220279e+01 -9.048749056899486831e+00 -1.969359322066458162e+01 -9.048749056899486831e+00 1.602263081170439207e+01
4.974105996103235228e+00 5.660742923502592561e+00 -1.949214361792732220e+01 5.660742923502592561e+00 -2.440578747345258392e+01 -8.977582918485492058e+00 -1.949214361792732220e+01 -8.977582918485492058e+00 1.541948143279172712e+01
4.603627728047143819e+00 5.526661266398804173e+00 -1.925601960454300254e+01 5.526661266398804173e+00 -2.449857968559299337e+01 -8.894386140737980284e+00 -1.925601960454300254e+01 -8.894386140737980284e+00 1.477209855518149695e+01
4.209869627685556281e+00 5.388563338460109264e+00 -1.898718388300107307e+01 5.388563338460109264e+00 -2.459213517092374701e+01 -8.800158248072875722e+00 -1.898718388300107307e+01 -8.800158248072875722e+00 1.408280834478713395e+01
3.794376414570358236e+00 5.247957512895997212e+00 -1.868774454116057981e+01 5.247957512895997212e+00 -2.468779874411354669e+01 -8.696025977104495652e+00 -1.868774454116057981e+01 -8.696025977104495652e+00 1.335382792849487466e+01
3.358311171658265870e+00 5.106352162915958282e+00 -1.835977332053818145e+01 5.106352162915958282e+00 -2.478733320276866436e+01 -8.582897986392772793e+00 -1.835977332053818145e+01 -8.582897986392772793e+00 1.258670202585660824e+01
2.902818808734795475e+00 4.965237488558284618e+00 -1.800526926996571930e+01 4.965237488558284618e+00 -2.489250134449536844e+01 -8.461737454011238668e+00 -1.800526926996571930e+01 -8.461737454011238668e+00 1.178288449056822351e+01
-4.127701033979996481e+01 8.751871307318726423e+00 2.598828141671454706e+00 8.751871307318726423e+00 -3.593994707037853686e+01 5.628628111601690520e+00 2.598828141671454706e+00 5.628628111601690520e+00 -2.333073864472815018e+01
-4.122189550934298552e+01 8.724285472617674841e+00 2.546687882676063275e+00 8.724285472617674841e+00 -3.575662252603281388e+01 5.457751296238524397e+00 2.546687882676063275e+00 5.457751296238524397e+00 -2.299372159276229866e+01
-4.112619767206619770e+01 8.690977850773963453e+00 2.483350351490891228e+00 8.690977850773963453e+00 -3.553923250724171368e+01 5.274824624508689830e+00 2.483350351490891228e+00 5.274824624508689830e+00 -2.256316658343444104e+01
-4.099020102269522425e+01 8.652081065992881292e+00 2.408986064951315953e+00 8.652081065992881292e+00 -3.528893273922277274e+01 5.079639686946727295e+00 2.408986064951315953e+00 5.079639686946727295e+00 -2.204318496710867237e+01
-4.081460657488661781e+01 8.607689849849638364e+00 2.324011841988260052e+00 8.607689849849638364e+00 -3.500714419560414825e+01 4.872480678278264143e+00 2.324011841988260052e+00 4.872480678278264143e+00 -2.143637238894573827e+01
-4.060045637596768131e+01 8.557993665494654678e+00 2.228863447847687418e+00 8.557993665494654678e+00 -3.469551520579447867e+01 4.653574954283804743e+00 2.228863447847687418e+00 4.653574954283804743e+00 -2.074596866881780954e+01
-4.034913350693648226e+01 8.503125137133226374e+00 2.124014540405646745e+00 8.503125137133226374e+00 -3.435597829392806091e+01 4.423130924428811284e+00 2.124014540405646745e+00 4.423130924428811284e+00 -1.997578201604830994e+01
-4.006232418983174171e+01 8.443311620545852492e+00 2.009881938593060191e+00 8.443311620545852492e+00 -3.399073123254973439e+01 4.181394890808825870e+00 2.009881938593060191e+00 4.181394890808825870e+00 -1.912994272731639001e+01
-3.974188516352758427e+01 8.378799417828082241e+00 1.886882461340850803e+00 8.378799417828082241e+00 -3.360193390157428439e+01 3.928442638684018107e+00 1.886882461340850803e+00 3.928442638684018107e+00 -1.821314948875243545e+01
-3.938997630793877391e+01 8.309796938445373371e+00 1.755470820210024208e+00 8.309796938445373371e+00 -3.319206826827221590e+01 3.664387845944639732e+00 1.755470820210024208e+00 3.664387845944639732e+00 -1.722998730859660554e+01
-3.129512045920050767e+01 4.089013224248137846e+00 1.936578959284390722e+00 4.089013224248137846e+00 -9.450380706888852345e+00 -6.056857717394649399e+00 1.936578959284390722e+00 -6.056857717394649399e+00 -4.457052956355773432e+01
-3.132108801477095383e+01 4.121864420627132652e+00 2.022484557992664467e+00 4.121864420627132652e+00 -9.460193159640331473e+00 -5.917132867378368744e+00 2.022484557992664467e+00 -5.917132867378368744e+00 -4.462151327718851235e+01
-3.127833109137478829e+01 4.151301778881563820e+00 2.100946870298201929e+00 4.151301778881563820e+00 -9.416988519768807464e+00 -5.770113969784469887e+00 2.100946870298201929e+00 -5.770113969784469887e+00 -4.450971474232235181e+01
-3.116634600797722499e+01 4.177120095626895235e+00 2.172301683557517293e+00 4.177120095626895235e+00 -9.320486964477188607e+00 -5.615782369759811488e+00 2.172301683557517293e+00 -5.615782369759811488e+00 -4.423548840116890091e+01
-3.098593492326327592e+01 4.199319370863126011e+00 2.236623617183169266e+00 4.199319370863126011e+00 -9.171210829653388075e+00 -5.454324615835791867e+00 2.236623617183169266e+00 -5.454324615835791867e+00 -4.380002816432911317e+01
-3.073789999591796018e+01 4.217824985177699659e+00 2.293931326028298301e+00 4.217824985177699659e+00 -8.969850344863569802e+00 -5.285945911396947139e+00 2.293931326028298301e+00 -5.285945911396947139e+00 -4.320547933991404221e+01
-3.042347244624847846e+01 4.232692903130032214e+00 2.344224810092903066e+00 4.232692903130032214e+00 -8.717506146442978832e+00 -5.110944734093512132e+00 2.344224810092903066e+00 -5.110944734093512132e+00 -4.245473343016033851e+01
-3.004408869794659154e+01 4.243867160160706753e+00 2.387560033936403592e+00 4.243867160160706753e+00 -8.415428109551974956e+00 -4.929470322750605149e+00 2.387560033936403592e+00 -4.929470322750605149e+00 -4.155122292804571771e+01
-2.960139037808860252e+01 4.251366411122862843e+00 2.423955652411939443e+00 4.251366411122862843e+00 -8.065052657882310072e+00 -4.741802500165320566e+00 2.423955652411939443e+00 -4.741802500165320566e+00 -4.049890266243578907e+01
-2.909724297198847509e+01 4.255227965722777839e+00 2.453411665519510620e+00 4.255227965722777839e+00 -7.668058728216561981e+00 -4.548165124575335838e+00 2.453411665519510620e+00 -4.548165124575335838e+00 -3.930236172720291421e+01
-4.602012236783566124e+01 2.724221738246638935e+00 -4.958754962139620304e+00 2.724221738246638935e+00 -5.030483412992455072e+01 1.415708857064460524e+01 -4.958754962139620304e+00 1.415708857064460524e+01 -5.078008313591157474e+01
-4.598417803016361916e+01 2.643665497051471025e+00 -4.954990651803397483e+00 2.643665497051471025e+00 -5.025556992490896846e+01 1.415594962546595248e+01 -4.954990651803397483e+00 1.415594962546595248e+01 -5.066060971708652971e+01
-4.588427902508693990e+01 2.562124743922214787e+00 -4.946805689841558440e+00 2.562124743922214787e+00 -5.014140514886577193e+01 1.413842145220805335e+01 -4.946805689841558440e+00 1.413842145220805335e+01 -5.036027566472266415e+01
-4.571969179469393652e+01 2.479695999636720938e+00 -4.933813993142697640e+00 2.479695999636720938e+00 -4.996162554803888867e+01 1.410417588022621160e+01 -4.933813993142697640e+00 1.410417588022621160e+01 -4.988081835282130783e+01
-4.549101476780730025e+01 2.396475784972842415e+00 -4.915822520151110098e+00 2.396475784972842415e+00 -4.971731215514024171e+01 1.405298125965358302e+01 -4.915822520151110098e+00 1.405298125965358302e+01 -4.922434193433962690e+01
-4.519934828129453308e+01 2.312715053952992594e+00 -4.892522404377669609e+00 2.312715053952992594e+00 -4.940995139014876969e+01 1.398437429075647565e+01 -4.892522404377669609e+00 1.398437429075647565e+01 -4.839430185312471622e+01
-4.484594710526770456e+01 2.228684064755158012e+00 -4.863797820888953183e+00 2.228684064755158012e+00 -4.904128062706578106e+01 1.389787236964563455e+01 -4.863797820888953183e+00 1.389787236964563455e+01 -4.739484850262421389e+01
-4.443254861372816578e+01 2.144633771401753375e+00 -4.829436423973689330e+00 2.144633771401753375e+00 -4.861342332300402802e+01 1.379291567580951572e+01 -4.829436423973689330e+00 1.379291567580951572e+01 -4.623096235497526862e+01
-4.396079365989938736e+01 2.060718607137340452e+00 -4.789303084542884115e+00 2.060718607137340452e+00 -4.812807824365370379e+01 1.366911812613671096e+01 -4.789303084542884115e+00 1.366911812613671096e+01 -4.490920682307181977e+01
-4.343436933749530482e+01 1.977768650651446913e+00 -4.743417106752106704e+00 1.977768650651446913e+00 -4.759018725284082052e+01 1.352536007960414288e+01 -4.743417106752106704e+00 1.352536007960414288e+01 -4.343612601565221354e+01
-4.834322490859108967e+01 -1.124760401987403924e+01 -9.215925022371038722e+00 -1.124760401987403924e+01 -3.114418579655787411e+01 7.272124955227318388e+00 -9.215925022371038722e+00 7.272124955227318388e+00 -5.411641536141900843e+01
-4.829484750004110083e+01 -1.120649565649961765e+01 -9.232567310009823558e+00 -1.120649565649961765e+01 -3.109927074899941246e+01 7.143673275348657370e+00 -9.232567310009823558e+00 7.143673275348657370e+00 -5.399563443710719213e+01
-4.817207715283912961e+01 -1.116083457535734524e+01 -9.240639775967945724e+00 -1.116083457535734524e+01 -3.098700225916950046e+01 7.007933421228185189e+00 -9.240639775967945724e+00 7.007933421228185189e+00 -5.368103781353541848e+01
-4.797479909258765929e+01 -1.111069729271222606e+01 -9.240467614371683069e+00 -1.111069729271222606e+01 -3.080764813399565938e+01 6.864293262745852608e+00 -9.240467614371683069e+00 6.864293262745852608e+00 -5.317503575305138241e+01
-4.770385499820175568e+01 -1.105610293763051466e+01 -9.232184728684794450e+00 -1.105610293763051466e+01 -3.056237524651923820e+01 6.712331960444128498e+00 -9.232184728684794450e+00 6.712331960444128498e+00 -5.247992374360524792e+01
-4.736041174272276066e+01 -1.099705151011220927e+01 -9.215963280503542521e+00 -1.099705151011220927e+01 -3.025263740577533866e+01 6.551494771401719319e+00 -9.215963280503542521e+00 6.551494771401719319e+00 -5.159895372645977574e+01
-4.694634397464331244e+01 -1.093358126828981192e+01 -9.191937173291687913e+00 -1.093358126828981192e+01 -2.988057706718413442e+01 6.381207823631080522e+00 -9.191937173291687913e+00 6.381207823631080522e+00 -5.053662103218406543e+01
-4.646385153658233946e+01 -1.086565395403082057e+01 -9.160221181446742023e+00 -1.086565395403082057e+01 -2.944877665468957062e+01 6.200782470747160602e+00 -9.160221181446742023e+00 6.200782470747160602e+00 -4.929891305851482741e+01
-4.591540207808627372e+01 -1.079349911613025270e+01 -9.121083111896220785e+00 -1.079349911613025270e+01 -2.895974207597058836e+01 6.009855260491179685e+00 -9.121083111896220785e+00 6.009855260491179685e+00 -4.789403617487393205e+01
-4.530302328017777569e+01 -1.071700198019060224e+01 -9.074484706507627507e+00 -1.071700198019060224e+01 -2.841645746536242356e+01 5.807316707020553359e+00 -9.074484706507627507e+00 5.807316707020553359e+00 -4.632399893321780127e+01
-5.787317226998323960e+00 -1.075212297223543878e+01 -2.177439397318269076e+00 -1.075212297223543878e+01 -2.050689498179399450e+01 1.788230071916506247e+01 -2.177439397318269076e+00 1.788230071916506247e+01 -1.232448441810868722e+01
-5.759674258327445173e+00 -1.080263338010581542e+01 -2.112675870717925175e+00 -1.080263338010581542e+01 -2.049693983958826848e+01 1.769723058472800759e+01 -2.112675870717925175e+00 1.769723058472800759e+01 -1.228519650449605649e+01
-5.717539394453028834e+00 -1.084045190003494419e+01 -2.045230700645189970e+00 -1.084045190003494419e+01 -2.045610906260795758e+01 1.747928276662259250e+01 -2.045230700645189970e+00 1.747928276662259250e+01 -1.219896146269554116e+01
-5.660765696006725634e+00 -1.086524791844403737e+01 -1.974828375784407175e+00 -1.086524791844403737e+01 -2.038370468885340614e+01 1.722810828384899295e+01 -1.974828375784407175e+00 1.722810828384899295e+01 -1.206631194791741279e+01
-5.590400105988030610e+00 -1.087685612854370376e+01 -1.901321956767227039e+00 -1.087685612854370376e+01 -2.028036957806113705e+01 1.694357856445990507e+01 -1.901321956767227039e+00 1.694357856445990507e+01 -1.188882755837143179e+01
-5.507728343870007315e+00 -1.087522142807080705e+01 -1.824656341330517462e+00 -1.087522142807080705e+01 -2.014696699902021138e+01 1.662573034329740906e+01 -1.824656341330517462e+00 1.662573034329740906e+01 -1.166832666874093327e+01
-5.414146333651983056e+00 -1.086030708218326346e+01 -1.744960101421585641e+00 -1.086030708218326346e+01 -1.998478267120369267e+01 1.627441668099315919e+01 -1.744960101421585641e+00 1.627441668099315919e+01 -1.140736235055100423e+01
-5.311288775806853657e+00 -1.083218656056524587e+01 -1.662343441566693780e+00 -1.083218656056524587e+01 -1.979543292766343754e+01 1.588941716849462615e+01 -1.662343441566693780e+00 1.588941716849462615e+01 -1.110863461469507563e+01
-5.200918942754819696e+00 -1.079102517000615080e+01 -1.577100240502542050e+00 -1.079102517000615080e+01 -1.958079124534590321e+01 1.547056649901242231e+01 -1.577100240502542050e+00 1.547056649901242231e+01 -1.077526592275059336e+01
-5.084671534968779660e+00 -1.073704331955850044e+01 -1.489469274702700297e+00 -1.073704331955850044e+01 -1.934280457088173577e+01 1.501751569154671628e+01 -1.489469274702700297e+00 1.501751569154671628e+01 -1.041023179692664336e+01
-1.192932282444776337e+00 -1.451301434885794173e+01 -1.118947522841787112e+01 -1.451301434885794173e+01 3.361876645380853290e+01 -1.671923007149890239e+01 -1.118947522841787112e+01 -1.671923007149890239e+01 6.215530092230365788e+00
-1.205886190060920571e+00 -1.442651280938552283e+01 -1.120918151586136169e+01 -1.442651280938552283e+01 3.366031135916730932e+01 -1.672132686312950511e+01 -1.120918151586136169e+01 -1.672132686312950511e+01 6.249185374843503560e+00
-1.200590902722633802e+00 -1.433141087034354300e+01 -1.122025186489408810e+01 -1.433141087034354300e+01 3.367875601774832006e+01 -1.668596571613892721e+01 -1.122025186489408810e+01 -1.668596571613892721e+01 6.262565748554007605e+00
-1.177348500580086554e+00 -1.422829492261173634e+01 -1.122218873173930120e+01 -1.422829492261173634e+01 3.367360288577481953e+01 -1.661280901153581979e+01 -1.122218873173930120e+01 -1.661280901153581979e+01 6.253947579563842396e+00
-1.136727605092423765e+00 -1.411789351243463742e+01 -1.121449457262024652e+01 -1.411789351243463742e+01 3.364424780294645956e+01 -1.650173236337598581e+01 -1.121449457262024652e+01 -1.650173236337598581e+01 6.222993248881642181e+00
-1.079776612074943687e+00 -1.400098849431856785e+01 -1.119652968839538687e+01 -1.400098849431856785e+01 3.359008660896291332e+01 -1.635294900470660551e+01 -1.119652968839538687e+01 -1.635294900470660551e+01 6.168654360692109151e+00
-1.007952614016705217e+00 -1.387832618392865669e+01 -1.116767214934378494e+01 -1.387832618392865669e+01 3.351035521873844658e+01 -1.616683209336024518e+01 -1.116767214934378494e+01 -1.616683209336024518e+01 6.089882519179943721e+00
-9.230680918187325057e-01 -1.375068843577122912e+01 -1.112726448690330194e+01 -1.375068843577122912e+01 3.340430731660791963e+01 -1.594405686731963812e+01 -1.112726448690330194e+01 -1.594405686731963812e+01 5.985256170697285327e+00
-8.269888346438448723e-01 -1.361892818203499900e+01 -1.107457815482940688e+01 -1.361892818203499900e+01 3.327126766458861340e+01 -1.568531633398811564e+01 -1.107457815482940688e+01 -1.568531633398811564e+01 5.853389300437465970e+00
-7.218827118050322733e-01 -1.348377396896449909e+01 -1.100883129861577991e+01 -1.348377396896449909e+01 3.311072094948317357e+01 -1.539146342555439873e+01 -1.100883129861577991e+01 -1.539146342555439873e+01 5.692984740696812374e+00
4.753252297047099972e+01 -1.132977213167243491e+01 -1.024947476370850907e+01 -1.132977213167243491e+01 5.414401701146920942e+01 -1.284826322752526018e+01 -1.024947476370850907e+01 -1.284826322752526018e+01 5.678236297785018394e+01
4.761520937522904262e+01 -1.137007792749238000e+01 -1.022338653974741440e+01 -1.137007792749238000e+01 5.422175447674050730e+01 -1.284800812755171684e+01 -1.022338653974741440e+01 -1.284800812755171684e+01 5.697640902439261623e+01
4.760692712942131521e+01 -1.139307093844114149e+01 -1.018886300999446526e+01 -1.139307093844114149e+01 5.419753698591873103e+01 -1.281683491078464598e+01 -1.018886300999446526e+01 -1.281683491078464598e+01 5.692975974256387417e+01
4.750680889313776589e+01 -1.139839402455575801e+01 -1.014621029441791755e+01 -1.139839402455575801e+01 5.407061624574816960e+01 -1.275489663720817290e+01 -1.014621029441791755e+01 -1.275489663720817290e+01 5.663976209263911699e+01
4.731436147309621276e+01 -1.138618323915545361e+01 -1.009558145300189480e+01 -1.138618323915545361e+01 5.384099225622880169e+01 -1.266261847344487634e+01 -1.009558145300189480e+01 -1.266261847344487634e+01 5.610628002129909930e+01
4.702929575599329581e+01 -1.135667667554887217e+01 -1.003724859238484335e+01 -1.135667667554887217e+01 5.350885209067457993e+01 -1.254066367942596294e+01 -1.003724859238484335e+01 -1.254066367942596294e+01 5.533040195509761361e+01
4.665210493511121115e+01 -1.131063963365664016e+01 -9.971160692572055950e+00 -1.131063963365664016e+01 5.307531818896908504e+01 -1.238978054840716680e+01 -9.971160692572055950e+00 -1.238978054840716680e+01 5.431379454719516531e+01
4.618350329037587443e+01 -1.124892244672390618e+01 -9.897504826877465689e+00 -1.124892244672390618e+01 5.254180210429925779e+01 -1.221112553360188713e+01 -9.897504826877465689e+00 -1.221112553360188713e+01 5.306030130385979504e+01
4.562364388177141450e+01 -1.117276660128858445e+01 -9.816468068615003872e+00 -1.117276660128858445e+01 5.190900110992613037e+01 -1.200626324818118995e+01 -9.816468068615003872e+00 -1.200626324818118995e+01 5.157247322482695751e+01
4.497691442884278246e+01 -1.108337957055878320e+01 -9.728016404454864485e+00 -1.108337957055878320e+01 5.118244237194315360e+01 -1.177667327199163338e+01 -9.728016404454864485e+00 -1.177667327199163338e+01 4.986129661562393522e+01
3.187851082609546083e+01 1.146665788497495164e+01 1.668969183583364213e+01 1.146665788497495164e+01 -5.248197966976249518e+00 -1.791770292583295898e+01 1.668969183583364213e+01 -1.791770292583295898e+01 2.517525734705711216e+01
3.177123078278835777e+01 1.151583160454412180e+01 1.639335313650148862e+01 1.151583160454412180e+01 -5.180342140875202617e+00 -1.786641592615229257e+01 1.639335313650148862e+01 -1.786641592615229257e+01 2.510512841293697761e+01
3.161076356356588946e+01 1.154912908529247595e+01 1.604792951088215958e+01 1.154912908529247595e+01 -5.129872039388896354e+00 -1.778671507623303327e+01 1.604792951088215958e+01 -1.778671507623303327e+01 2.492670719209499453e+01
