1.207301355391950493e+00 -1.126329977814014786e-03 -5.602236381829900754e-05 -1.126329977814054467e-03 1.205959020770344559e+00 1.146413226672176949e-05 -5.602236381829900754e-05 1.146413226672176949e-05 4.220922685577931377e-01
1.081727029210179936e+00 -2.011024977842183759e-02 6.585215602531871437e-02 -2.011024977842178901e-02 1.276705836101835523e+00 -6.054970572299868403e-02 6.585215602531871437e-02 -6.054970572299868403e-02 3.456013810588871027e-01
9.729163528281197237e-01 -3.961052449669839187e-02 1.333414558792337390e-01 -3.961052449669849596e-02 1.360905614638503236e+00 -1.256778055285501239e-01 1.333414558792337390e-01 -1.256778055285501239e-01 2.869764502618531998e-01
8.795607115693202527e-01 -5.950048649819072999e-02 2.024601563831984474e-01 -5.950048649819083407e-02 1.456268463583443973e+00 -1.951083837612149208e-01 2.024601563831984474e-01 -1.951083837612149208e-01 2.469588772039148783e-01
8.007987192481008654e-01 -7.966670578814240289e-02 2.728403275525337346e-01 -7.966670578814240289e-02 1.560852911542591537e+00 -2.683575708161312634e-01 2.728403275525337346e-01 -2.683575708161312634e-01 2.237765325765868341e-01
7.359917808364412339e-01 -9.975228166678563879e-02 3.443171480395727513e-01 -9.975228166678563879e-02 1.672386198251455180e+00 -3.446620344181033357e-01 3.443171480395727513e-01 -3.446620344181033357e-01 2.148797201299055826e-01
6.835459999520406837e-01 -1.198004740680298497e-01 4.164763561206374920e-01 -1.198004740680296831e-01 1.788556302432816825e+00 -4.233649925584047069e-01 4.164763561206374920e-01 -4.233649925584047069e-01 2.177910754224171297e-01
6.419171850274409952e-01 -1.393664771571617444e-01 4.890730554610199787e-01 -1.393664771571616334e-01 1.906495175335048531e+00 -5.035524796737508302e-01 4.890730554610199787e-01 -5.035524796737508302e-01 2.286589296509851099e-01
6.095739302285468897e-01 -1.586297351884013718e-01 5.616870146659426188e-01 -1.586297351884014273e-01 2.024171881223147729e+00 -5.843972240077552893e-01 5.616870146659426188e-01 -5.843972240077552893e-01 2.450601672305377787e-01
5.842508239845926044e-01 -1.770032883356861264e-01 6.341070806487402178e-01 -1.770032883356861542e-01 2.138119535843494123e+00 -6.649629808813579679e-01 6.341070806487402178e-01 -6.649629808813579679e-01 2.620219763260398516e-01
2.352885365195148282e+01 -1.480626097211574965e+01 3.261621672526187510e+00 -1.480626097211574965e+01 2.139205465193699141e+01 -1.034840410688887680e+01 3.261621672526187510e+00 -1.034840410688887680e+01 -4.368240457150865730e+00
2.356707293656891622e+01 -1.477926593837109337e+01 3.135881646926079291e+00 -1.477926593837109337e+01 2.139395496023349352e+01 -1.052456446196337758e+01 3.135881646926079291e+00 -1.052456446196337758e+01 -4.321514184925741020e+00
2.361788398363697894e+01 -1.473854250917603359e+01 3.002416068905626290e+00 -1.473854250917603359e+01 2.141393483718266211e+01 -1.068038974227627946e+01 3.002416068905626290e+00 -1.068038974227627946e+01 -4.246851604753021370e+00
2.368144663217127288e+01 -1.468444588234298998e+01 2.861207178574205923e+00 -1.468444588234298998e+01 2.145243828005003905e+01 -1.081611082640566046e+01 2.861207178574205923e+00 -1.081611082640566046e+01 -4.145353829851239347e+00
2.375628681125020591e+01 -1.461722469634067423e+01 2.712379295166168269e+00 -1.461722469634067423e+01 2.150822209649211914e+01 -1.093165667478903735e+01 2.712379295166168269e+00 -1.093165667478903735e+01 -4.019187566876215811e+00
2.384130340765524991e+01 -1.453739398799710258e+01 2.556092257697107684e+00 -1.453739398799710258e+01 2.158034501230596902e+01 -1.102692072808267909e+01 2.556092257697107684e+00 -1.102692072808267909e+01 -3.869986725765127922e+00
2.393479147188674361e+01 -1.444541551446843641e+01 2.392488145291995494e+00 -1.444541551446843641e+01 2.166736847635123908e+01 -1.110199178573969192e+01 2.392488145291995494e+00 -1.110199178573969192e+01 -3.700184411533117501e+00
2.403485069564818488e+01 -1.434182207247331853e+01 2.221709037075803916e+00 -1.434182207247331853e+01 2.176760529901889640e+01 -1.115686984776007940e+01 2.221709037075803916e+00 -1.115686984776007940e+01 -3.512462367664029639e+00
2.413998924812737457e+01 -1.422712869883977582e+01 2.043790452829775450e+00 -1.422712869883977582e+01 2.187965244894984096e+01 -1.119164371359694421e+01 2.043790452829775450e+00 -1.119164371359694421e+01 -3.309182659610522048e+00
2.424834234080904949e+01 -1.410188595017706703e+01 1.858785672225775398e+00 -1.410188595017706703e+01 2.200187601620689293e+01 -1.120640218270339794e+01 1.858785672225775398e+00 -1.120640218270339794e+01 -3.093115830309545622e+00
2.915177121966395291e+01 -1.871885191625160161e+01 -1.173418650056184376e+01 -1.871885191625160161e+01 4.199863320362774743e+01 -1.407344609844795036e+00 -1.173418650056184376e+01 -1.407344609844795036e+00 4.634214642082236679e+01
2.922339821710513164e+01 -1.861366007370647679e+01 -1.170164613857281033e+01 -1.861366007370647679e+01 4.201839357286121412e+01 -1.461781127900087851e+00 -1.170164613857281033e+01 -1.461781127900087851e+00 4.644087881050734268e+01
2.923091688132138088e+01 -1.848221368082655047e+01 -1.164378888876093221e+01 -1.848221368082655047e+01 4.196466898375018673e+01 -1.518179791582254134e+00 -1.164378888876093221e+01 -1.518179791582254134e+00 4.634744247760286839e+01
2.917406675050382603e+01 -1.832588450313857464e+01 -1.156085784881449463e+01 -1.832588450313857464e+01 4.183771989810353631e+01 -1.575984949032356308e+00 -1.156085784881449463e+01 -1.575984949032356308e+00 4.606275772050030781e+01
2.905251790636122422e+01 -1.814673887099298000e+01 -1.145337394235125394e+01 -1.814673887099298000e+01 4.163780677773014816e+01 -1.634623584270864738e+00 -1.145337394235125394e+01 -1.634623584270864738e+00 4.558807475588227476e+01
2.886611407180825140e+01 -1.794687784298136179e+01 -1.132177127238600178e+01 -1.794687784298136179e+01 4.136567627981546025e+01 -1.693279583629965002e+00 -1.132177127238600178e+01 -1.693279583629965002e+00 4.492566828354627972e+01
2.861296255770040275e+01 -1.772918386312196404e+01 -1.116686595258655501e+01 -1.772918386312196404e+01 4.102040810596810871e+01 -1.751050012838883285e+00 -1.116686595258655501e+01 -1.751050012838883285e+00 4.407713580258679542e+01
2.829292445107293830e+01 -1.749620945714178077e+01 -1.098921363481184876e+01 -1.749620945714178077e+01 4.060311355990597093e+01 -1.807240307073948227e+00 -1.098921363481184876e+01 -1.807240307073948227e+00 4.304534239290144626e+01
2.790679850147308017e+01 -1.725118435147089357e+01 -1.078975198157384341e+01 -1.725118435147089357e+01 4.011545959720585586e+01 -1.860721798496692170e+00 -1.078975198157384341e+01 -1.860721798496692170e+00 4.183666068674743599e+01
2.745309139452994174e+01 -1.699732090841877863e+01 -1.056915819357561581e+01 -1.699732090841877863e+01 3.955791504912375700e+01 -1.910938835248177758e+00 -1.056915819357561581e+01 -1.910938835248177758e+00 4.045412940522832912e+01
-1.193110114647415898e+01 1.207181715797092458e+01 1.311583800156816793e+01 1.207181715797092458e+01 -1.081059151654464756e+01 -6.628067173268435752e+00 1.311583800156816793e+01 -6.628067173268435752e+00 1.791600199592912190e+01
-1.188864184165660554e+01 1.206453685602756210e+01 1.310791907664731681e+01 1.206453685602756210e+01 -1.091822685780753943e+01 -6.411756447607886322e+00 1.310791907664731681e+01 -6.411756447607886322e+00 1.781801898481169033e+01
-1.186488506689405398e+01 1.204331632680417741e+01 1.307713744913239928e+01 1.204331632680417741e+01 -1.104042280295715450e+01 -6.186012348251300530e+00 1.307713744913239928e+01 -6.186012348251300530e+00 1.766020612388903643e+01
-1.186052418427635047e+01 1.200841101949176704e+01 1.302349311902341533e+01 1.200841101949176704e+01 -1.117688741006092989e+01 -5.950743643344752698e+00 1.302349311902341533e+01 -5.950743643344752698e+00 1.744247218130722388e+01
-1.187720136717417851e+01 1.196033183247231868e+01 1.294689485446643751e+01 1.196033183247231868e+01 -1.132740172266943901e+01 -5.706333506674734046e+00 1.294689485446643751e+01 -5.706333506674734046e+00 1.716441573690898892e+01
-1.191571945590209225e+01 1.189929772219526072e+01 1.284716019175360913e+01 1.189929772219526072e+01 -1.149191100167032609e+01 -5.453055633803026936e+00 1.284716019175360913e+01 -5.453055633803026936e+00 1.682578134150332261e+01
-1.197812204398805491e+01 1.182627574631221279e+01 1.272432562362650543e+01 1.182627574631221279e+01 -1.167045173980516282e+01 -5.191183720291411063e+00 1.272432562362650543e+01 -5.191183720291411063e+00 1.642611283582060011e+01
-1.206541268182525961e+01 1.174153960038495903e+01 1.257815394726491398e+01 1.174153960038495903e+01 -1.186333412537729792e+01 -4.921210418151091837e+00 1.257815394726491398e+01 -4.921210418151091837e+00 1.596539197349003203e+01
-1.217952548471695806e+01 1.164638477673926076e+01 1.240873639452276223e+01 1.164638477673926076e+01 -1.207114204225186604e+01 -4.643044495528140025e+00 1.240873639452276223e+01 -4.643044495528140025e+00 1.544234150855664645e+01
-1.232199314780911870e+01 1.154101198545375340e+01 1.221565329887198814e+01 1.154101198545375340e+01 -1.229444112792321064e+01 -4.357123865321407941e+00 1.221565329887198814e+01 -4.357123865321407941e+00 1.485708916561593362e+01
-8.202625262420177421e+00 9.221264178022314795e+00 -3.863821338775315972e+00 9.221264178022314795e+00 -2.606963756829237866e+01 1.987623428629427202e+00 -3.863821338775315972e+00 1.987623428629427202e+00 -2.727034262666894548e+01
-8.248457240880517460e+00 9.200296511763129459e+00 -3.759521115728526208e+00 9.200296511763129459e+00 -2.614467583586064237e+01 2.039745706967522221e+00 -3.759521115728526208e+00 2.039745706967522221e+00 -2.744036627793700234e+01
-8.254098099767944063e+00 9.170719113517874277e+00 -3.650229474784638661e+00 9.170719113517874277e+00 -2.616443739742349806e+01 2.088398114871575562e+00 -3.650229474784638661e+00 2.088398114871575562e+00 -2.749267411084376178e+01
-8.220920942890581173e+00 9.132364984174747846e+00 -3.535352641323924239e+00 9.132364984174747846e+00 -2.613018402404787821e+01 2.133970316935783540e+00 -3.535352641323924239e+00 2.133970316935783540e+00 -2.742962266841128027e+01
-8.149371101213223056e+00 9.085586677414214662e+00 -3.414686505320851495e+00 9.085586677414214662e+00 -2.604217549212990335e+01 2.176592201358213075e+00 -3.414686505320851495e+00 2.176592201358213075e+00 -2.725202839074167827e+01
-8.040933011285197551e+00 9.030124416840143553e+00 -3.287841402181222783e+00 9.030124416840143553e+00 -2.590241579101116898e+01 2.216208101768263994e+00 -3.287841402181222783e+00 2.216208101768263994e+00 -2.696263748545120720e+01
-7.896720000518492988e+00 8.966534866158530903e+00 -3.154668888250105496e+00 8.966534866158530903e+00 -2.571097914251913252e+01 2.253207682760133501e+00 -3.154668888250105496e+00 2.253207682760133501e+00 -2.656299005545979242e+01
-7.718698947340961070e+00 8.894502582602644480e+00 -3.014649410735237289e+00 8.894502582602644480e+00 -2.547081586429558087e+01 2.287442500678889434e+00 -3.014649410735237289e+00 2.287442500678889434e+00 -2.605752085495852910e+01
-7.508391399215661011e+00 8.814695562619681013e+00 -2.867727303266018435e+00 8.814695562619681013e+00 -2.518227851002097140e+01 2.319432108316794583e+00 -2.867727303266018435e+00 2.319432108316794583e+00 -2.544782565323794543e+01
-7.267504458174312454e+00 8.726594253417374603e+00 -2.713383013050185699e+00 8.726594253417374603e+00 -2.484772362271735702e+01 2.349046617475783361e+00 -2.713383013050185699e+00 2.349046617475783361e+00 -2.473811653900673591e+01
-6.704151939896250134e+00 -9.495863169299804341e+00 -1.560258987184954016e+01 -9.495863169299804341e+00 -2.528614203171835584e+01 -1.248423368240959697e+01 -1.560258987184954016e+01 -1.248423368240959697e+01 -3.087361319426027606e+01
-6.770899835414261325e+00 -9.505167759075687783e+00 -1.529031966727529301e+01 -9.505167759075687783e+00 -2.531552299184898658e+01 -1.263817728450998423e+01 -1.529031966727529301e+01 -1.263817728450998423e+01 -3.101730503277526196e+01
-6.794616324723248724e+00 -9.506727810056075256e+00 -1.495966314757505344e+01 -9.506727810056075256e+00 -2.528983786677903467e+01 -1.277895331345448149e+01 -1.495966314757505344e+01 -1.277895331345448149e+01 -3.103786427605251319e+01
-6.777028607122926651e+00 -9.500636182418372044e+00 -1.460989600336506378e+01 -9.500636182418372044e+00 -2.521062813545340120e+01 -1.290671034552693541e+01 -1.460989600336506378e+01 -1.290671034552693541e+01 -3.093659096657568952e+01
-6.718842419961566392e+00 -9.487097168552864446e+00 -1.424157539570975040e+01 -9.487097168552864446e+00 -2.507913812424930811e+01 -1.302116980019513193e+01 -1.424157539570975040e+01 -1.302116980019513193e+01 -3.071569517656699588e+01
-6.620206339523014627e+00 -9.466222200672440579e+00 -1.385453417628978734e+01 -9.466222200672440579e+00 -2.489573927387636587e+01 -1.312155165196888085e+01 -1.385453417628978734e+01 -1.312155165196888085e+01 -3.037521405009741216e+01
-6.482494696432850034e+00 -9.438345575415754141e+00 -1.344899520953094374e+01 -9.438345575415754141e+00 -2.466225164381168966e+01 -1.320742874403211964e+01 -1.344899520953094374e+01 -1.320742874403211964e+01 -2.991917771886625843e+01
-6.306728952642517427e+00 -9.403578724995687921e+00 -1.302464277083004340e+01 -9.403578724995687921e+00 -2.437995670450346708e+01 -1.327785390257533038e+01 -1.302464277083004340e+01 -1.327785390257533038e+01 -2.934923909403133635e+01
-6.094394870990480051e+00 -9.362534526583109695e+00 -1.258142114408064671e+01 -9.362534526583109695e+00 -2.405058165525139913e+01 -1.333223282246312458e+01 -1.258142114408064671e+01 -1.333223282246312458e+01 -2.866968831578870081e+01
-5.846996786350685760e+00 -9.315101547965134898e+00 -1.211892174450217396e+01 -9.315101547965134898e+00 -2.367618799199386359e+01 -1.336946975360213941e+01 -1.211892174450217396e+01 -1.336946975360213941e+01 -2.788368263017009596e+01
2.759871089318756887e+01 8.260985166753076925e+00 6.982932561422959594e+00 8.260985166753076925e+00 3.896504183334747751e+01 -1.141430845219320034e+01 6.982932561422959594e+00 -1.141430845219320034e+01 3.525885309503982512e+01
2.749500069554494530e+01 8.166110638780224917e+00 6.999941661221178890e+00 8.166110638780224917e+00 3.914048302972930315e+01 -1.138907364019748059e+01 6.999941661221178890e+00 -1.138907364019748059e+01 3.534300979885703953e+01
2.735059762082358858e+01 8.062888407115417877e+00 7.002032943983254043e+00 8.062888407115417877e+00 3.925830938601594511e+01 -1.133883057183860288e+01 7.002032943983254043e+00 -1.133883057183860288e+01 3.529072772980513406e+01
2.716605934442672066e+01 7.952346685783343361e+00 6.989502674767148704e+00 7.952346685783343361e+00 3.931688273071042516e+01 -1.126357924711656366e+01 6.989502674767148704e+00 -1.126357924711656366e+01 3.510087410972132460e+01
2.694237922566633259e+01 7.835548543521393405e+00 6.962734255412573958e+00 7.835548543521393405e+00 3.931507028564995920e+01 -1.116340680281311748e+01 6.962734255412573958e+00 -1.116340680281311748e+01 3.477369292159452385e+01
2.668002780316388112e+01 7.713783604699510299e+00 6.922041378333843475e+00 7.713783604699510299e+00 3.925119902462488852e+01 -1.103853979456082435e+01 6.922041378333843475e+00 -1.103853979456082435e+01 3.430827794289447752e+01
2.637999843623136087e+01 7.588306638974944285e+00 6.867859727439721951e+00 7.588306638974944285e+00 3.912457185338117682e+01 -1.088920477799223718e+01 6.867859727439721951e+00 -1.088920477799223718e+01 3.370581423385304731e+01
2.604126291084408251e+01 7.460267851866833944e+00 6.800677268708025913e+00 7.460267851866833944e+00 3.893281865145515042e+01 -1.071582000965977777e+01 6.800677268708025913e+00 -1.071582000965977777e+01 3.296436735791531447e+01
2.566622620217843220e+01 7.331096286595932376e+00 6.720772839840368107e+00 7.331096286595932376e+00 3.867695020551513352e+01 -1.051868175462140087e+01 6.720772839840368107e+00 -1.051868175462140087e+01 3.208778876083476206e+01
2.525237877091991834e+01 7.201855011899628956e+00 6.628738970952668730e+00 7.201855011899628956e+00 3.835405614705058497e+01 -1.029824312414222831e+01 6.628738970952668730e+00 -1.029824312414222831e+01 3.107257554398490740e+01
1.873866989121825100e+01 -1.502527534297914613e+01 -1.384681094857756456e+01 -1.502527534297914613e+01 1.647026499556163870e+01 -6.455675101702961882e+00 -1.384681094857756456e+01 -6.455675101702961882e+00 3.925880145975755653e+01
1.839794207987520025e+01 -1.481020801909487439e+01 -1.390985309869389930e+01 -1.481020801909487439e+01 1.630238216050393518e+01 -6.584337596310138707e+00 -1.390985309869389930e+01 -6.584337596310138707e+00 3.861319333419643129e+01
1.799952275468618978e+01 -1.457612209698223005e+01 -1.394236307022448074e+01 -1.457612209698223005e+01 1.608576085644872933e+01 -6.705371460987270993e+00 -1.394236307022448074e+01 -6.705371460987270993e+00 3.781833247676323850e+01
1.754523077880584481e+01 -1.432600192492403046e+01 -1.394502955892687979e+01 -1.432600192492403046e+01 1.582071894297643944e+01 -6.817628869471737296e+00 -1.394502955892687979e+01 -6.817628869471737296e+00 3.687789193149837530e+01
1.704096421333747458e+01 -1.406302609872445863e+01 -1.391848828396193660e+01 -1.406302609872445863e+01 1.551080585206840468e+01 -6.919732430248390465e+00 -1.391848828396193660e+01 -6.919732430248390465e+00 3.580271424186722840e+01
1.648596372706120050e+01 -1.379069107376812120e+01 -1.386388707159226996e+01 -1.379069107376812120e+01 1.515321382409759288e+01 -7.010128163146295499e+00 -1.386388707159226996e+01 -7.010128163146295499e+00 3.459158094614485179e+01
1.588492657822097520e+01 -1.351256394090193602e+01 -1.378182632324756085e+01 -1.351256394090193602e+01 1.475082125415335277e+01 -7.087473994381464415e+00 -1.378182632324756085e+01 -7.087473994381464415e+00 3.325536990552780026e+01
1.524207323569014072e+01 -1.323268858034344753e+01 -1.367357747724948247e+01 -1.323268858034344753e+01 1.430459937984251617e+01 -7.149898084202540360e+00 -1.367357747724948247e+01 -7.149898084202540360e+00 3.180169209108053607e+01
1.455902831510194595e+01 -1.295357255100484828e+01 -1.354018240666718675e+01 -1.295357255100484828e+01 1.381539582671286936e+01 -7.196376218405957204e+00 -1.354018240666718675e+01 -7.196376218405957204e+00 3.023485626600428589e+01
1.383981803780835840e+01 -1.267980715793662760e+01 -1.338282425549445165e+01 -1.267980715793662760e+01 1.328333420682346144e+01 -7.225160169299409851e+00 -1.338282425549445165e+01 -7.225160169299409851e+00 2.856386845174424138e+01
2.305705480785784189e+01 2.013714930473061315e+01 -1.666479701394681001e+01 2.013714930473061315e+01 3.329157045141057125e+01 1.901143747052199684e+00 -1.666479701394681001e+01 1.901143747052199684e+00 3.190734038963733710e+01
2.289792754336030001e+01 2.003870542336560590e+01 -1.661288290583342686e+01 2.003870542336560590e+01 3.314354508908727581e+01 1.804558951991253268e+00 -1.661288290583342686e+01 1.804558951991253268e+00 3.150463774220781588e+01
2.269890007752561090e+01 1.991663711509900025e+01 -1.652108613493293632e+01 1.991663711509900025e+01 3.295474259792491978e+01 1.707676001579655933e+00 -1.652108613493293632e+01 1.707676001579655933e+00 3.098483019617252410e+01
2.245948133095270904e+01 1.977257546508436192e+01 -1.639023101309713937e+01 1.977257546508436192e+01 3.272453159012212609e+01 1.610442280167292184e+00 -1.639023101309713937e+01 1.610442280167292184e+00 3.034512912207538804e+01
2.218017992159269980e+01 1.960841463672582563e+01 -1.622145754607852908e+01 1.960841463672582563e+01 3.245349083783016653e+01 1.512770095003970861e+00 -1.622145754607852908e+01 1.512770095003970861e+00 2.958862130472313012e+01
2.186189031549753636e+01 1.942622417892791375e+01 -1.601608112512997906e+01 1.942622417892791375e+01 3.214249726855093314e+01 1.414729600289845290e+00 -1.601608112512997906e+01 1.414729600289845290e+00 2.871891968542365703e+01
2.150501589931810642e+01 1.922828410319560177e+01 -1.577566268120489035e+01 1.922828410319560177e+01 3.179184903763510306e+01 1.316320796024915030e+00 -1.577566268120489035e+01 1.316320796024915030e+00 2.773981259098523466e+01
2.111048621620642862e+01 1.901706734508429264e+01 -1.550178068380671803e+01 1.901706734508429264e+01 3.140244061113461171e+01 1.217613836409333850e+00 -1.550178068380671803e+01 1.217613836409333850e+00 2.665550927341706000e+01
2.067952896466519874e+01 1.879501176304931320e+01 -1.519627668068948267e+01 1.879501176304931320e+01 3.097537691770187962e+01 1.118608721443101306e+00 -1.519627668068948267e+01 1.118608721443101306e+00 2.547076267977950792e+01
2.021233706874482650e+01 1.856466044684621153e+01 -1.486088698830697119e+01 1.856466044684621153e+01 3.051065795733690678e+01 1.019305451126217621e+00 -1.486088698830697119e+01 1.019305451126217621e+00 2.418918575138047444e+01
3.819563478693908820e+01 -1.405111866208163285e+01 1.893727845017634337e+01 -1.405111866208163285e+01 2.681834457506106517e+01 -1.631593925447554838e+01 1.893727845017634337e+01 -1.631593925447554838e+01 3.661411679687940790e+01
3.818930047863305788e+01 -1.400576641060130534e+01 1.901248745513217742e+01 -1.400576641060130534e+01 2.683169373719359641e+01 -1.632804947476310176e+01 1.901248745513217742e+01 -1.632804947476310176e+01 3.661870611667137609e+01
3.811489416839368971e+01 -1.393662996567438661e+01 1.903471860880125988e+01 -1.393662996567438661e+01 2.680450681614459540e+01 -1.629979811072052698e+01 1.903471860880125988e+01 -1.629979811072052698e+01 3.647053914194283664e+01
3.797342794955913092e+01 -1.384437242293622106e+01 1.900404171072414528e+01 -1.384437242293622106e+01 2.673720260915743552e+01 -1.623120261223296623e+01 1.900404171072414528e+01 -1.623120261223296623e+01 3.616986017108576590e+01
3.776481457270367770e+01 -1.372967432790728814e+01 1.892063125975224835e+01 -1.372967432790728814e+01 2.662925761967790450e+01 -1.612231532895583896e+01 1.892063125975224835e+01 -1.612231532895583896e+01 3.571733229973550294e+01
3.748942048541528038e+01 -1.359387932174341174e+01 1.878513290163575888e+01 -1.359387932174341174e+01 2.647964230448270229e+01 -1.597350270847710441e+01 1.878513290163575888e+01 -1.597350270847710441e+01 3.511393272145990352e+01
3.714839738011322368e+01 -1.343833104560041747e+01 1.859848893017227667e+01 -1.343833104560041747e+01 2.628785061690275171e+01 -1.578520099792526921e+01 1.859848893017227667e+01 -1.578520099792526921e+01 3.436205207052324084e+01
3.674298419864248189e+01 -1.326477448799235859e+01 1.836213023594332583e+01 -1.326477448799235859e+01 2.605313221187701700e+01 -1.555805584305053557e+01 1.836213023594332583e+01 -1.555805584305053557e+01 3.346402863153435447e+01
3.627480378032112185e+01 -1.307509423651441871e+01 1.807774945780753839e+01 -1.307509423651441871e+01 2.577477164411472188e+01 -1.529293973810993457e+01 1.807774945780753839e+01 -1.529293973810993457e+01 3.242300338381853209e+01
3.574603736079172478e+01 -1.287152387646458962e+01 1.774752783140749202e+01 -1.287152387646458962e+01 2.545203601843997632e+01 -1.499086477644161342e+01 1.774752783140749202e+01 -1.499086477644161342e+01 3.124286765176213621e+01
-2.377455300829539908e+01 4.617150531700356275e+00 -1.310571783314539474e+01 4.617150531700356275e+00 -2.373963041060557444e+00 -7.582476927945265288e+00 -1.310571783314539474e+01 -7.582476927945265288e+00 -1.504869254965731074e+01
-2.375018455009727703e+01 4.569923980816014364e+00 -1.314406638187441345e+01 4.569923980816014364e+00 -2.281075562078601404e+00 -7.421530905469687411e+00 -1.314406638187441345e+01 -7.421530905469687411e+00 -1.489706658753566693e+01
-2.368428104032185644e+01 4.520137176198082862e+00 -1.316581932906411900e+01 4.520137176198082862e+00 -2.170800460618167005e+00 -7.250012324410799458e+00 -1.316581932906411900e+01 -7.250012324410799458e+00 -1.467522704820219737e+01
-2.357888699813769406e+01 4.468011146945864986e+00 -1.317130821836346932e+01 4.468011146945864986e+00 -2.044979645840109939e+00 -7.067755412944121574e+00 -1.317130821836346932e+01 -7.067755412944121574e+00 -1.438899436460521386e+01
-2.343514440722450942e+01 4.413435378509707796e+00 -1.315998047702420592e+01 4.413435378509707796e+00 -1.904699844149334798e+00 -6.875146971993434164e+00 -1.315998047702420592e+01 -6.875146971993434164e+00 -1.403963945406569991e+01
-2.325485833855994855e+01 4.356649319080525551e+00 -1.313165191413024324e+01 4.356649319080525551e+00 -1.751324068324875638e+00 -6.672555383390909256e+00 -1.313165191413024324e+01 -6.672555383390909256e+00 -1.363106716400467455e+01
-2.303929970946499850e+01 4.297542454108664423e+00 -1.308554892783402401e+01 4.297542454108664423e+00 -1.586233750237373785e+00 -6.460256933510674315e+00 -1.308554892783402401e+01 -6.460256933510674315e+00 -1.316534043268229581e+01
-2.279036568637533833e+01 4.236593679975946714e+00 -1.302143206994463576e+01 4.236593679975946714e+00 -1.410202491734388497e+00 -6.238085850528252152e+00 -1.302143206994463576e+01 -6.238085850528252152e+00 -1.264584837295453745e+01
-2.250899564296301492e+01 4.173581967583070984e+00 -1.293817777587395490e+01 4.173581967583070984e+00 -1.224795915602647556e+00 -6.006392097184205525e+00 -1.293817777587395490e+01 -6.006392097184205525e+00 -1.207498546673051187e+01
-2.219800770024412628e+01 4.108875698762208373e+00 -1.283541766378981208e+01 4.108875698762208373e+00 -1.031082329155446953e+00 -5.764752034371539047e+00 -1.283541766378981208e+01 -5.764752034371539047e+00 -1.145684075234731658e+01
-1.396827479414794482e+01 -1.310485824070677374e+01 9.827497884946707174e+00 -1.310485824070677374e+01 -1.091739697657953201e+01 -1.896179860831799502e+01 9.827497884946707174e+00 -1.896179860831799502e+01 4.616951220921325927e+00
-1.394508389154049510e+01 -1.314757350005488235e+01 9.821173093326493131e+00 -1.314757350005488235e+01 -1.084687096683181551e+01 -1.890080561782393431e+01 9.821173093326493131e+00 -1.890080561782393431e+01 4.732025762950547332e+00
-1.392086635609034317e+01 -1.317353264479176111e+01 9.788504169653389653e+00 -1.317353264479176111e+01 -1.077575830974541304e+01 -1.880153388848058071e+01 9.788504169653389653e+00 -1.880153388848058071e+01 4.830637514037879221e+00
-1.389703380795620369e+01 -1.318312066223341539e+01 9.729491113927396739e+00 -1.318312066223341539e+01 -1.070589227825371914e+01 -1.866381842572392813e+01 9.729491113927396739e+00 -1.866381842572392813e+01 4.911044864896595641e+00
-1.387466787816878266e+01 -1.317564090866516580e+01 9.644408917088522770e+00 -1.317564090866516580e+01 -1.063833617065810344e+01 -1.848830087508066455e+01 9.644408917088522770e+00 -1.848830087508066455e+01 4.971909526285318570e+00
-1.385519851961612403e+01 -1.315177169507235888e+01 9.533715897370115044e+00 -1.315177169507235888e+01 -1.057464826895195209e+01 -1.827509123292679405e+01 9.533715897370115044e+00 -1.827509123292679405e+01 5.011966539880005733e+00
-1.383979902697560327e+01 -1.311098137230431249e+01 9.397907038464191842e+00 -1.311098137230431249e+01 -1.051655184969265555e+01 -1.802514280118768042e+01 9.397907038464191842e+00 -1.802514280118768042e+01 5.029217638183255623e+00
-1.382944103490192234e+01 -1.305411324591039168e+01 9.237843978649451060e+00 -1.305411324591039168e+01 -1.046463356021890156e+01 -1.773865723988600251e+01 9.237843978649451060e+00 -1.773865723988600251e+01 5.022966177480377326e+00
-1.382463785981642523e+01 -1.298096565586791939e+01 9.054223361640580947e+00 -1.298096565586791939e+01 -1.042036001887740504e+01 -1.741675284551112668e+01 9.054223361640580947e+00 -1.741675284551112668e+01 4.992295521304674466e+00
-1.382680112187783195e+01 -1.289251023683159936e+01 8.848053487550947338e+00 -1.289251023683159936e+01 -1.038451953302952724e+01 -1.705955794716838980e+01 8.848053487550947338e+00 -1.705955794716838980e+01 4.936105705896109086e+00
2.963759979267167566e+01 7.899560451705442965e+00 6.972190560809807813e+00 7.899560451705442965e+00 5.446968718219975614e+01 -7.347718633283776057e+00 6.972190560809807813e+00 -7.347718633283776057e+00 4.165170030335169571e+01
2.956508128750619235e+01 7.869164507649418994e+00 7.015971082504138145e+00 7.869164507649418994e+00 5.434192059462789359e+01 -7.441289783792605306e+00 7.015971082504138145e+00 -7.441289783792605306e+00 4.139941396768669790e+01
2.944935218459743353e+01 7.828803529661392702e+00 7.042101232138661793e+00 7.828803529661392702e+00 5.413673070182697700e+01 -7.511753108649751098e+00 7.042101232138661793e+00 -7.511753108649751098e+00 4.098670267501237419e+01
2.929080970366885595e+01 7.779081982537928930e+00 7.050650091404418340e+00 7.779081982537928930e+00 5.385586181649566129e+01 -7.559074067009698084e+00 7.050650091404418340e+00 -7.559074067009698084e+00 4.041353188448321276e+01
2.909000649824874429e+01 7.720587060652842837e+00 7.041773094106239306e+00 7.720587060652842837e+00 5.350138638936503810e+01 -7.583304470140721953e+00 7.041773094106239306e+00 -7.583304470140721953e+00 3.968408103840691581e+01
2.884594088381707877e+01 7.654199555566844282e+00 7.015712026162750803e+00 7.654199555566844282e+00 5.307439245706894582e+01 -7.584962430725593840e+00 7.015712026162750803e+00 -7.584962430725593840e+00 3.879909276496212556e+01
2.855852650826006567e+01 7.580713906726855633e+00 6.973002270679485193e+00 7.580713906726855633e+00 5.257757420555778083e+01 -7.564514250178815402e+00 6.973002270679485193e+00 -7.564514250178815402e+00 3.776367910928552618e+01
2.822717617720388361e+01 7.501287232457732657e+00 6.913989236111626191e+00 7.501287232457732657e+00 5.201243416161160127e+01 -7.523099776402482952e+00 6.913989236111626191e+00 -7.523099776402482952e+00 3.657965346576684595e+01
2.785109545120162622e+01 7.416783053897435529e+00 6.839622795710921466e+00 7.416783053897435529e+00 5.138215008301808240e+01 -7.461444367152479273e+00 6.839622795710921466e+00 -7.461444367152479273e+00 3.525257691053448639e+01
2.743054338659467106e+01 7.328513923175651534e+00 6.750334710046351105e+00 7.328513923175651534e+00 5.068898439515866272e+01 -7.381205983013680694e+00 6.750334710046351105e+00 -7.381205983013680694e+00 3.378555811968512046e+01
-1.556248656981436973e+01 4.352536069623264559e-01 -4.342942831260446113e+00 4.352536069623264559e-01 -1.712327850997384715e+01 2.511666275623045053e+01 -4.342942831260446113e+00 2.511666275623045053e+01 -4.218722502432706989e+01
-1.548507006760879889e+01 4.419781876399520582e-01 -4.243750609353642567e+00 4.419781876399520582e-01 -1.720863038993196881e+01 2.512266085866312437e+01 -4.243750609353642567e+00 2.512266085866312437e+01 -4.221077037052241110e+01
-1.534860392344180191e+01 4.489449277325613941e-01 -4.137759296179986279e+00 4.489449277325613941e-01 -1.723662774383354801e+01 2.509978610777081443e+01 -4.137759296179986279e+00 2.509978610777081443e+01 -4.207903564877125291e+01
-1.515234303142112893e+01 4.561724548874609431e-01 -4.024614966440656971e+00 4.561724548874609431e-01 -1.720613428519290267e+01 2.504839242885233830e+01 -4.024614966440656971e+00 2.504839242885233830e+01 -4.179004632845910550e+01
-1.489807564568819487e+01 4.637352796938764565e-01 -3.904075460720670687e+00 4.637352796938764565e-01 -1.711752256695616126e+01 2.496844256661308847e+01 -3.904075460720670687e+00 2.496844256661308847e+01 -4.134542301490164817e+01
-1.458708707390714210e+01 4.718010509775658612e-01 -3.776327055493090779e+00 4.718010509775658612e-01 -1.697069945088678367e+01 2.485982475516922818e+01 -3.776327055493090779e+00 2.485982475516922818e+01 -4.074769906813252618e+01
-1.422092341080441003e+01 4.802580028546905577e-01 -3.641127591342933734e+00 4.802580028546905577e-01 -1.676627964934588633e+01 2.472205467569077797e+01 -3.641127591342933734e+00 2.472205467569077797e+01 -3.999896078465008742e+01
-1.380193173994060629e+01 4.894228053294600866e-01 -3.498700600037877528e+00 4.894228053294600866e-01 -1.650456120469037558e+01 2.455472251993701249e+01 -3.498700600037877528e+00 2.455472251993701249e+01 -3.910367879980786654e+01
-1.333242188958173458e+01 4.989601607503584280e-01 -3.349046081577921274e+00 4.989601607503584280e-01 -1.618774217930240766e+01 2.435717632025219359e+01 -3.349046081577921274e+00 2.435717632025219359e+01 -3.806656590837439325e+01
-1.281582134683217511e+01 5.092798773581274085e-01 -3.192219918904985132e+00 5.092798773581274085e-01 -1.581647454083770832e+01 2.412852194956561647e+01 -3.192219918904985132e+00 2.412852194956561647e+01 -3.689218588393975296e+01
2.536318025134768916e+01 -1.444183118532653154e+01 -2.245457550077284381e+01 -1.444183118532653154e+01 1.266940211436857489e+01 8.251853853027339702e-02 -2.245457550077284381e+01 8.251853853027339702e-02 -2.819172544812929448e+00
2.539774858750591235e+01 -1.426749273121722617e+01 -2.237973683486329080e+01 -1.426749273121722617e+01 1.276872371526854089e+01 -1.326248072297181724e-01 -2.237973683486329080e+01 -1.326248072297181724e-01 -2.656861733439087825e+00
2.543670033123883911e+01 -1.407975459216411274e+01 -2.226778175440859187e+01 -1.407975459216411274e+01 1.288901796135316147e+01 -3.506369685162427086e-01 -2.226778175440859187e+01 -3.506369685162427086e-01 -2.471832041342702624e+00
2.548046313206594959e+01 -1.387995317291558095e+01 -2.211933391495799484e+01 -1.387995317291558095e+01 1.303030267135241438e+01 -5.705735526404415170e-01 -2.211933391495799484e+01 -5.705735526404415170e-01 -2.264439843123343898e+00
2.552803914110845440e+01 -1.366997725884934489e+01 -2.193503479079072704e+01 -1.366997725884934489e+01 1.319088506591834431e+01 -7.911872485038220493e-01 -2.193503479079072704e+01 -7.911872485038220493e-01 -2.036591742888706147e+00
2.557873342789718762e+01 -1.345173345407309995e+01 -2.171534766888622769e+01 -1.345173345407309995e+01 1.336926837173276184e+01 -1.011248563737870088e+00 -2.171534766888622769e+01 -1.011248563737870088e+00 -1.790301257126356793e+00
2.563136995625357528e+01 -1.322702145031467147e+01 -2.146070019876397694e+01 -1.322702145031467147e+01 1.356358162214792706e+01 -1.229474549784136173e+00 -2.146070019876397694e+01 -1.229474549784136173e+00 -1.527831364543561277e+00
2.568304427319112548e+01 -1.299753402692201654e+01 -2.117109238042397834e+01 -1.299753402692201654e+01 1.377042143973795341e+01 -1.444920813953761485e+00 -2.117109238042397834e+01 -1.444920813953761485e+00 -1.254527684133858401e+00
2.573812196755455872e+01 -1.276576580609211753e+01 -2.084716568814545568e+01 -1.276576580609211753e+01 1.399237154034971908e+01 -1.656019308008641611e+00 -2.084716568814545568e+01 -1.656019308008641611e+00 -9.649198657938599100e-01
2.578945772862251928e+01 -1.253267899924381013e+01 -2.048840337875903117e+01 -1.253267899924381013e+01 1.422221533834194496e+01 -1.862645300838926765e+00 -2.048840337875903117e+01 -1.862645300838926765e+00 -6.713206519386849536e-01
-1.811612886327187155e+01 1.086011482161277897e+01 -1.161402218276435638e+00 1.086011482161277897e+01 -2.757842186532677431e+01 -1.769940279129732374e+01 -1.161402218276435638e+00 -1.769940279129732374e+01 -1.329015768551223431e+01
-1.806602718912799688e+01 1.082722861871076248e+01 -1.047724274119384180e+00 1.082722861871076248e+01 -2.762709046781051470e+01 -1.758732542068275606e+01 -1.047724274119384180e+00 -1.758732542068275606e+01 -1.330430228891095013e+01
-1.799396415707558816e+01 1.078436674814860119e+01 -9.264715226159153660e-01 1.078436674814860119e+01 -2.764527372770597324e+01 -1.745025304695704094e+01 -9.264715226159153660e-01 -1.745025304695704094e+01 -1.326071457685858945e+01
-1.790021893691857002e+01 1.073158504388707613e+01 -7.977556316875973330e-01 1.073158504388707613e+01 -2.763293442237261743e+01 -1.728820428144043220e+01 -7.977556316875973330e-01 -1.728820428144043220e+01 -1.315999011160352161e+01
-1.778600126447393492e+01 1.066918128705037105e+01 -6.620977183017514589e-01 1.066918128705037105e+01 -2.759064950273856098e+01 -1.710127218073423805e+01 -6.620977183017514589e-01 -1.710127218073423805e+01 -1.300356196480587556e+01
-1.765360033213384838e+01 1.059747187008293068e+01 -5.199816767851760391e-01 1.059747187008293068e+01 -2.752003815366654749e+01 -1.688949396747898390e+01 -5.199816767851760391e-01 -1.688949396747898390e+01 -1.279390544206042968e+01
-1.750433754363686845e+01 1.051684763071024875e+01 -3.721705712685909884e-01 1.051684763071024875e+01 -2.742173316004546990e+01 -1.665307436619754711e+01 -3.721705712685909884e-01 -1.665307436619754711e+01 -1.253254667162862468e+01
-1.734022292157123957e+01 1.042756912741598363e+01 -2.193157979611479735e-01 1.042756912741598363e+01 -2.729729787277728903e+01 -1.639162253916443390e+01 -2.193157979611479735e-01 -1.639162253916443390e+01 -1.222207262702680097e+01
-1.716289426211996272e+01 1.033015747716745558e+01 -6.206875307199834213e-02 1.033015747716745558e+01 -2.714794202767900444e+01 -1.610513848637964429e+01 -6.206875307199834213e-02 -1.610513848637964429e+01 -1.186458638744450944e+01
-1.697428714259023863e+01 1.022481740448754373e+01 9.869583134656888246e-02 1.022481740448754373e+01 -2.697498702848917418e+01 -1.579295220031377056e+01 9.869583134656888246e-02 -1.579295220031377056e+01 -1.146306576412358247e+01
3.066341737126360556e+01 -6.565868723106243365e+00 1.174562994005695948e+01 -6.565868723106243365e+00 -6.094800421192475781e+00 -2.539095639454961528e+01 1.174562994005695948e+01 -2.539095639454961528e+01 4.486419609529811936e+01
3.055447694053547636e+01 -6.499484536317746475e+00 1.175423003277795253e+01 -6.499484536317746475e+00 -6.196455649409014832e+00 -2.528389945520253335e+01 1.175423003277795253e+01 -2.528389945520253335e+01 4.458856667734760038e+01
3.034795033372533624e+01 -6.416984060070693552e+00 1.172549790482372423e+01 -6.416984060070693552e+00 -6.337557583907797110e+00 -2.512163489584692755e+01 1.172549790482372423e+01 -2.512163489584692755e+01 4.412247363568564396e+01
3.004593426765357833e+01 -6.319291271268992816e+00 1.166053522096431649e+01 -6.319291271268992816e+00 -6.518052918328983480e+00 -2.490533545639928903e+01 1.166053522096431649e+01 -2.490533545639928903e+01 4.346829798771849340e+01
2.965134282332484617e+01 -6.208023129494483427e+00 1.156058579626268745e+01 -6.208023129494483427e+00 -6.738030496605639463e+00 -2.463656479008162492e+01 1.156058579626268745e+01 -2.463656479008162492e+01 4.263030424223340020e+01
2.916748099504926728e+01 -6.084743287969164527e+00 1.142723105272744455e+01 -6.084743287969164527e+00 -6.997312630871630468e+00 -2.431695762526237914e+01 1.142723105272744455e+01 -2.431695762526237914e+01 4.161398295429398786e+01
2.859838229738814164e+01 -5.951619538659898900e+00 1.126237225052624602e+01 -5.951619538659898900e+00 -7.297249748909591993e+00 -2.394868175390842424e+01 1.126237225052624602e+01 -2.394868175390842424e+01 4.042461145352449847e+01
2.794909306573973495e+01 -5.810251072361912072e+00 1.106839040706532096e+01 -5.810251072361912072e+00 -7.637308787121115827e+00 -2.353370951133386768e+01 1.106839040706532096e+01 -2.353370951133386768e+01 3.907151835289707975e+01
2.722563691876606029e+01 -5.663569738866451431e+00 1.084741777673830043e+01 -5.663569738866451431e+00 -8.018484797556562071e+00 -2.307500828490318057e+01 1.084741777673830043e+01 -2.307500828490318057e+01 3.756202439249656067e+01
2.643316680458507406e+01 -5.512837122023085179e+00 1.060252835962934626e+01 -5.512837122023085179e+00 -8.440671167496251570e+00 -2.257497686080920829e+01 1.060252835962934626e+01 -2.257497686080920829e+01 3.590593794253364024e+01
3.084157890765088439e+01 -1.321505868576125309e+01 -4.574299995068222380e+00 -1.321505868576125309e+01 -1.681468738279498609e+01 2.089135837863203804e+01 -4.574299995068222380e+00 2.089135837863203804e+01 5.564821071209895109e+00
3.075132522799735213e+01 -1.322183086367977722e+01 -4.508217227028149310e+00 -1.322183086367977722e+01 -1.688154462862893368e+01 2.097905448045463572e+01 -4.508217227028149310e+00 2.097905448045463572e+01 5.358737933593511471e+00
3.063475731446359518e+01 -1.320743998560291033e+01 -4.423709091938474280e+00 -1.320743998560291033e+01 -1.693035474075447055e+01 2.103004393706991237e+01 -4.423709091938474280e+00 2.103004393706991237e+01 5.129114273265660273e+00
