2.179176560158232745e-01 -8.087057847763379215e-01 0.000000000000000000e+00 -8.087057847763379215e-01 1.149153524367235280e+00 5.424885636440708706e-05 0.000000000000000000e+00 5.424885636440708706e-05 3.003397517854790588e-01
3.078441769158887786e-01 -7.842576335081117289e-01 -1.703414089842382462e-02 -7.842576335081117289e-01 1.115681979990396089e+00 -1.501065855603144206e-01 -1.703414089842382462e-02 -1.501065855603144206e-01 3.684582324270529452e-01
4.059622751269796881e-01 -7.595382379580636334e-01 -3.490009759443522819e-02 -7.595382379580636334e-01 1.092282639945215239e+00 -2.986399542860609935e-01 -3.490009759443522819e-02 -2.986399542860609935e-01 4.481317194742455157e-01
5.112593053302938451e-01 -7.345295151740719453e-01 -5.352553827954832644e-02 -7.345295151740719453e-01 1.078630011093506091e+00 -4.457086038899686353e-01 -5.352553827954832644e-02 -4.457086038899686353e-01 5.388358073155341543e-01
6.224694608773283511e-01 -7.096112071506875951e-01 -7.283813114527724897e-02 -7.096112071506875951e-01 1.074326268488596581e+00 -5.912221196114298971e-01 -7.283813114527724897e-02 -5.912221196114298971e-01 6.388887814036222634e-01
7.389055895874674373e-01 -6.847833138879106940e-01 -9.260279781404288924e-02 -6.847833138879106940e-01 1.079425660986850666e+00 -7.349092571686227648e-01 -9.260279781404288924e-02 -7.349092571686227648e-01 7.472418305154646667e-01
8.588317280570499923e-01 -6.603532455718059690e-01 -1.127472064773594046e-01 -6.603532455718059690e-01 1.092807045556737799e+00 -8.768423483700332755e-01 -1.127472064773594046e-01 -8.768423483700332755e-01 8.615803367795134005e-01
9.805842446909011079e-01 -6.362848362981307071e-01 -1.328916151406759061e-01 -6.362848362981307071e-01 1.113548191640062912e+00 -1.016822480742324952e+00 -1.328916151406759061e-01 -1.016822480742324952e+00 9.793907698508841353e-01
1.102499507893845099e+00 -6.129759110135571953e-01 -1.530541067561138890e-01 -6.129759110135571953e-01 1.140564122109537504e+00 -1.155138981519441721e+00 -1.530541067561138890e-01 -1.155138981519441721e+00 1.098231931193178523e+00
1.222280982746456246e+00 -5.902998890532350496e-01 -1.728187734248795293e-01 -5.902998890532350496e-01 1.171883795183921828e+00 -1.291592938228046883e+00 -1.728187734248795293e-01 -1.291592938228046883e+00 1.214812723520289239e+00
2.247542536252355774e+02 -1.467820571969487808e+01 -7.542785843216364583e+01 -1.467820571969487808e+01 1.732169316491033726e+02 -2.819701457992756843e+01 -7.542785843216364583e+01 -2.819701457992756843e+01 2.659061492949256262e+02
2.237508044379731018e+02 -1.460799796438416998e+01 -7.488475449060405253e+01 -1.460799796438416998e+01 1.728049865268598921e+02 -2.816405718141547254e+01 -7.488475449060405253e+01 -2.816405718141547254e+01 2.643957732833305272e+02
2.217914565389133656e+02 -1.449650029777608040e+01 -7.384079050951260115e+01 -1.449650029777608040e+01 1.716577083308940246e+02 -2.800584378123121354e+01 -7.384079050951260115e+01 -2.800584378123121354e+01 2.611091559684797403e+02
2.189451059461128466e+02 -1.434818455141906313e+01 -7.232765686846263975e+01 -1.434818455141906313e+01 1.698032397877506696e+02 -2.772267250147802287e+01 -7.232765686846263975e+01 -2.772267250147802287e+01 2.561420839821409459e+02
2.153276029088868597e+02 -1.417130870757259409e+01 -7.040781014808089822e+01 -1.417130870757259409e+01 1.672995507404029354e+02 -2.732040144148437832e+01 -7.040781014808089822e+01 -2.732040144148437832e+01 2.496702108675375769e+02
2.111304312541400634e+02 -1.397726103058006863e+01 -6.818031632327077318e+01 -1.397726103058006863e+01 1.642642354524699613e+02 -2.681302743399692901e+01 -6.818031632327077318e+01 -2.681302743399692901e+01 2.420050742225450051e+02
2.066104827982259451e+02 -1.377979985550555675e+01 -6.577858503522776346e+01 -1.377979985550555675e+01 1.608728282183337228e+02 -2.622514555253216528e+01 -6.577858503522776346e+01 -2.622514555253216528e+01 2.335851967549097310e+02
2.020423130921143411e+02 -1.359278786014926332e+01 -6.335079787536243856e+01 -1.359278786014926332e+01 1.573255925608390555e+02 -2.559041378254477905e+01 -6.335079787536243856e+01 -2.559041378254477905e+01 2.249223795853522176e+02
1.976849455251968095e+02 -1.342573513960422815e+01 -6.102645908531798824e+01 -1.342573513960422815e+01 1.538367590233671933e+02 -2.494395090779528701e+01 -6.102645908531798824e+01 -2.494395090779528701e+01 2.164878196041329090e+02
1.936948345772485425e+02 -1.328505131908990577e+01 -5.889758405225641980e+01 -1.328505131908990577e+01 1.505389919418555564e+02 -2.431626972554929722e+01 -5.889758405225641980e+01 -2.431626972554929722e+01 2.086339120433750054e+02
-1.225051634532577083e+01 1.966751866895565115e+01 2.272585246652498725e+01 1.966751866895565115e+01 3.679898243015107084e+01 -2.933429975529334399e+01 2.272585246652498725e+01 -2.933429975529334399e+01 9.889049490929380681e+01
-1.256020049114746051e+01 1.954361678696365345e+01 2.265515218989856905e+01 1.954361678696365345e+01 3.660587965364673835e+01 -2.942646765583551627e+01 2.265515218989856905e+01 -2.942646765583551627e+01 9.833327159633178383e+01
-1.301319028749634477e+01 1.936958262299254230e+01 2.253721255678375002e+01 1.936958262299254230e+01 3.610469795217226618e+01 -2.940552922560708637e+01 2.253721255678375002e+01 -2.940552922560708637e+01 9.728137566424935301e+01
-1.360029540400257098e+01 1.914904997369527706e+01 2.237280971792192474e+01 1.914904997369527706e+01 3.530778517843186393e+01 -2.927405987388635822e+01 2.237280971792192474e+01 -2.927405987388635822e+01 9.575578082285412052e+01
-1.431523607557656952e+01 1.888762829215748695e+01 2.216411336743113125e+01 1.888762829215748695e+01 3.423161689589086620e+01 -2.903705166112376190e+01 2.216411336743113125e+01 -2.903705166112376190e+01 9.377010498969987395e+01
-1.515497825841101864e+01 1.859230293505184051e+01 2.191398115122290591e+01 1.859230293505184051e+01 3.289473252339517728e+01 -2.870325392294969546e+01 2.191398115122290591e+01 -2.870325392294969546e+01 9.134207615331193608e+01
-1.609523196225777042e+01 1.827240535106480479e+01 2.162581754868570272e+01 1.827240535106480479e+01 3.134109041657180583e+01 -2.828250966194838512e+01 2.162581754868570272e+01 -2.828250966194838512e+01 8.853061121087900176e+01
-1.713319246057400846e+01 1.793597928424370025e+01 2.130487921711360144e+01 1.793597928424370025e+01 2.959748541578888137e+01 -2.779018313484179359e+01 2.130487921711360144e+01 -2.779018313484179359e+01 8.536691495016356157e+01
-1.823696701380371010e+01 1.759503743129077336e+01 2.095705784622546375e+01 1.759503743129077336e+01 2.772521578982804868e+01 -2.724135636171862984e+01 2.095705784622546375e+01 -2.724135636171862984e+01 8.193955675463399757e+01
-1.938993894016491737e+01 1.725892888068206688e+01 2.058921531416692474e+01 1.725892888068206688e+01 2.577023319053855488e+01 -2.665432180437071352e+01 2.058921531416692474e+01 -2.665432180437071352e+01 7.831943093860206773e+01
2.882752409769335955e+01 -1.151141192209429320e+01 6.297255742556237657e+00 -1.151141192209429320e+01 7.239315141527711717e+01 2.295097832112149661e+01 6.297255742556237657e+00 2.295097832112149661e+01 -1.673795165724463985e+01
2.879617332399136131e+01 -1.142500570635227497e+01 6.292344121342924090e+00 -1.142500570635227497e+01 7.230098014059322509e+01 2.264819951554615685e+01 6.292344121342924090e+00 2.264819951554615685e+01 -1.692542928398261282e+01
2.881691708592418522e+01 -1.133279959747538435e+01 6.277017076421945063e+00 -1.133279959747538435e+01 7.221882369639747878e+01 2.230058910357695368e+01 6.277017076421945063e+00 2.230058910357695368e+01 -1.704491056598024556e+01
2.888630679838461646e+01 -1.123512452029714481e+01 6.250821763284272414e+00 -1.123512452029714481e+01 7.214490553884675705e+01 2.190894827165293535e+01 6.250821763284272414e+00 2.190894827165293535e+01 -1.709796304192263250e+01
2.900355869203010428e+01 -1.113288616383561447e+01 6.213131166455864829e+00 -1.113288616383561447e+01 7.207946950729208879e+01 2.147453105072218804e+01 6.213131166455864829e+00 2.147453105072218804e+01 -1.708409903310774780e+01
2.916750582139507486e+01 -1.102662445808232583e+01 6.163509858524195195e+00 -1.102662445808232583e+01 7.202303811462847705e+01 2.099885272818030302e+01 6.163509858524195195e+00 2.099885272818030302e+01 -1.700406747468513657e+01
2.937642389392592435e+01 -1.091750634850285806e+01 6.101365658208225184e+00 -1.091750634850285806e+01 7.197590745149646807e+01 2.048355051109838953e+01 6.101365658208225184e+00 2.048355051109838953e+01 -1.685863471890084853e+01
2.962827510933201225e+01 -1.080596726250973205e+01 6.026332806481432769e+00 -1.080596726250973205e+01 7.193826910595755919e+01 1.993054028009156653e+01 6.026332806481432769e+00 1.993054028009156653e+01 -1.664969922927350154e+01
2.992051657152417832e+01 -1.069345281911254553e+01 5.937871373352281879e+00 -1.069345281911254553e+01 7.191017532930126777e+01 1.934166824738895230e+01 5.937871373352281879e+00 1.934166824738895230e+01 -1.637895046416370803e+01
3.025058796731676125e+01 -1.058038102862732188e+01 5.835754936566259765e+00 -1.058038102862732188e+01 7.189181770958910533e+01 1.871900704747417876e+01 5.835754936566259765e+00 1.871900704747417876e+01 -1.604933191288015237e+01
2.320378538366039933e+01 -1.689998911707719742e+01 -1.062307733250332653e+01 -1.689998911707719742e+01 -2.921910106513320571e+01 1.485695199619038398e+01 -1.062307733250332653e+01 1.485695199619038398e+01 -2.912134431723987760e+01
2.314062061432515804e+01 -1.684434833246811891e+01 -1.055369151238230785e+01 -1.684434833246811891e+01 -2.916568077357745636e+01 1.477383949173968425e+01 -1.055369151238230785e+01 1.477383949173968425e+01 -2.914233806974409546e+01
2.310268872059594614e+01 -1.676742017643867655e+01 -1.046094463724566914e+01 -1.676742017643867655e+01 -2.905408723426089423e+01 1.466604464715072176e+01 -1.046094463724566914e+01 1.466604464715072176e+01 -2.906016147558860041e+01
2.309098066631474921e+01 -1.666938816081146868e+01 -1.034560745674828652e+01 -1.666938816081146868e+01 -2.888318267388347138e+01 1.453340230178316794e+01 -1.034560745674828652e+01 1.453340230178316794e+01 -2.887248393462651208e+01
2.310536799320574985e+01 -1.655080282105425127e+01 -1.020848742290955258e+01 -1.655080282105425127e+01 -2.865397640746941832e+01 1.437649969346930590e+01 -1.020848742290955258e+01 1.437649969346930590e+01 -2.858031476188206810e+01
2.314570389181088217e+01 -1.641210458554125040e+01 -1.005061220193596760e+01 -1.641210458554125040e+01 -2.836764291068331190e+01 1.419566714348979808e+01 -1.005061220193596760e+01 1.419566714348979808e+01 -2.818409438572948389e+01
2.321110750538171175e+01 -1.625411925747411246e+01 -9.872936055304995406e+00 -1.625411925747411246e+01 -2.802601730175105033e+01 1.399160199677048233e+01 -9.872936055304995406e+00 1.399160199677048233e+01 -2.768617175749790249e+01
2.330130356618436238e+01 -1.607728726522704932e+01 -9.676541702769911879e+00 -1.607728726522704932e+01 -2.763078788944044817e+01 1.376481808641460880e+01 -9.676541702769911879e+00 1.376481808641460880e+01 -2.708795991822126226e+01
2.341515430091876837e+01 -1.588316845929207588e+01 -9.462493512901739123e+00 -1.588316845929207588e+01 -2.718421186916935994e+01 1.351628802508190574e+01 -9.462493512901739123e+00 1.351628802508190574e+01 -2.639261527124810058e+01
2.355157698983166270e+01 -1.567161603021111738e+01 -9.231874205453751259e+00 -1.567161603021111738e+01 -2.668970256083794013e+01 1.324650729469335708e+01 -9.231874205453751259e+00 1.324650729469335708e+01 -2.560399156485279093e+01
1.808790613771856570e+01 -2.645032932530921954e+01 3.979600766731208239e+01 -2.645032932530921954e+01 1.658972257822138374e+01 -5.986877876576416213e+01 3.979600766731208239e+01 -5.986877876576416213e+01 1.016872278070770932e+02
1.754709429471089521e+01 -2.639048149856040126e+01 3.937835709269607776e+01 -2.639048149856040126e+01 1.639527871312595053e+01 -5.970705593469364914e+01 3.937835709269607776e+01 -5.970705593469364914e+01 1.008472471981404510e+02
1.676226446086464961e+01 -2.623977123055419725e+01 3.879025807793625802e+01 -2.623977123055419725e+01 1.601240743112676412e+01 -5.936031852575209911e+01 3.879025807793625802e+01 -5.936031852575209911e+01 9.947004350476660761e+01
1.574703280840310349e+01 -2.600468995223425850e+01 3.804409535849151069e+01 -2.600468995223425850e+01 1.544452157125653358e+01 -5.883454780322362154e+01 3.804409535849151069e+01 -5.883454780322362154e+01 9.757246981867378111e+01
1.452265041748869123e+01 -2.569547618069871220e+01 3.715684516975649387e+01 -2.569547618069871220e+01 1.469783109319848258e+01 -5.814001746811391769e+01 3.715684516975649387e+01 -5.814001746811391769e+01 9.518174089235473900e+01
1.312254200029740048e+01 -2.532458501922155492e+01 3.615081410912024040e+01 -2.532458501922155492e+01 1.379133530703159849e+01 -5.729106496275108640e+01 3.615081410912024040e+01 -5.729106496275108640e+01 9.235763418474321895e+01
1.157851380925777107e+01 -2.490582615151761203e+01 3.505166883714316128e+01 -2.490582615151761203e+01 1.274069105161727400e+01 -5.630714698801232032e+01 3.505166883714316128e+01 -5.630714698801232032e+01 8.915190522385067595e+01
9.935372550639412381e+00 -2.445809333594321089e+01 3.389283406600125659e+01 -2.445809333594321089e+01 1.157378157369180016e+01 -5.521546070443661591e+01 3.389283406600125659e+01 -5.521546070443661591e+01 8.566138012326481999e+01
8.229023402100860807e+00 -2.399820448030900977e+01 3.270567624927863903e+01 -2.399820448030900977e+01 1.031284310282910788e+01 -5.404543745069263849e+01 3.270567624927863903e+01 -5.404543745069263849e+01 8.195869606013025077e+01
6.510254334195859194e+00 -2.354253769358125226e+01 3.152184331181984689e+01 -2.354253769358125226e+01 8.996472385615586376e+00 -5.282854923208716258e+01 3.152184331181984689e+01 -5.282854923208716258e+01 7.815364441796823769e+01
3.400907563013760893e+01 1.066999203463640278e+01 3.596065869805237014e+01 1.066999203463640278e+01 -3.439355828863268272e+01 -4.380071115760283185e+00 3.596065869805237014e+01 -4.380071115760283185e+00 1.863850753257313286e+01
3.399440916131816692e+01 1.055238834708182161e+01 3.593676450039598791e+01 1.055238834708182161e+01 -3.416210364411143274e+01 -4.451082930798250459e+00 3.593676450039598791e+01 -4.451082930798250459e+00 1.892851927757245889e+01
3.390813261606270146e+01 1.041341041139607704e+01 3.581696718771513588e+01 1.041341041139607704e+01 -3.393614212697249144e+01 -4.531086795940590939e+00 3.581696718771513588e+01 -4.531086795940590939e+00 1.910625730020004198e+01
3.375008283217171368e+01 1.025305822757917085e+01 3.560260831587216757e+01 1.025305822757917085e+01 -3.371701529307821232e+01 -4.619611353722156366e+00 3.560260831587216757e+01 -4.619611353722156366e+00 1.916684486360491135e+01
3.352248969303803250e+01 1.007318096722514866e+01 3.529537389426163685e+01 1.007318096722514866e+01 -3.350648166835625119e+01 -4.715858922278849619e+00 3.529537389426163685e+01 -4.715858922278849619e+00 1.911336392044381682e+01
3.322741991985498800e+01 9.874576312198103167e+00 3.489783825980860854e+01 9.874576312198103167e+00 -3.330586467953568786e+01 -4.818741753614173895e+00 3.489783825980860854e+01 -4.818741753614173895e+00 1.894820751630905420e+01
3.286855372667741904e+01 9.659437887624308772e+00 3.441310149430307064e+01 9.659437887624308772e+00 -3.311724917694314030e+01 -4.926591967466833033e+00 3.441310149430307064e+01 -4.926591967466833033e+00 1.867608922585209896e+01
3.244949881102701994e+01 9.429379186365231647e+00 3.384553271886430537e+01 9.429379186365231647e+00 -3.294232116997317661e+01 -5.037977362308107665e+00 3.384553271886430537e+01 -5.037977362308107665e+00 1.830125126625929255e+01
3.197540384675388125e+01 9.187065191012290910e+00 3.319966421681105118e+01 9.187065191012290910e+00 -3.278320176721896928e+01 -5.150613667345353086e+00 3.319966421681105118e+01 -5.150613667345353086e+00 1.783043767510892508e+01
3.145138124944153901e+01 8.934689526691753869e+00 3.248167802259005299e+01 8.934689526691753869e+00 -3.264181265680765875e+01 -5.262687969251075515e+00 3.248167802259005299e+01 -5.262687969251075515e+00 1.726966732464826393e+01
-5.296266599224805560e+01 1.108023473522800018e+01 4.986592435933229872e+00 1.108023473522800018e+01 3.963859049537094137e+01 1.777984832489027056e+01 4.986592435933229872e+00 1.777984832489027056e+01 1.579961710690301935e+01
-5.292072727530170795e+01 1.112854784323013924e+01 4.949025779711035078e+00 1.112854784323013924e+01 3.966981950054342576e+01 1.776765064286996321e+01 4.949025779711035078e+00 1.776765064286996321e+01 1.589596777286165263e+01
-5.282450519936437416e+01 1.117607104110144434e+01 4.904588742350894037e+00 1.117607104110144434e+01 3.953658186847517442e+01 1.768516932920851659e+01 4.904588742350894037e+00 1.768516932920851659e+01 1.583358324252885652e+01
-5.267376095439648509e+01 1.122262062881148914e+01 4.852307713691546454e+00 1.122262062881148914e+01 3.924043904942480054e+01 1.753420464420411662e+01 4.852307713691546454e+00 1.753420464420411662e+01 1.561942574705778064e+01
-5.246889868046498862e+01 1.126770061627812147e+01 4.791466263614328369e+00 1.126770061627812147e+01 3.878528548403735954e+01 1.731734675828577608e+01 4.791466263614328369e+00 1.731734675828577608e+01 1.525849192727602954e+01
-5.221173700787110050e+01 1.131037413334617092e+01 4.721054041951897595e+00 1.131037413334617092e+01 3.817690772327127746e+01 1.703896773217763894e+01 4.721054041951897595e+00 1.703896773217763894e+01 1.475844207445237544e+01
-5.190337813679737167e+01 1.135045747998520582e+01 4.640189288558204339e+00 1.135045747998520582e+01 3.742300279840141286e+01 1.670373354665253629e+01 4.640189288558204339e+00 1.670373354665253629e+01 1.412921436023289701e+01
-5.154696333776411166e+01 1.138684845601267348e+01 4.547971873284161859e+00 1.138684845601267348e+01 3.653398650115293833e+01 1.631809207277843399e+01 4.547971873284161859e+00 1.631809207277843399e+01 1.338407192681436797e+01
-5.114532159123987753e+01 1.141936336139814223e+01 4.443483295977635805e+00 1.141936336139814223e+01 3.552229532358573039e+01 1.588872999166285283e+01 4.443483295977635805e+00 1.588872999166285283e+01 1.253747196659135099e+01
-5.070319235800965885e+01 1.144701021597731128e+01 4.326503116602116172e+00 1.144701021597731128e+01 3.440218438806088130e+01 1.542371173464151646e+01 4.326503116602116172e+00 1.542371173464151646e+01 1.160684761245130581e+01
2.224224692831326138e+02 6.676614725979064247e+01 5.347845135942835526e+01 6.676614725979064247e+01 2.555735924829211569e+02 8.156961752516842523e+01 5.347845135942835526e+01 8.156961752516842523e+01 2.407327748250305035e+02
2.216330812141108026e+02 6.636366764032015908e+01 5.293205549467124627e+01 6.636366764032015908e+01 2.550417140998931416e+02 8.095121963409340538e+01 5.293205549467124627e+01 8.095121963409340538e+01 2.390561373963388974e+02
2.201086724597604132e+02 6.565835510812684106e+01 5.191969529699504449e+01 6.565835510812684106e+01 2.536759293218150901e+02 7.978392336880997959e+01 5.191969529699504449e+01 7.978392336880997959e+01 2.358901848838478656e+02
2.178787609239602148e+02 6.468989858503472590e+01 5.049155266644937967e+01 6.468989858503472590e+01 2.514935947347058232e+02 7.811297878325613908e+01 5.049155266644937967e+01 7.811297878325613908e+01 2.311375389373297935e+02
2.150348564991016360e+02 6.351070442393901772e+01 4.872134187266092908e+01 6.351070442393901772e+01 2.485792102775815522e+02 7.600888054425571738e+01 4.872134187266092908e+01 7.600888054425571738e+01 2.249921367219808417e+02
2.117217388694047031e+02 6.219922849132146325e+01 4.671478296402815289e+01 6.219922849132146325e+01 2.450875803070257746e+02 7.358242689190078067e+01 4.671478296402815289e+01 7.358242689190078067e+01 2.177528451852530793e+02
2.081333452000655768e+02 6.085694681370407011e+01 4.460145031880689004e+01 6.085694681370407011e+01 2.412498869388400067e+02 7.098025609930212454e+01 4.460145031880689004e+01 7.098025609930212454e+01 2.098146364182630919e+02
2.044866767199952164e+02 5.959029653283686656e+01 4.251324521000591261e+01 5.959029653283686656e+01 2.373406305810822516e+02 6.836143117947791836e+01 4.251324521000591261e+01 6.836143117947791836e+01 2.016178057388564469e+02
2.009734315069858326e+02 5.848039700479302638e+01 4.055800969696193192e+01 5.848039700479302638e+01 2.335992326058175763e+02 6.586419016913522739e+01 4.055800969696193192e+01 6.586419016913522739e+01 1.935766428549667637e+02
1.977244425112980650e+02 5.756250288026358675e+01 3.880266761429928835e+01 5.756250288026358675e+01 2.301688482613066071e+02 6.358059907387688270e+01 3.880266761429928835e+01 6.358059907387688270e+01 1.860191667539699267e+02
2.481728029524327184e+01 -1.383940732453834421e+01 -5.575364918267414538e+01 -1.383940732453834421e+01 7.210188351398156215e+01 -6.626483084473376550e+01 -5.575364918267414538e+01 -6.626483084473376550e+01 1.122396102649325229e+02
2.434236422129336219e+01 -1.391149799090878858e+01 -5.557077212460204407e+01 -1.391149799090878858e+01 7.163466212690705959e+01 -6.600194614246164804e+01 -5.557077212460204407e+01 -6.600194614246164804e+01 1.111216577584572178e+02
2.372472025545680197e+01 -1.395944443979463934e+01 -5.522476770477140207e+01 -1.395944443979463934e+01 7.079972020370910002e+01 -6.544774059508674213e+01 -5.522476770477140207e+01 -6.544774059508674213e+01 1.093508367195601778e+02
2.297125651661728440e+01 -1.398251140111668001e+01 -5.471897028749487646e+01 -1.398251140111668001e+01 6.961248131674683748e+01 -6.461399562318051437e+01 -5.471897028749487646e+01 -6.461399562318051437e+01 1.069496840311342396e+02
2.209236938170868925e+01 -1.398083566930825938e+01 -5.405871485567274703e+01 -1.398083566930825938e+01 6.810148420467592700e+01 -6.352063191609816784e+01 -5.405871485567274703e+01 -6.352063191609816784e+01 1.039632050617484396e+02
2.109831843323155454e+01 -1.395664015391115775e+01 -5.325434648832639084e+01 -1.395664015391115775e+01 6.630722001976513980e+01 -6.219931738515802522e+01 -5.325434648832639084e+01 -6.219931738515802522e+01 1.004545133430852530e+02
2.000854558002439987e+01 -1.391296853106720199e+01 -5.232108356616494405e+01 -1.391296853106720199e+01 6.428649265045916650e+01 -6.069138104853310978e+01 -5.232108356616494405e+01 -6.069138104853310978e+01 9.651555183365366020e+01
1.884240723440490228e+01 -1.385407852751411362e+01 -5.128093289365205720e+01 -1.385407852751411362e+01 6.210450174354888730e+01 -5.904832601037610118e+01 -5.128093289365205720e+01 -5.904832601037610118e+01 9.225644005229278832e+01
1.763169100282057045e+01 -1.378523672893550334e+01 -5.016026159781411309e+01 -1.378523672893550334e+01 5.984246899383025209e+01 -5.732534882453990832e+01 -5.016026159781411309e+01 -5.732534882453990832e+01 8.781439991494731601e+01
1.640048980484349883e+01 -1.371059826624408551e+01 -4.898978002893606032e+01 -1.371059826624408551e+01 5.757007406578608055e+01 -5.557990315302753004e+01 -4.898978002893606032e+01 -5.557990315302753004e+01 8.331112716937778373e+01
8.177432875530202239e+01 -2.107873294296610744e+00 -5.532676830686635583e+01 -2.107873294296610744e+00 -6.782442073416786732e-01 3.440960248685252054e+01 -5.532676830686635583e+01 3.440960248685252054e+01 -3.918583946655433436e+01
8.170008608505210645e+01 -2.065712984544927799e+00 -5.508964322575454986e+01 -2.065712984544927799e+00 -5.747630423440830416e-01 3.427395009055199893e+01 -5.508964322575454986e+01 3.427395009055199893e+01 -3.922721771322461848e+01
8.166149838164953678e+01 -1.989799543166581808e+00 -5.474893033467950687e+01 -1.989799543166581808e+00 -4.090900882144730688e-01 3.408908104260628136e+01 -5.474893033467950687e+01 3.408908104260628136e+01 -3.920987013214634942e+01
8.165876116086464265e+01 -1.880879484921087696e+00 -5.430791785341527600e+01 -1.880879484921087696e+00 -1.824873103796487150e-01 3.385527972959041421e+01 -5.430791785341527600e+01 3.385527972959041421e+01 -3.912848224919822826e+01
8.169470051428703528e+01 -1.741565611466749708e+00 -5.377122706380647799e+01 -1.741565611466749708e+00 1.026635535943168365e-01 3.357510563067987874e+01 -5.377122706380647799e+01 3.357510563067987874e+01 -3.898101003587203905e+01
8.176976079594021485e+01 -1.573297629839776501e+00 -5.314467011648077488e+01 -1.573297629839776501e+00 4.450649899587419966e-01 3.324994513042808109e+01 -5.314467011648077488e+01 3.324994513042808109e+01 -3.876379201501397631e+01
8.188794119203589617e+01 -1.380003629608094640e+00 -5.243572993319425990e+01 -1.380003629608094640e+00 8.416065205489788870e-01 3.288415289826549781e+01 -5.243572993319425990e+01 3.288415289826549781e+01 -3.847441090073609615e+01
8.205002376565543898e+01 -1.164420831556593594e+00 -5.165340023938299652e+01 -1.164420831556593594e+00 1.291257244030458828e+00 3.248057279994268498e+01 -5.165340023938299652e+01 3.248057279994268498e+01 -3.810693012328413687e+01
8.225826583523839020e+01 -9.319525806112906041e-01 -5.080852327322089934e+01 -9.319525806112906041e-01 1.785823272209452028e+00 3.204563908172023190e+01 -5.080852327322089934e+01 3.204563908172023190e+01 -3.766613093195120143e+01
8.251028566321862456e+01 -6.864558696963487527e-01 -4.991238562690541869e+01 -6.864558696963487527e-01 2.321287644713328380e+00 3.158274660833782121e+01 -4.991238562690541869e+01 3.158274660833782121e+01 -3.715135568278246581e+01
1.603576611360512914e+02 8.333549805932220167e+00 -5.427314323925480721e+01 8.333549805932220167e+00 3.319299367045790206e+01 -4.456933657736917098e+01 -5.427314323925480721e+01 -4.456933657736917098e+01 1.679815826631437403e+02
1.596400626318472291e+02 8.094786730286609000e+00 -5.378393178835354860e+01 8.094786730286609000e+00 3.298689706262972976e+01 -4.407971597732188940e+01 -5.378393178835354860e+01 -4.407971597732188940e+01 1.669066987586778623e+02
1.582596916090044488e+02 7.700857932508155201e+00 -5.291398250814118143e+01 7.700857932508155201e+00 3.245212276282878605e+01 -4.336550522804679275e+01 -5.291398250814118143e+01 -4.336550522804679275e+01 1.646938565173972222e+02
1.562639602705625634e+02 7.170109660303949362e+00 -5.169286869889133840e+01 7.170109660303949362e+00 3.160127256475217550e+01 -4.244796371917054500e+01 -5.169286869889133840e+01 -4.244796371917054500e+01 1.614019734163273085e+02
1.537310815672729234e+02 6.529627587139853695e+00 -5.016893542369655279e+01 6.529627587139853695e+00 3.045771706761999198e+01 -4.136036345924669178e+01 -5.016893542369655279e+01 -4.136036345924669178e+01 1.571405704988719663e+02
1.507691854354429779e+02 5.816726115131984010e+00 -4.841111613067659647e+01 5.816726115131984010e+00 2.905186423596370204e+01 -4.014895466774020605e+01 -4.841111613067659647e+01 -4.014895466774020605e+01 1.520680866803322431e+02
1.475216050039029767e+02 5.072532916437266337e+00 -4.650390830146545795e+01 5.072532916437266337e+00 2.744091312039550346e+01 -3.886766320209520131e+01 -4.650390830146545795e+01 -3.886766320209520131e+01 1.464101595317496560e+02
1.441463045749445087e+02 4.340188677010999641e+00 -4.454125257998703802e+01 4.340188677010999641e+00 2.568880554945384631e+01 -3.757611027586827390e+01 -4.454125257998703802e+01 -3.757611027586827390e+01 1.404259441222070279e+02
1.407973369850232359e+02 3.657056896866819340e+00 -4.261180340319879889e+01 3.657056896866819340e+00 2.386709352579296350e+01 -3.632827084440105381e+01 -4.261180340319879889e+01 -3.632827084440105381e+01 1.343782451311694501e+02
1.376010311244612296e+02 3.049568610836971949e+00 -4.078608171790701675e+01 3.049568610836971949e+00 2.204122454680861765e+01 -3.516553443530391831e+01 -4.078608171790701675e+01 -3.516553443530391831e+01 1.284985918773811306e+02
-1.244380403615404873e+02 -1.173730110294509466e+00 1.266705235737112112e+01 -1.173730110294509466e+00 -1.064063870558110949e+02 2.514338023973017400e+01 1.266705235737112112e+01 2.514338023973017400e+01 -1.584938390709406804e+02
-1.243104387753565589e+02 -1.166662124855302185e+00 1.267176434766392568e+01 -1.166662124855302185e+00 -1.063277501612075895e+02 2.512588808708660082e+01 1.267176434766392568e+01 2.512588808708660082e+01 -1.579974797916061391e+02
-1.240878639131294534e+02 -1.159527460308177993e+00 1.268292198505537804e+01 -1.159527460308177993e+00 -1.061557402891509128e+02 2.512010923106712568e+01 1.268292198505537804e+01 2.512010923106712568e+01 -1.571152707411249878e+02
-1.237835849173346503e+02 -1.151103666341324105e+00 1.269928059286436195e+01 -1.151103666341324105e+00 -1.059066938210807365e+02 2.512619925625688211e+01 1.269928059286436195e+01 2.512619925625688211e+01 -1.558790178539735791e+02
-1.233934232305426946e+02 -1.141657459386408835e+00 1.272035119096614864e+01 -1.141657459386408835e+00 -1.055757876348577184e+02 2.514300239145197580e+01 1.272035119096614864e+01 2.514300239145197580e+01 -1.542858317021422465e+02
-1.229183790393723399e+02 -1.130744312057318401e+00 1.274557812012809954e+01 -1.130744312057318401e+00 -1.051656222156906466e+02 2.516960735551088391e+01 1.274557812012809954e+01 2.516960735551088391e+01 -1.523535378338140731e+02
-1.223655203292627647e+02 -1.119075468171834897e+00 1.277378338277701175e+01 -1.119075468171834897e+00 -1.046817319295366246e+02 2.520396932245746768e+01 1.277378338277701175e+01 2.520396932245746768e+01 -1.501106304544389900e+02
-1.217410260308809882e+02 -1.106206400343844320e+00 1.280370007586245862e+01 -1.106206400343844320e+00 -1.041315626101130505e+02 2.524411014542353016e+01 1.280370007586245862e+01 2.524411014542353016e+01 -1.476000286831462347e+02
-1.210606324136954299e+02 -1.093137295192102787e+00 1.283423910728846806e+01 -1.093137295192102787e+00 -1.035277610615548696e+02 2.528722930187655393e+01 1.283423910728846806e+01 2.528722930187655393e+01 -1.448825216399869191e+02
-1.203404758218219825e+02 -1.079845926347304363e+00 1.286415580037391848e+01 -1.079845926347304363e+00 -1.028871970981650747e+02 2.533134864494833494e+01 1.286415580037391848e+01 2.533134864494833494e+01 -1.420293003858470797e+02
1.335475807192960644e+02 1.906981986262008988e+01 -1.685791058320498337e+01 1.906981986262008988e+01 3.769817861130817249e+01 -4.592804408194383115e+01 -1.685791058320498337e+01 -4.592804408194383115e+01 1.358126719217956690e+02
1.332142325312249511e+02 1.900903109295104798e+01 -1.721391430351159357e+01 1.900903109295104798e+01 3.755160243297752487e+01 -4.584864246423280321e+01 -1.721391430351159357e+01 -4.584864246423280321e+01 1.353127651449516691e+02
1.324022140338896634e+02 1.881339817948846971e+01 -1.740241889219213789e+01 1.881339817948846971e+01 3.717860293830633367e+01 -4.558687453751465313e+01 -1.740241889219213789e+01 -4.558687453751465313e+01 1.339788773701129401e+02
1.311306826001419381e+02 1.848930691318292219e+01 -1.742905110561391879e+01 1.848930691318292219e+01 3.658229876938673897e+01 -4.514873007469650901e+01 -1.742905110561391879e+01 -4.514873007469650901e+01 1.318334331189896034e+02
1.294343888132941913e+02 1.804776329549186187e+01 -1.730389290313300776e+01 1.804776329549186187e+01 3.577217785850964304e+01 -4.454447254340436047e+01 -1.730389290313300776e+01 -4.454447254340436047e+01 1.289202913898933787e+02
1.273622739032157227e+02 1.750594460904978433e+01 -1.704286751024632096e+01 1.750594460904978433e+01 3.475972472893499088e+01 -4.379114722025821749e+01 -1.704286751024632096e+01 -4.379114722025821749e+01 1.253074682817862140e+02
1.249836905297650702e+02 1.688606086579330778e+01 -1.666686487874565614e+01 1.688606086579330778e+01 3.356780942267182866e+01 -4.291215217132504733e+01 -1.666686487874565614e+01 -4.291215217132504733e+01 1.210984400092703197e+02
1.223816704760515250e+02 1.621532180545757384e+01 -1.620189019348401516e+01 1.621532180545757384e+01 3.222425220727227213e+01 -4.193803028820565970e+01 -1.620189019348401516e+01 -4.193803028820565970e+01 1.164233975041287152e+02
1.196517530950565629e+02 1.552337927904564197e+01 -1.567612673855332694e+01 1.552337927904564197e+01 3.076670779836735647e+01 -4.090363115872334987e+01 -1.567612673855332694e+01 -4.090363115872334987e+01 1.114412100047907188e+02
1.168894777397616593e+02 1.483922510748815959e+01 -1.511808781308175220e+01 1.483922510748815959e+01 2.923674158976715987e+01 -3.984561945340054478e+01 -1.511808781308175220e+01 -3.984561945340054478e+01 1.063180730834893950e+02
-4.884435911163707544e+01 -2.488899300623424438e+01 1.612046366926981056e-01 -2.488899300623424438e+01 -5.564164084631507734e+01 1.886724860113828584e+01 1.612046366926981056e-01 1.886724860113828584e+01 5.252378324065981019e+01
-4.884534681531422962e+01 -2.476769539695893130e+01 1.495991184861187873e-01 -2.476769539695893130e+01 -5.580730914385646457e+01 1.894575204917067879e+01 1.495991184861187873e-01 1.894575204917067879e+01 5.228933657744572372e+01
-4.898341639279970394e+01 -2.458354564407384757e+01 1.469399162783919521e-01 -2.458354564407384757e+01 -5.604825185817800559e+01 1.898993279442191451e+01 1.469399162783919521e-01 1.898993279442191451e+01 5.179178085007853838e+01
-4.925560473306202880e+01 -2.433821524610956288e+01 1.541577508422219411e-01 -2.433821524610956288e+01 -5.636036622015919306e+01 1.900009474571572454e+01 1.541577508422219411e-01 1.900009474571572454e+01 5.104135398705802373e+01
-4.965965151422464174e+01 -2.403612987531179002e+01 1.702079355960018359e-01 -2.403612987531179002e+01 -5.674129693641607020e+01 1.897671276058921563e+01 1.702079355960018359e-01 1.897671276058921563e+01 5.004242467772543534e+01
-5.019006738315872695e+01 -2.368167721532328684e+01 1.959832027094684515e-01 -2.368167721532328684e+01 -5.718582057404057650e+01 1.892048962819727365e+01 1.959832027094684515e-01 1.892048962819727365e+01 4.880992244304701444e+01
-5.084031830015387499e+01 -2.328141030015594737e+01 2.292042360045702665e-01 -2.328141030015594737e+01 -5.768973939240481030e+01 1.883210914339332476e+01 2.292042360045702665e-01 1.883210914339332476e+01 4.735740921428215700e+01
-5.160067918285039923e+01 -2.284197713532908480e+01 2.700609784961448545e-01 -2.284197713532908480e+01 -5.824556963672417709e+01 1.871286291867825824e+01 2.700609784961448545e-01 1.871286291867825824e+01 4.570758318170397416e+01
-5.245979143896101249e+01 -2.237224805963561991e+01 3.156662963586602810e-01 -2.237224805963561991e+01 -5.884687223879566886e+01 1.856387161783962014e+01 3.156662963586602810e-01 1.856387161783962014e+01 4.388650452694817972e+01
-5.340777803171414462e+01 -2.188033363980912327e+01 3.657352750698599775e-01 -2.188033363980912327e+01 -5.948910756056466909e+01 1.838743355135694557e+01 3.657352750698599775e-01 1.838743355135694557e+01 4.190665250608960690e+01
-1.103085892035644662e+02 2.233554556088332532e+01 -3.436128902413612707e+01 2.233554556088332532e+01 -9.398646140237012503e+01 1.564787950179438836e+00 -3.436128902413612707e+01 1.564787950179438836e+00 -1.197145970868570544e+02
-1.102413313939730415e+02 2.229218450885446146e+01 -3.441807594264504644e+01 2.229218450885446146e+01 -9.390110972168517378e+01 1.598620277194553019e+00 -3.441807594264504644e+01 1.598620277194553019e+00 -1.194169796734500437e+02
-1.100961735807860293e+02 2.224484066389850412e+01 -3.446556967765739898e+01 2.224484066389850412e+01 -9.372969973576365987e+01 1.636328332810766062e+00 -3.446556967765739898e+01 1.636328332810766062e+00 -1.188093467976855493e+02
-1.098758994364793864e+02 2.219295729152025842e+01 -3.450492652389397108e+01 2.219295729152025842e+01 -9.347439414399073598e+01 1.677805052702080246e+00 -3.450492652389397108e+01 1.677805052702080246e+00 -1.178971801530546344e+02
-1.095778109400380060e+02 2.213676993323693054e+01 -3.453550409539877109e+01 2.213676993323693054e+01 -9.313189536512570044e+01 1.722900546812100142e+00 -3.453550409539877109e+01 1.722900546812100142e+00 -1.166773962869685590e+02
-1.092029359089914209e+02 2.207591457034012095e+01 -3.455691696059821538e+01 2.207591457034012095e+01 -9.270320980383293374e+01 1.771122319241237753e+00 -3.455691696059821538e+01 1.771122319241237753e+00 -1.151571899221343500e+02
-1.087544006216587462e+02 2.201111924024661803e+01 -3.456826577915391141e+01 2.201111924024661803e+01 -9.219097124253192987e+01 1.822513195719892565e+00 -3.456826577915391141e+01 1.822513195719892565e+00 -1.133488092174460888e+02
-1.082355026592807405e+02 2.194208416284362428e+01 -3.456873686218830244e+01 2.194208416284362428e+01 -9.159939801566702045e+01 1.876216661640086603e+00 -3.456873686218830244e+01 1.876216661640086603e+00 -1.112718469445612612e+02
-1.076538221761379646e+02 2.187000845858231202e+01 -3.455747369509339251e+01 2.187000845858231202e+01 -9.093519235004561097e+01 1.932104239810623625e+00 -3.455747369509339251e+01 1.932104239810623625e+00 -1.089572661065582508e+02
-1.070172176937586386e+02 2.179504201751907644e+01 -3.453383389191321839e+01 2.179504201751907644e+01 -9.020925339405420118e+01 1.989255177027927646e+00 -3.453383389191321839e+01 1.989255177027927646e+00 -1.064413615099500987e+02
3.098656282715747778e+01 -4.303605523273527922e+01 2.873029291459142698e+01 -4.303605523273527922e+01 7.140533944762847796e+01 -4.420047714594672783e+01 2.873029291459142698e+01 -4.420047714594672783e+01 4.463800549223525138e+01
3.082819937932784882e+01 -4.301856650468097598e+01 2.855140821049315392e+01 -4.301856650468097598e+01 7.126267277936284472e+01 -4.409576877118221461e+01 2.855140821049315392e+01 -4.409576877118221461e+01 4.425649276654232978e+01
3.059695187271034555e+01 -4.294349420110206950e+01 2.827767084832697719e+01 -4.294349420110206950e+01 7.102634234193152452e+01 -4.386236748032156640e+01 2.827767084832697719e+01 -4.386236748032156640e+01 4.363918374191038652e+01
3.029545653921856996e+01 -4.281304379706354268e+01 2.791238904069035698e+01 -4.281304379706354268e+01 7.069819177464665927e+01 -4.350278889336077981e+01 2.791238904069035698e+01 -4.350278889336077981e+01 4.279092012531800293e+01
2.992688374925843320e+01 -4.263029951160156372e+01 2.746031834319214937e+01 -4.263029951160156372e+01 7.028096069106548782e+01 -4.302056521645860698e+01 2.746031834319214937e+01 -4.302056521645860698e+01 4.172050658675114221e+01
2.949480016953656758e+01 -4.239932768936717622e+01 2.692766165445259574e+01 -4.239932768936717622e+01 6.977816406707283647e+01 -4.242110675563381506e+01 2.692766165445259574e+01 -4.242110675563381506e+01 4.043976309413615411e+01
2.900354782908714313e+01 -4.212531464281787663e+01 2.632194860418572091e+01 -4.212531464281787663e+01 6.919474699129094120e+01 -4.171152961402572856e+01 2.632194860418572091e+01 -4.171152961402572856e+01 3.896369721607925385e+01
2.845846811283315603e+01 -4.181425650728656507e+01 2.565205278347325901e+01 -4.181425650728656507e+01 6.853725696781897625e+01 -4.090081076435977536e+01 2.565205278347325901e+01 -4.090081076435977536e+01 3.731171024104263267e+01
2.786557438638145712e+01 -4.147318323454283728e+01 2.492807113284705167e+01 -4.147318323454283728e+01 6.781367161349351136e+01 -3.999996035168687314e+01 2.492807113284705167e+01 -3.999996035168687314e+01 3.550635659762047425e+01
2.723167260794035727e+01 -4.110965891484861601e+01 2.416106548817987587e+01 -4.110965891484861601e+01 6.703332973679280826e+01 -3.902169431817853962e+01 2.416106548817987587e+01 -3.902169431817853962e+01 3.357311986097760581e+01
-4.783845271235551166e+01 2.855645995770412782e+01 -3.063194529998174875e+00 2.855645995770412782e+01 -2.056321538557216044e+01 4.930181907489190607e+00 -3.063194529998174875e+00 4.930181907489190607e+00 2.466089362864010592e+00
-4.790387676653909210e+01 2.849742195430322766e+01 -3.056299855701834378e+00 2.849742195430322766e+01 -2.076336815715308148e+01 5.029137437758798512e+00 -3.056299855701834378e+00 5.029137437758798512e+00 2.147728719125884922e+00
-4.797813579953410112e+01 2.841137039095436378e+01 -3.046673684758036682e+00 2.841137039095436378e+01 -2.097371223691520470e+01 5.121273645363720206e+00 -3.046673684758036682e+00 5.121273645363720206e+00 1.800018614858528432e+00
-4.805898810029884061e+01 2.829839945719711380e+01 -3.033901583192684548e+00 2.829839945719711380e+01 -2.119176102101395287e+01 5.206383313316907291e+00 -3.033901583192684548e+00 5.206383313316907291e+00 1.428177150553980423e+00
