-1.740755385973216107e+00 -1.808295212146902902e-05 0.000000000000000000e+00 -1.808295212146902902e-05 -4.437194791566070329e-01 -2.714739353139781208e+00 0.000000000000000000e+00 -2.714739353139781208e+00 -3.255293040906854785e-01
-1.861712252713722204e+00 7.104791888525181787e-02 -2.554940305242359155e-01 7.104791888525181787e-02 -5.448935962762262442e-01 -2.895189132359920148e+00 -2.554940305242359155e-01 -2.895189132359920148e+00 -6.283464203168058759e-01
-1.972488417409841599e+00 1.399439664680488249e-01 -5.097945862084548585e-01 1.399439664680488249e-01 -6.323970015920148402e-01 -3.076109068335217689e+00 -5.097945862084548585e-01 -3.076109068335217689e+00 -9.119051925335617259e-01
-2.072884967588237703e+00 2.062722348495972247e-01 -7.627931693399280233e-01 2.062722348495972247e-01 -7.060307826306367884e-01 -3.257607658778402637e+00 -7.627931693399280233e-01 -3.257607658778402637e+00 -1.175952459411252482e+00
-2.162793405536181712e+00 2.696348990832246884e-01 -1.014073872019861655e+00 2.696348990832246884e-01 -7.661927643387641540e-01 -3.439702986641595572e+00 -1.014073872019861655e+00 -3.439702986641595572e+00 -1.420415889141392274e+00
-2.242882800482167927e+00 3.297607148871092297e-01 -1.263184620445219064e+00 3.297607148871092297e-01 -8.138775090830779879e-01 -3.622322720116311512e+00 -1.263184620445219064e+00 -3.622322720116311512e+00 -1.646362375899147690e+00
-2.313930719367419897e+00 3.863603550273072562e-01 -1.509818004429935190e+00 3.863603550273072562e-01 -8.502784917035952628e-01 -3.805593439867399841e+00 -1.509818004429935190e+00 -3.805593439867399841e+00 -1.855274721758479295e+00
-2.377275300648926226e+00 4.391264093177539296e-01 -1.754046355782495681e+00 4.391264093177539296e-01 -8.773667539815558358e-01 -3.989985302650020049e+00 -1.754046355782495681e+00 -3.989985302650020049e+00 -2.049612208207907127e+00
-2.433242037464872443e+00 4.883120390881496853e-01 -1.995055941657435161e+00 4.883120390881496853e-01 -8.956486185763610219e-01 -4.175100483517498517e+00 -1.995055941657435161e+00 -4.175100483517498517e+00 -2.230604475991690983e+00
-2.483603059123163703e+00 5.336460000566725093e-01 -2.233154172240817914e+00 5.336460000566725093e-01 -9.074206204074373172e-01 -4.361589968746208079e+00 -2.233154172240817914e+00 -4.361589968746208079e+00 -2.401325626970479465e+00
3.478298942865138343e+01 5.455709772326374107e+00 1.883980660697700671e+01 5.455709772326374107e+00 3.119584805539775729e+01 4.563099712642784134e+00 1.883980660697700671e+01 4.563099712642784134e+00 5.928552992359776397e+00
3.480449979038823471e+01 5.509100938491103605e+00 1.886163175449537732e+01 5.509100938491103605e+00 3.116615326334150993e+01 4.556891437507350595e+00 1.886163175449537732e+01 4.556891437507350595e+00 5.911379679168238255e+00
3.482492588998876215e+01 5.554814829206664584e+00 1.884716909664466300e+01 5.554814829206664584e+00 3.114028836496036945e+01 4.534296813634165702e+00 1.884716909664466300e+01 4.534296813634165702e+00 5.884203173364114470e+00
3.484409284646322646e+01 5.592344289602835694e+00 1.879620877623718656e+01 5.592344289602835694e+00 3.111849819363994385e+01 4.495245888627339426e+00 1.879620877623718656e+01 4.495245888627339426e+00 5.845397081742909506e+00
3.486070654048762663e+01 5.621269605304265227e+00 1.870838354319451469e+01 5.621269605304265227e+00 3.109994332062953504e+01 4.439563781497138706e+00 1.870838354319451469e+01 4.439563781497138706e+00 5.793142642011427590e+00
3.487319304315438728e+01 5.641293478628409908e+00 1.858329117124026908e+01 5.641293478628409908e+00 3.108336460280308344e+01 4.367110587451780823e+00 1.858329117124026908e+01 4.367110587451780823e+00 5.724939056016522088e+00
3.487955871118057871e+01 5.652241028585542004e+00 1.842051194599909181e+01 5.652241028585542004e+00 3.106711815885711658e+01 4.277711425501535381e+00 1.842051194599909181e+01 4.277711425501535381e+00 5.637655954042015694e+00
3.487782738938224725e+01 5.653954862284900074e+00 1.821948624830384844e+01 5.653954862284900074e+00 3.104933276220151583e+01 4.171173926557696809e+00 1.821948624830384844e+01 4.171173926557696809e+00 5.527830692491243703e+00
3.486570813679391989e+01 5.646417491627515162e+00 1.797958450659151453e+01 5.646417491627515162e+00 3.102790984095953064e+01 4.047288233432590587e+00 1.797958450659151453e+01 4.047288233432590587e+00 5.391598401491161319e+00
3.484066517906450855e+01 5.629733845207222309e+00 1.769998478021034316e+01 5.629733845207222309e+00 3.100052347796772878e+01 3.905704584146755032e+00 1.769998478021034316e+01 3.905704584146755032e+00 5.224866865882076716e+00
2.851666271889378379e+01 -4.357618108944348201e+00 1.078163798168429999e+01 -4.357618108944348201e+00 8.348850516206962613e-01 -1.193023318863579085e+01 1.078163798168429999e+01 -1.193023318863579085e+01 -1.539338653631767961e+01
2.867765850589033505e+01 -4.357993724045662098e+00 1.090167383620422470e+01 -4.357993724045662098e+00 1.044961211855609973e+00 -1.190263442190590659e+01 1.090167383620422470e+01 -1.190263442190590659e+01 -1.490363810350438101e+01
2.886035053659611194e+01 -4.350910696420883461e+00 1.099604265880102538e+01 -4.350910696420883461e+00 1.293940364726619219e+00 -1.186289076690020394e+01 1.099604265880102538e+01 -1.186289076690020394e+01 -1.434534885791797265e+01
2.906289650837135241e+01 -4.336565776837367103e+00 1.106483388164167891e+01 -4.336565776837367103e+00 1.579837116126777907e+00 -1.181094856431849394e+01 1.106483388164167891e+01 -1.181094856431849394e+01 -1.372379529741024662e+01
2.928391916584456212e+01 -4.315173602495863570e+00 1.110811905045976999e+01 -4.315173602495863570e+00 1.900827049849703965e+00 -1.174693301919454669e+01 1.110811905045976999e+01 -1.174693301919454669e+01 -1.304271568656094438e+01
2.952182661644350503e+01 -4.287056129197499565e+00 1.112618434818963564e+01 -4.287056129197499565e+00 2.255032090388827015e+00 -1.167080835866157074e+01 1.112618434818963564e+01 -1.167080835866157074e+01 -1.230633122365150101e+01
2.977491964899557075e+01 -4.252517426310006066e+00 1.111938750349919047e+01 -4.252517426310006066e+00 2.640287979303242327e+00 -1.158264612845315256e+01 1.111938750349919047e+01 -1.158264612845315256e+01 -1.151889887983014304e+01
3.004139173372777449e+01 -4.211986768234883272e+00 1.108824722295691956e+01 -4.211986768234883272e+00 3.054287366684878879e+00 -1.148237478283570390e+01 1.108824722295691956e+01 -1.148237478283570390e+01 -1.068517644638018105e+01
3.031923959009978020e+01 -4.165839770073445969e+00 1.103333587243148806e+01 -4.165839770073445969e+00 3.494722902625663874e+00 -1.136994066250903934e+01 1.103333587243148806e+01 -1.136994066250903934e+01 -9.809689190950777515e+00
3.060644205113784011e+01 -4.114541479093988485e+00 1.095536890925873408e+01 -4.114541479093988485e+00 3.958929508549607235e+00 -1.124514701670580408e+01 1.095536890925873408e+01 -1.124514701670580408e+01 -8.897373769159207413e+00
-2.184766284932914004e+01 5.952660479063252907e+00 -1.670446737379742785e+01 5.952660479063252907e+00 -3.885194116712445833e+01 -1.547163434978193974e+00 -1.670446737379742785e+01 -1.547163434978193974e+00 -4.249560989838309411e+01
-2.182319311046515153e+01 6.060433063504334861e+00 -1.668424585348621392e+01 6.060433063504334861e+00 -3.884057482237436432e+01 -1.455496319094968571e+00 -1.668424585348621392e+01 -1.455496319094968571e+00 -4.245258016468631723e+01
-2.174974613193049677e+01 6.162201499057493592e+00 -1.664049864287830260e+01 6.162201499057493592e+00 -3.876841174989120731e+01 -1.363961370011163021e+00 -1.664049864287830260e+01 -1.363961370011163021e+00 -4.225961663753357556e+01
-2.162707646109768334e+01 6.257720333095234899e+00 -1.657311245614560491e+01 6.257720333095234899e+00 -3.863497992539136305e+01 -1.271878872758333001e+00 -1.657311245614560491e+01 -1.271878872758333001e+00 -4.191762560354946032e+01
-2.145573164613573169e+01 6.346687470076028958e+00 -1.648203065037409587e+01 6.346687470076028958e+00 -3.844065696830173806e+01 -1.179003374708984753e+00 -1.648203065037409587e+01 -1.179003374708984753e+00 -4.142802313558490823e+01
-2.123680678338269701e+01 6.428706409601618432e+00 -1.636712105876435075e+01 6.428706409601618432e+00 -3.818636804621825576e+01 -1.085108304206970686e+00 -1.636712105876435075e+01 -1.085108304206970686e+00 -4.079309383117273313e+01
-2.097141585014796306e+01 6.503418413216431659e+00 -1.622827039548829831e+01 6.503418413216431659e+00 -3.787315161256495344e+01 -9.900237325101790553e-01 -1.622827039548829831e+01 -9.900237325101790553e-01 -4.001593416961362948e+01
-2.066118260996726974e+01 6.570445861493558581e+00 -1.606530873180382457e+01 6.570445861493558581e+00 -3.750244262116407157e+01 -8.936174928191906730e-01 -1.606530873180382457e+01 -8.936174928191906730e-01 -3.910018817837731575e+01
-2.030759865957691801e+01 6.629392254034739196e+00 -1.587806613896882268e+01 6.629392254034739196e+00 -3.707560050195252188e+01 -7.958140612486227505e-01 -1.587806613896882268e+01 -7.958140612486227505e-01 -3.804974533756099220e+01
-1.991270314388223994e+01 6.679879971413059003e+00 -1.566639156921251974e+01 6.679879971413059003e+00 -3.659455111400755811e+01 -6.966511997411667378e-01 -1.566639156921251974e+01 -6.966511997411667378e-01 -3.686974127137069246e+01
1.326536804152330085e+01 1.785400672409434675e+00 -2.765790308670505127e+00 1.785400672409434675e+00 2.659026471158164284e+01 7.070654714953880315e+00 -2.765790308670505127e+00 7.070654714953880315e+00 2.310094956520742215e+01
1.292453227938706206e+01 1.832611209959870813e+00 -2.761384696730374788e+00 1.832611209959870813e+00 2.640982846896166691e+01 7.146343128085319130e+00 -2.761384696730374788e+00 7.146343128085319130e+00 2.243887420284464440e+01
1.256658512047535758e+01 1.875645227391063097e+00 -2.755622156312684812e+00 1.875645227391063097e+00 2.619458789201466331e+01 7.191597573934338072e+00 -2.755622156312684812e+00 7.191597573934338072e+00 2.169740971332071666e+01
1.219448713601195422e+01 1.914273632882125709e+00 -2.748467442521912663e+00 1.914273632882125709e+00 2.594621711327787850e+01 7.206559032083019289e+00 -2.748467442521912663e+00 7.206559032083019289e+00 2.088267108600854627e+01
1.180945427489232813e+01 1.948179222373368269e+00 -2.739797198223736796e+00 1.948179222373368269e+00 2.566475137764683367e+01 7.191333237217929053e+00 -2.739797198223736796e+00 7.191333237217929053e+00 1.999721357583340264e+01
1.141268486356419487e+01 1.977097659148383313e+00 -2.729311841806226546e+00 1.977097659148383313e+00 2.535036690959913841e+01 7.146343128085319130e+00 -2.729311841806226546e+00 7.146343128085319130e+00 1.904352194792952346e+01
1.100490142238573732e+01 2.000870341177326317e+00 -2.716553189627609388e+00 2.000870341177326317e+00 2.500318706626910981e+01 7.072135000565764607e+00 -2.716553189627609388e+00 7.072135000565764607e+00 1.802364040623712427e+01
1.058656213499872756e+01 2.019356288878112693e+00 -2.701010190702829661e+00 2.019356288878112693e+00 2.462317660276123377e+01 6.969484242360729276e+00 -2.701010190702829661e+00 6.969484242360729276e+00 1.693926070574121923e+01
1.015773749119420799e+01 2.032590747146264309e+00 -2.682013192016988068e+00 2.032590747146264309e+00 2.421026502928446433e+01 6.839219108514957846e+00 -2.682013192016988068e+00 6.839219108514957846e+00 1.579173977491936576e+01
9.718268888942331429e+00 2.040573715981780278e+00 -2.658963030346226386e+00 2.040573715981780278e+00 2.376425849891343489e+01 6.682291211207517456e+00 -2.658963030346226386e+00 6.682291211207517456e+00 1.458176488923422731e+01
9.111072708586750224e+00 5.311461957991205018e+00 2.922209056366171342e+00 5.311461957991205018e+00 1.326505342837232071e+01 -8.595609253679704409e+00 2.922209056366171342e+00 -8.595609253679704409e+00 4.316466481611834105e+00
9.085654744746191724e+00 5.272781671725412345e+00 2.843723953130965487e+00 5.272781671725412345e+00 1.321693065413485968e+01 -8.589361860881814081e+00 2.843723953130965487e+00 -8.589361860881814081e+00 4.205869779395474239e+00
9.066609121559480400e+00 5.230299400699760071e+00 2.759312751584618084e+00 5.230299400699760071e+00 1.317186017752151095e+01 -8.575778243969828907e+00 2.759312751584618084e+00 -8.575778243969828907e+00 4.095558672278445833e+00
9.054328532288201004e+00 5.184425687869540056e+00 2.668779105096338089e+00 5.184425687869540056e+00 1.313066308444285291e+01 -8.555036899880835932e+00 2.668779105096338089e+00 -8.555036899880835932e+00 3.986300697090204626e+00
9.048045440102894688e+00 5.135463978027790866e+00 2.572230111828376131e+00 5.135463978027790866e+00 1.309276818470022263e+01 -8.527173528002245817e+00 2.572230111828376131e+00 -8.527173528002245817e+00 3.877506813938377928e+00
9.046635314299940944e+00 5.083842663823511465e+00 2.469862118411521923e+00 5.083842663823511465e+00 1.305746149054529148e+01 -8.492295226496311855e+00 2.469862118411521923e+00 -8.492295226496311855e+00 3.767945393957096822e+00
9.048705878770100242e+00 5.029847340356033314e+00 2.361835772089150964e+00 5.029847340356033314e+00 1.302370771974297625e+01 -8.450419845056741153e+00 2.361835772089150964e+00 -8.450419845056741153e+00 3.655849317469242798e+00
9.052650661079624683e+00 4.973870700886940277e+00 2.248276020717219659e+00 4.973870700886940277e+00 1.299023954403999603e+01 -8.401547383683533710e+00 2.248276020717219659e+00 -8.401547383683533710e+00 3.539058771536117032e+00
9.056595443389149125e+00 4.916180490821853155e+00 2.129450609701352803e+00 4.916180490821853155e+00 1.295568253702080952e+01 -8.345642142989271761e+00 2.129450609701352803e+00 -8.345642142989271761e+00 3.414967700876314627e+00
9.058594609084474669e+00 4.857115854341230943e+00 2.005502336591216128e+00 4.857115854341230943e+00 1.291835882747684572e+01 -8.282597024811707342e+00 2.005502336591216128e+00 -8.282597024811707342e+00 3.280773703577638312e+00
2.742131990951007836e+01 -2.238395306936647344e+00 1.806372328617016265e+01 -2.238395306936647344e+00 1.096764343933693020e+01 -1.777023806798585426e+01 1.806372328617016265e+01 -1.777023806798585426e+01 1.244665680077751446e+01
2.715323823402092529e+01 -2.246426789097929699e+00 1.808293515759561032e+01 -2.246426789097929699e+00 1.099233936245840759e+01 -1.769103774720157674e+01 1.808293515759561032e+01 -1.769103774720157674e+01 1.212608744341055278e+01
2.686861595099697197e+01 -2.248355052436211476e+00 1.806027364074846631e+01 -2.248355052436211476e+00 1.101894585842882357e+01 -1.758673462204095372e+01 1.806027364074846631e+01 -1.758673462204095372e+01 1.177132237014544280e+01
2.656959360964860650e+01 -2.244091644504781602e+00 1.799655249813846680e+01 -2.244091644504781602e+00 1.104693221256791702e+01 -1.745736407348267605e+01 1.799655249813846680e+01 -1.745736407348267605e+01 1.138434291578849233e+01
2.625735647276174234e+01 -2.233795779707719031e+00 1.789253242080732065e+01 -2.233795779707719031e+00 1.107481242377095931e+01 -1.730303224446278776e+01 1.789253242080732065e+01 -1.730303224446278776e+01 1.096636972410430388e+01
2.593312518410098022e+01 -2.217591291470417669e+00 1.774909793322212437e+01 -2.217591291470417669e+00 1.110071130016769381e+01 -1.712403987330010935e+01 1.774909793322212437e+01 -1.712403987330010935e+01 1.051789812879444952e+01
2.559774888715474006e+01 -2.195708156154324353e+00 1.756720432180735258e+01 -2.195708156154324353e+00 1.112239984010102489e+01 -1.692065231733476693e+01 1.756720432180735258e+01 -1.692065231733476693e+01 1.003922886817774973e+01
2.525197058247537996e+01 -2.168464802567595218e+00 1.734785994445549662e+01 -2.168464802567595218e+00 1.113743675604175287e+01 -1.669325876733228853e+01 1.734785994445549662e+01 -1.669325876733228853e+01 9.530149656382095102e+00
2.489610869887106759e+01 -2.136303492943780746e+00 1.709200239710168745e+01 -2.136303492943780746e+00 1.114308002214186111e+01 -1.644210689014346016e+01 1.709200239710168745e+01 -1.644210689014346016e+01 8.989899802365780346e+00
2.453055242710731676e+01 -2.099631108537749036e+00 1.680065772812776359e+01 -2.099631108537749036e+00 1.113676451744675688e+01 -1.616747973359775514e+01 1.680065772812776359e+01 -1.616747973359775514e+01 8.417665543619072821e+00
2.805552344531216846e+01 -1.081873678549072082e+01 -8.318685397446577312e+00 -1.081873678549072082e+01 4.622455175910728542e+01 -6.451358462023155660e+00 -8.318685397446577312e+00 -6.451358462023155660e+00 2.600642976091439706e+01
2.798261214325768620e+01 -1.082608860286791597e+01 -8.093848095724704095e+00 -1.082608860286791597e+01 4.623762550982050357e+01 -6.335029823382601677e+00 -8.093848095724704095e+00 -6.335029823382601677e+00 2.593084822330310146e+01
2.788634494967707411e+01 -1.082203123195691674e+01 -7.851567566923920438e+00 -1.082203123195691674e+01 4.620606818051273734e+01 -6.215718843730545728e+00 -7.851567566923920438e+00 -6.215718843730545728e+00 2.575827124605024565e+01
2.776682589972188353e+01 -1.080682476063663522e+01 -7.592589396297106497e+00 -1.080682476063663522e+01 4.612963702249700049e+01 -6.093963038016733336e+00 -7.592589396297106497e+00 -6.093963038016733336e+00 2.548729435460970549e+01
2.762417636773562535e+01 -1.078086799032140064e+01 -7.318109988087243778e+00 -1.078086799032140064e+01 4.600808928708632095e+01 -5.970403956342477336e+00 -7.318109988087243778e+00 -5.970403956342477336e+00 2.511814295847654677e+01
2.745832699695057855e+01 -1.074469843596096119e+01 -7.029308407345397747e+00 -1.074469843596096119e+01 4.584123424316948814e+01 -5.845821862344508624e+00 -7.029308407345397747e+00 -5.845821862344508624e+00 2.465111182391352429e+01
2.726900036029590524e+01 -1.069894030846469946e+01 -6.727329040738768029e+00 -1.069894030846469946e+01 4.562886382044337097e+01 -5.720927662891847731e+00 -6.727329040738768029e+00 -5.720927662891847731e+00 2.408673846587039691e+01
2.705586701312498832e+01 -1.064430451470163774e+01 -6.413350953318416536e+00 -1.064430451470163774e+01 4.537089132294834570e+01 -5.596362908085805721e+00 -6.413350953318416536e+00 -5.596362908085805721e+00 2.342557773848882618e+01
2.681842411887193123e+01 -1.058155397911657936e+01 -6.088414496599983572e+00 -1.058155397911657936e+01 4.506712601957319464e+01 -5.472751808835767839e+00 -6.088414496599983572e+00 -5.472751808835767839e+00 2.266827119187013651e+01
2.655622085854663439e+01 -1.051152098292203441e+01 -5.753525343715255147e+00 -1.051152098292203441e+01 4.471770662385335271e+01 -5.350614540899554683e+00 -5.753525343715255147e+00 -5.350614540899554683e+00 2.181572046399454123e+01
1.088936624645016060e+01 1.197868824027282919e+01 1.954519991366724696e+01 1.197868824027282919e+01 3.257276406159439830e+01 -9.938070057174039462e+00 1.954519991366724696e+01 -9.938070057174039462e+00 6.815837263805641477e+00
1.063922983067996775e+01 1.186993635123974045e+01 1.953010334129496783e+01 1.186993635123974045e+01 3.231345303099843136e+01 -1.017139518450624891e+01 1.953010334129496783e+01 -1.017139518450624891e+01 6.152171436437421370e+00
1.039982364843433515e+01 1.175519179471929476e+01 1.948175541923620813e+01 1.175519179471929476e+01 3.204394209143430317e+01 -1.039300013914194665e+01 1.948175541923620813e+01 -1.039300013914194665e+01 5.475936917082444566e+00
1.017318061051280687e+01 1.163503792772353407e+01 1.939974956533105654e+01 1.163503792772353407e+01 3.176635254112763818e+01 -1.060235459652473011e+01 1.939974956533105654e+01 -1.060235459652473011e+01 4.792436951304743786e+00
9.958805747329407154e+00 1.151019952714621297e+01 1.928371455239002685e+01 1.151019952714621297e+01 3.148096721984184043e+01 -1.079862771484956774e+01 1.928371455239002685e+01 -1.079862771484956774e+01 4.103227157803099878e+00
9.756416219120719546e+00 1.138147207982193443e+01 1.913326147573842917e+01 1.138147207982193443e+01 3.118833412961853568e+01 -1.098113007219313353e+01 1.913326147573842917e+01 -1.098113007219313353e+01 3.409810122820658762e+00
9.564774601921802955e+00 1.124961571761487811e+01 1.894793072076071638e+01 1.124961571761487811e+01 3.088841791548729887e+01 -1.114922527908774441e+01 1.894793072076071638e+01 -1.114922527908774441e+01 2.712557073546900455e+00
9.382590439312078701e+00 1.111542592735964519e+01 1.872717428541525919e+01 1.111542592735964519e+01 3.058116554499247286e+01 -1.130250675337349264e+01 1.872717428541525919e+01 -1.130250675337349264e+01 2.011662462319173450e+00
9.208202047681481872e+00 1.097964516343520458e+01 1.847033810274917442e+01 1.097964516343520458e+01 3.026624114591502135e+01 -1.144063862283132238e+01 1.847033810274917442e+01 -1.144063862283132238e+01 1.306401512243726248e+00
9.039947743419949333e+00 1.084305123519094494e+01 1.817676810580955760e+01 1.084305123519094494e+01 2.994341491094716190e+01 -1.156335572518303145e+01 1.817676810580955760e+01 -1.156335572518303145e+01 5.961555113380885285e-01
3.375867093569337385e+01 8.161805129804985626e+00 -1.131266906398855809e+01 8.161805129804985626e+00 1.101027230018923397e+01 -2.384126561922974563e+00 -1.131266906398855809e+01 -2.384126561922974563e+00 4.583877797261162357e+01
3.360597501986351432e+01 8.277369210172663472e+00 -1.130545287709685098e+01 8.277369210172663472e+00 1.093217284060156125e+01 -2.534125165176806416e+00 -1.130545287709685098e+01 -2.534125165176806416e+00 4.553844798078613820e+01
3.336747303708590806e+01 8.376066329431811397e+00 -1.126443270792117701e+01 8.376066329431811397e+00 1.080019718956026864e+01 -2.689063003147778019e+00 -1.126443270792117701e+01 -2.689063003147778019e+00 4.504853544790280040e+01
3.304488145899983920e+01 8.456985706712604411e+00 -1.119011649194663072e+01 8.456985706712604411e+00 1.061487079756718188e+01 -2.848414625334064976e+00 -1.119011649194663072e+01 -2.848414625334064976e+00 4.437112466095216234e+01
3.264012693744533067e+01 8.519339166262303920e+00 -1.108318731482558483e+01 8.519339166262303920e+00 1.037614111957211804e+01 -3.011531976116752496e+00 -1.108318731482558483e+01 -3.011531976116752496e+00 4.350945589802881841e+01
3.215574914984786403e+01 8.562688832662729510e+00 -1.094464353251149902e+01 8.562688832662729510e+00 1.008414827570889649e+01 -3.177731969843470505e+00 -1.094464353251149902e+01 -3.177731969843470505e+00 4.246775027816407544e+01
3.159469061901764420e+01 8.586789495679692408e+00 -1.077571119617530115e+01 8.586789495679692408e+00 9.739067416144790101e+00 -3.346314005845120398e+00 -1.077571119617530115e+01 -3.346314005845120398e+00 4.125101709614198597e+01
3.096048937833361592e+01 8.591728730396832603e+00 -1.057782653718863841e+01 8.591728730396832603e+00 9.341283871247805237e+00 -3.516612513486060188e+00 -1.057782653718863841e+01 -3.516612513486060188e+00 3.986533406276696923e+01
3.025706879154273210e+01 8.577891867182151131e+00 -1.035267099715734140e+01 8.577891867182151131e+00 8.891445696636855800e+00 -3.688049497214283878e+00 -1.035267099715734140e+01 -3.688049497214283878e+00 3.831812754513146047e+01
2.948887767289375716e+01 8.545997021721476017e+00 -1.010206613782107077e+01 8.545997021721476017e+00 8.390376098098133895e+00 -3.859889326327238912e+00 -1.010206613782107077e+01 -3.859889326327238912e+00 3.661741942089663127e+01
-2.229608366254595353e+01 -1.753846799654944943e+00 -2.050391748995260333e+00 -1.753846799654944943e+00 -2.012725526160538791e+01 -1.135992705541789505e+01 -2.050391748995260333e+00 -1.135992705541789505e+01 -5.297472906085249456e+00
-2.222096214920460966e+01 -1.773644833959190148e+00 -2.088859144620050845e+00 -1.773644833959190148e+00 -1.991671149305584976e+01 -1.132577082053412276e+01 -2.088859144620050845e+00 -1.132577082053412276e+01 -4.911633271182049398e+00
-2.212409980380019547e+01 -1.790667442893681294e+00 -2.124754646068868880e+00 -1.790667442893681294e+00 -1.968982972049635904e+01 -1.127962474805301341e+01 -2.124754646068868880e+00 -1.127962474805301341e+01 -4.488158868264984669e+00
-2.200610721991405327e+01 -1.804859117951023384e+00 -2.158392801550287565e+00 -1.804859117951023384e+00 -1.944794214810439925e+01 -1.122135931812397658e+01 -2.158392801550287565e+00 -1.122135931812397658e+01 -4.031545886433057113e+00
-2.186798355067929833e+01 -1.816108842116426203e+00 -2.189773611064306014e+00 -1.816108842116426203e+00 -1.919271403110182206e+01 -1.115101153641861131e+01 -2.189773611064306014e+00 -1.115101153641861131e+01 -3.544699270906609634e+00
-2.171094998325861525e+01 -1.824416615389889973e+00 -2.218878571775126485e+00 -1.824416615389889973e+00 -1.892610667008325365e+01 -1.106865541428011213e+01 -2.218878571775126485e+00 -1.106865541428011213e+01 -3.030783006607161489e+00
-2.153641273317268201e+01 -1.829856449114607653e+00 -2.245707683682748090e+00 -1.829856449114607653e+00 -1.865022938832970922e+01 -1.097432795738007272e+01 -2.245707683682748090e+00 -1.097432795738007272e+01 -2.493479157858586426e+00
-2.134612956982235232e+01 -1.832446846126378093e+00 -2.270297952458768531e+00 -1.832446846126378093e+00 -1.836765408001715372e+01 -1.086808467422588897e+01 -2.270297952458768531e+00 -1.086808467422588897e+01 -1.936488291820556151e+00
-2.114185826260845857e+01 -1.832391337618983096e+00 -2.292519858252598741e+00 -1.832391337618983096e+00 -1.808061958827719451e+01 -1.074990706198176404e+01 -2.292519858252598741e+00 -1.074990706198176404e+01 -1.363807021025516653e+00
-2.092548610078243598e+01 -1.829800940607212656e+00 -2.312373401064239165e+00 -1.829800940607212656e+00 -1.779166080161420993e+01 -1.061983212631929341e+01 -2.312373401064239165e+00 -1.061983212631929341e+01 -7.792654324837284818e-01
2.320757872869022975e+01 4.834745874616634076e+00 3.596702714365635156e+00 4.834745874616634076e+00 -1.089575301929270168e+01 -1.871334908738631597e+01 3.596702714365635156e+00 -1.871334908738631597e+01 4.115143313913225853e+01
2.302528918105155498e+01 4.851037323383794231e+00 3.542766254880485022e+00 4.851037323383794231e+00 -1.109795235716432593e+01 -1.853432139436951331e+01 3.542766254880485022e+00 -1.853432139436951331e+01 4.065777015767135083e+01
2.275943911719794954e+01 4.855814247092327562e+00 3.483821155238254530e+00 4.855814247092327562e+00 -1.132961533268596810e+01 -1.833841404929308538e+01 3.483821155238254530e+00 -1.833841404929308538e+01 4.000113921551225360e+01
2.241241699898368012e+01 4.849201416137604248e+00 3.419617874648198441e+00 4.849201416137604248e+00 -1.158949424190390687e+01 -1.812616178242290488e+01 3.419617874648198441e+00 -1.812616178242290488e+01 3.918626376333691752e+01
2.198673605865838354e+01 4.831377073941586886e+00 3.350156413110317200e+00 4.831377073941586886e+00 -1.187712565192104641e+01 -1.789831321613120707e+01 3.350156413110317200e+00 -1.789831321613120707e+01 3.821811679261801231e+01
2.148528383965781785e+01 4.802679883005998462e+00 3.275240702860454878e+00 4.802679883005998462e+00 -1.219238479234201122e+01 -1.765554567542144682e+01 3.275240702860454878e+00 -1.765554567542144682e+01 3.710215255206753682e+01
2.091146479134141956e+01 4.763644573596720555e+00 3.194621203107866680e+00 4.763644573596720555e+00 -1.253546773093096078e+01 -1.739839389055950036e+01 3.194621203107866680e+00 -1.739839389055950036e+01 3.584478780487605576e+01
2.026914679596572455e+01 4.714948470717200024e+00 3.108030548719612707e+00 4.714948470717200024e+00 -1.290662400847863900e+01 -1.712737476746904974e+01 3.108030548719612707e+00 -1.712737476746904974e+01 3.445340182871271395e+01
1.956262551999997257e+01 4.657322372397473487e+00 3.015343969300320115e+00 4.657322372397473487e+00 -1.330638835525092389e+01 -1.684296956338939211e+01 3.015343969300320115e+00 -1.684296956338939211e+01 3.293533825256228198e+01
1.879674918452148447e+01 4.591675320089541046e+00 2.916347572743637873e+00 4.591675320089541046e+00 -1.373520637980271886e+01 -1.654555258950663799e+01 2.916347572743637873e+00 -1.654555258950663799e+01 3.129901016594126162e+01
-2.775478882899472310e+01 -1.034945288847093003e+01 -1.246511135623248778e+00 -1.034945288847093003e+01 -1.031573877149866547e+01 2.849707587101455442e+00 -1.246511135623248778e+00 2.849707587101455442e+00 -3.570903315569191960e+01
-2.780590857943970562e+01 -1.034300015896769054e+01 -1.181928053304064585e+00 -1.034300015896769054e+01 -1.026796625825997111e+01 2.800893711176358991e+00 -1.181928053304064585e+00 2.800893711176358991e+00 -3.572714542813041305e+01
-2.779675946440917755e+01 -1.032896035846351879e+01 -1.117772673516795878e+00 -1.032896035846351879e+01 -1.017147284790746653e+01 2.742558804975587794e+00 -1.117772673516795878e+00 2.742558804975587794e+00 -3.560606842007391748e+01
-2.772739727118989705e+01 -1.030738927424519069e+01 -1.053710272540812731e+00 -1.030738927424519069e+01 -1.002674203025983957e+01 2.674684272736882917e+00 -1.053710272540812731e+00 2.674684272736882917e+00 -3.534769889927266462e+01
-2.759873319213247100e+01 -1.027836128936173310e+01 -9.894991054667723329e-01 -1.027836128936173310e+01 -9.834945338339290188e+00 2.597288710222501962e+00 -9.894991054667723329e-01 2.597288710222501962e+00 -3.495382205890334859e+01
-2.741180858992330727e+01 -1.024200657414894877e+01 -9.248416400985596253e-01 -1.024200657414894877e+01 -9.597551837364139971e+00 2.510390713194702972e+00 -9.248416400985596253e-01 2.510390713194702972e+00 -3.442702270991971147e+01
-2.716807393401845161e+01 -1.019849249046714768e+01 -8.594589400023168180e-01 -1.019849249046714768e+01 -9.316346720511072377e+00 2.413915898604456434e+00 -8.594589400023168180e-01 2.413915898604456434e+00 -3.377066668529030835e+01
-2.686920284302106765e+01 -1.014796780441439239e+01 -7.929790899329005605e-01 -1.014796780441439239e+01 -8.993431308915152300e+00 2.307827074927247590e+00 -7.929790899329005605e-01 2.307827074927247590e+00 -3.298847313746657051e+01
-2.651672016943623333e+01 -1.009061847361325093e+01 -7.250115788829099017e-01 -1.009061847361325093e+01 -8.630739561851125785e+00 2.191994071827277235e+00 -7.250115788829099017e-01 2.191994071827277235e+00 -3.208429138923574442e+01
-2.611244829796515177e+01 -1.002663045568629663e+01 -6.551844916072012692e-01 -1.002663045568629663e+01 -8.230707524174682987e+00 2.066286718968744385e+00 -6.551844916072012692e-01 2.066286718968744385e+00 -3.106237987015470381e+01
-4.390401959860708558e+01 -7.491066665029694427e+00 -1.279557357985760646e+01 -7.491066665029694427e+00 -3.443246058301411239e+01 -1.651327793555918078e+01 -1.279557357985760646e+01 -1.651327793555918078e+01 -2.699023234760006673e+01
-4.393581871613979217e+01 -7.486089742213941634e+00 -1.291266423724806778e+01 -7.486089742213941634e+00 -3.435626807380042180e+01 -1.641590501054563234e+01 -1.291266423724806778e+01 -1.641590501054563234e+01 -2.693117412991237103e+01
-4.392107790657863120e+01 -7.477332637564849449e+00 -1.301265859488975885e+01 -7.477332637564849449e+00 -3.424329952423827450e+01 -1.630306943220375615e+01 -1.301265859488975885e+01 -1.630306943220375615e+01 -2.676440922380743004e+01
-4.385930327681975172e+01 -7.464776355193808222e+00 -1.309578460344599726e+01 -7.464776355193808222e+00 -3.409349794666184152e+01 -1.617444827042717748e+01 -1.309578460344599726e+01 -1.617444827042717748e+01 -2.649105838671321678e+01
-4.375133064596196419e+01 -7.448363907434990772e+00 -1.316170033692180930e+01 -7.448363907434990772e+00 -3.390807907794213349e+01 -1.602975658688675864e+01 -1.316170033692180930e+01 -1.602975658688675864e+01 -2.611317317459958431e+01
-4.359780587421801812e+01 -7.428019310733954939e+00 -1.321012085698804661e+01 -7.428019310733954939e+00 -3.368801170839824266e+01 -1.586878542680778992e+01 -1.321012085698804661e+01 -1.586878542680778992e+01 -2.563255819688445669e+01
-4.339981172723864944e+01 -7.403742565090701611e+00 -1.324066624587251439e+01 -7.403742565090701611e+00 -3.343477751734175740e+01 -1.569123085597251510e+01 -1.324066624587251439e+01 -1.569123085597251510e+01 -2.505196785741624765e+01
-4.315858293778351396e+01 -7.375533670505231676e+00 -1.325293758991440995e+01 -7.375533670505231676e+00 -3.314985818408420926e+01 -1.549678894016317976e+01 -1.325293758991440995e+01 -1.549678894016317976e+01 -2.437472643670166050e+01
-4.287581013993887069e+01 -7.343297647534497763e+00 -1.324649798367570597e+01 -7.343297647534497763e+00 -3.283526727281824265e+01 -1.528502277394175479e+01 -1.324649798367570597e+01 -1.528502277394175479e+01 -2.360438616591071792e+01
-4.255288003357322424e+01 -7.307110479732934927e+00 -1.322085353405255148e+01 -7.307110479732934927e+00 -3.249263842996428764e+01 -1.505553344364743751e+01 -1.322085353405255148e+01 -1.505553344364743751e+01 -2.274448028032483293e+01
2.339259228252915790e+01 -6.039531992780010405e+00 -9.468762302587142798e+00 -6.039531992780010405e+00 1.931468663515498818e+01 -2.158773328957631676e+01 -9.468762302587142798e+00 -2.158773328957631676e+01 -1.401155075734884647e+01
2.335533271797130794e+01 -5.926331856490988592e+00 -9.412615319276310899e+00 -5.926331856490988592e+00 1.928458758777253479e+01 -2.173300472487674639e+01 -9.412615319276310899e+00 -2.173300472487674639e+01 -1.410563249045987533e+01
2.335042874094795451e+01 -5.811532597259569499e+00 -9.343373295870515349e+00 -5.811532597259569499e+00 1.928618671071493296e+01 -2.184727094312736995e+01 -9.343373295870515349e+00 -2.184727094312736995e+01 -1.412748717067263549e+01
2.337676096539942705e+01 -5.695951544589645366e+00 -9.261036232369756149e+00 -5.695951544589645366e+00 1.931951954004756544e+01 -2.193053194432817676e+01 -9.261036232369756149e+00 -2.193053194432817676e+01 -1.407919365781224386e+01
2.343312116510258036e+01 -5.580263883723561413e+00 -9.165621896806730007e+00 -5.580263883723561413e+00 1.938446169954158194e+01 -2.198257451208685964e+01 -9.165621896806730007e+00 -2.198257451208685964e+01 -1.396208455433069595e+01
2.351730610400344190e+01 -5.465180335969049175e+00 -9.056988144919886352e+00 -5.465180335969049175e+00 1.948007148346423634e+01 -2.200325650214185913e+01 -9.056988144919886352e+00 -2.200325650214185913e+01 -1.377886060119737266e+01
2.362709477801534774e+01 -5.351411622633841958e+00 -8.934779616055362084e+00 -5.351411622633841958e+00 1.960519396969046468e+01 -2.199252461039510465e+01 -8.934779616055362084e+00 -2.199252461039510465e+01 -1.353282665249323102e+01
2.375998189452855058e+01 -5.239579624862203744e+00 -8.798498805297741754e+00 -5.239579624862203744e+00 1.975849655576826791e+01 -2.195025446061774232e+01 -8.798498805297741754e+00 -2.195025446061774232e+01 -1.322744747459346293e+01
2.391317787241019133e+01 -5.130181847569548204e+00 -8.647559367568147692e+00 -5.130181847569548204e+00 1.993827351055908537e+01 -2.187642828477707369e+01 -8.647559367568147692e+00 -2.187642828477707369e+01 -1.286686301911560903e+01
2.408414188298513636e+01 -5.023715795671287232e+00 -8.481161741395380815e+00 -5.023715795671287232e+00 2.014294347915322447e+01 -2.177079733041539811e+01 -8.481161741395380815e+00 -2.177079733041539811e+01 -1.245501778931757997e+01
-1.358076422524927196e+01 -1.171174943210875163e+01 3.554331884512105383e-02 -1.171174943210875163e+01 9.342562261930634548e+00 -9.527705548604304298e+00 3.554331884512105383e-02 -9.527705548604304298e+00 1.208042779224957641e+01
-1.370286194026527760e+01 -1.169763690947629620e+01 1.581108489551648066e-01 -1.169763690947629620e+01 9.265151190282185922e+00 -9.544781520291461874e+00 1.581108489551648066e-01 -9.544781520291461874e+00 1.181089848676212206e+01
-1.381802084773856620e+01 -1.167376668873689383e+01 2.815457300080483893e-01 -1.167376668873689383e+01 9.172416918643568451e+00 -9.553762216512115657e+00 2.815457300080483893e-01 -9.553762216512115657e+00 1.151144557374669475e+01
-1.392589762125426134e+01 -1.164037367743756235e+01 4.059744506829358057e-01 -1.164037367743756235e+01 9.064612424373109434e+00 -9.554448869341863215e+00 4.059744506829358057e-01 -9.554448869341863215e+00 1.118223168150507618e+01
-1.402719698345342181e+01 -1.159783734161579716e+01 5.311440336214987568e-01 -1.159783734161579716e+01 8.941304031999388613e+00 -9.546733059912851260e+00 5.311440336214987568e-01 -9.546733059912851260e+00 1.082352785720690846e+01
-1.412318382112768944e+01 -1.154660942655432265e+01 6.568737807106459492e-01 -1.154660942655432265e+01 8.801588250956950077e+00 -9.530379880678061966e+00 6.568737807106459492e-01 -9.530379880678061966e+00 1.043479200651291272e+01
-1.421526757955917653e+01 -1.148708746810194370e+01 7.828565051581212186e-01 -1.148708746810194370e+01 8.644435102001171600e+00 -9.505244773147017767e+00 7.828565051581212186e-01 -9.505244773147017767e+00 1.001535554640465087e+01
-1.430549014742581981e+01 -1.141979549078662615e+01 9.087669503603599264e-01 -1.141979549078662615e+01 8.468489349283863987e+00 -9.471165109017938732e+00 9.087669503603599264e-01 -9.471165109017938732e+00 9.563646403298227128e+00
-1.439592955302817501e+01 -1.134529365875895301e+01 1.034315999336415492e+00 -1.134529365875895301e+01 8.272377687145532121e+00 -9.428014399611660323e+00 1.034315999336415492e+00 -9.428014399611660323e+00 9.078218992288908495e+00
-1.448884452277988366e+01 -1.126408792673557890e+01 1.159142255860104553e+00 -1.126408792673557890e+01 8.054708740115371413e+00 -9.375684226060327475e+00 1.159142255860104553e+00 -9.375684226060327475e+00 8.557248262434466568e+00
-1.478207586958800057e+01 -1.843999835544936516e+00 1.928143768940209313e+01 -1.843999835544936516e+00 -2.957107411903782079e+01 -1.608194703353437394e+00 1.928143768940209313e+01 -1.608194703353437394e+00 -1.432766050063717600e+00
-1.483776956211266551e+01 -1.815736535948671238e+00 1.911289439790006739e+01 -1.815736535948671238e+00 -2.947403123771286104e+01 -1.558257321355583036e+00 1.911289439790006739e+01 -1.558257321355583036e+00 -1.392342313116603503e+00
-1.489053882678126328e+01 -1.786159094720883633e+00 1.890453816767403339e+01 -1.786159094720883633e+00 -2.935773895784165433e+01 -1.511577529880939297e+00 1.890453816767403339e+01 -1.511577529880939297e+00 -1.339443485188557714e+00
-1.493986541055601691e+01 -1.755637692602847411e+00 1.865675768850232075e+01 -1.755637692602847411e+00 -2.922253044209134742e+01 -1.468581036781971383e+00 1.865675768850232075e+01 -1.468581036781971383e+00 -1.274865454873318926e+00
-1.498613800321525957e+01 -1.724338910928135737e+00 1.837033033994161002e+01 -1.724338910928135737e+00 -2.906997895861235648e+01 -1.429730567985271206e+00 1.837033033994161002e+01 -1.429730567985271206e+00 -1.199644728246454628e+00
-1.502981933068558362e+01 -1.692429331030322226e+00 1.804597797443738472e+01 -1.692429331030322226e+00 -2.890180584785160534e+01 -1.395507358454495694e+00 1.804597797443738472e+01 -1.395507358454495694e+00 -1.115095446939486701e+00
-1.507174229963485956e+01 -1.660075534242980044e+00 1.768464455287989523e+01 -1.660075534242980044e+00 -2.871997306773784686e+01 -1.366374134116236760e+00 1.768464455287989523e+01 -1.366374134116236760e+00 -1.023012987547594621e+00
-1.511279534384213719e+01 -1.627370065751427397e+00 1.728712596386287359e+01 -1.627370065751427397e+00 -2.852673872079285289e+01 -1.342793620897086759e+00 1.728712596386287359e+01 -1.342793620897086759e+00 -9.252297447400834596e-01
-1.515408900553124560e+01 -1.594479506889237896e+00 1.685427362309125598e+01 -1.594479506889237896e+00 -2.832447196376077159e+01 -1.325247053760701954e+00 1.685427362309125598e+01 -1.325247053760701954e+00 -8.240408391128521970e-01
-1.519684488114838494e+01 -1.561403857656411320e+00 1.638669832878814603e+01 -1.561403857656411320e+00 -2.811563449857107599e+01 -1.314215667670738608e+00 1.638669832878814603e+01 -1.314215667670738608e+00 -7.217413912617991478e-01
-3.470811269022816248e+01 1.215940383353174603e+01 -1.676916085891401842e+00 1.215940383353174603e+01 -9.034192874891177283e+00 -3.017762718010426060e-01 -1.676916085891401842e+00 -3.017762718010426060e-01 -3.343892929808512804e+01
-3.464403907780102543e+01 1.215399599080652315e+01 -1.494205592712966935e+00 1.215399599080652315e+01 -8.930045283096774256e+00 -3.901851764916898224e-01 -1.494205592712966935e+00 -3.901851764916898224e-01 -3.320978594840390485e+01
-3.452172859354328693e+01 1.214118499786780170e+01 -1.306236438677589762e+00 1.214118499786780170e+01 -8.784145415916933430e+00 -4.856615721921988538e-01 -1.306236438677589762e+00 -4.856615721921988538e-01 -3.285247672613487424e+01
