1.323844777601089540e+00 -1.874073123894359641e-04 3.984317659124097855e+00 -1.874073123893460024e-04 -2.436957981750478841e-01 2.967605183585026308e-04 3.984317659124097855e+00 2.967605183585026308e-04 -3.492541373886220990e-01
1.375964766771078152e+00 -1.374748601918458291e-03 3.761456666944324123e+00 -1.374748601918485613e-03 -1.892962437027303699e-02 -9.909889879050630748e-03 3.761456666944324123e+00 -9.909889879050630748e-03 1.784787374974474566e-02
1.440178425931637696e+00 -1.765623154707623901e-03 3.543330578593200997e+00 -1.765623154707623250e-03 2.213555473424722031e-01 -2.262055393565902753e-02 3.543330578593200997e+00 -2.262055393565902753e-02 4.057271968824953112e-01
1.515291132580308675e+00 -1.365913672286571965e-03 3.329812338195930810e+00 -1.365913672286630295e-03 4.750813251305878726e-01 -3.765747393519305874e-02 3.329812338195930810e+00 -3.765747393519305874e-02 8.095737667437408192e-01
1.600602624228640636e+00 -1.518688022538185157e-04 3.121232759413079982e+00 -1.518688022538855736e-04 7.399462014293750611e-01 -5.477315694791310557e-02 3.121232759413079982e+00 -5.477315694791310557e-02 1.226421979184587840e+00
1.695134775286417650e+00 1.906881627639763540e-03 2.917902799445648121e+00 1.906881627639626714e-03 1.013420209116335347e+00 -7.364600472813992438e-02 2.917902799445648121e+00 -7.364600472813992438e-02 1.653053068726358488e+00
1.797468525918130222e+00 4.810598525921979708e-03 2.720097898739141318e+00 4.810598525922015270e-03 1.292455918851508567e+00 -9.387127223818772515e-02 2.720097898739141318e+00 -9.387127223818772515e-02 2.085543034757407099e+00
1.906063080935809451e+00 8.510139257154773068e-03 2.528037475375249254e+00 8.510139257154675924e-03 1.573910641221868190e+00 -1.150327503081066127e-01 2.528037475375249254e+00 -1.150327503081066127e-01 2.519985959618215254e+00
2.019435765597132892e+00 1.292205575854920782e-02 2.341970494520051016e+00 1.292205575854920435e-02 1.854493151608101797e+00 -1.366268868122887947e-01 2.341970494520051016e+00 -1.366268868122887947e-01 2.952367427936499311e+00
2.135792947958726096e+00 1.803393347823671611e-02 2.161919409228148847e+00 1.803393347823667101e-02 2.130933855357911799e+00 -1.581446351639604064e-01 2.161919409228148847e+00 -1.581446351639604064e-01 3.378419863010193591e+00
-1.617721602695146288e+01 3.058299230757290044e+00 5.099247011888288661e+00 3.058299230757290044e+00 -3.337287447686942699e+01 -1.460764396832970746e+01 5.099247011888288661e+00 -1.460764396832970746e+01 -4.462306680060357422e+01
-1.600967637968929935e+01 2.993969423455550061e+00 5.114934456125029172e+00 2.993969423455550061e+00 -3.325809655752579630e+01 -1.459338607536633958e+01 5.114934456125029172e+00 -1.459338607536633958e+01 -4.421893641759834281e+01
-1.578845332013498393e+01 2.927626958439983440e+00 5.131505964965038302e+00 2.927626958439983440e+00 -3.307757808949222778e+01 -1.456477624001372284e+01 5.131505964965038302e+00 -1.456477624001372284e+01 -4.365234505632845696e+01
-1.551369732736991658e+01 2.859591603758581790e+00 5.148754629671382865e+00 2.859591603758581790e+00 -3.283146955185013383e+01 -1.452130659537210988e+01 5.148754629671382865e+00 -1.452130659537210988e+01 -4.292592610071854153e+01
-1.518725177014135141e+01 2.790070268148280519e+00 5.166229012999838055e+00 2.790070268148280519e+00 -3.252153907380604636e+01 -1.446246927454174624e+01 5.166229012999838055e+00 -1.446246927454174624e+01 -4.204394939470353876e+01
-1.481097882708169955e+01 2.719363909771893795e+00 5.183534107361708720e+00 2.719363909771893795e+00 -3.214963002410721060e+01 -1.438766236119700359e+01 5.183534107361708720e+00 -1.438766236119700359e+01 -4.101139955785508562e+01
-1.438583780233493492e+01 2.647773486792238007e+00 5.200124426086894402e+00 2.647773486792238007e+00 -3.171666408712725271e+01 -1.429645322797883367e+01 5.200124426086894402e+00 -1.429645322797883367e+01 -3.983382550630007302e+01
-1.391636187822846438e+01 2.575844485879414947e+00 5.215510912160819856e+00 2.575844485879414947e+00 -3.122775755163403133e+01 -1.418793900039879397e+01 5.215510912160819856e+00 -1.418793900039879397e+01 -3.851726521317998220e+01
-1.340595564397913186e+01 2.503840245425888344e+00 5.229072839372677528e+00 2.503840245425888344e+00 -3.068648429581096693e+01 -1.406148014236089772e+01 5.229072839372677528e+00 -1.406148014236089772e+01 -3.707332437764838318e+01
-1.285704557477463261e+01 2.432249822446232557e+00 5.240264721052366070e+00 2.432249822446232557e+00 -3.009562818266410744e+01 -1.391638068811363915e+01 5.240264721052366070e+00 -1.391638068811363915e+01 -3.550860526940202533e+01
-2.242722351089195243e+01 -3.639231635283755040e+00 2.853093915974388040e+01 -3.639231635283755040e+00 -1.279656485573216962e+01 6.628529982256228692e+00 2.853093915974388040e+01 6.628529982256228692e+00 -3.289520525094419412e+01
-2.239590187342304972e+01 -3.597090811507225538e+00 2.852635823060158060e+01 -3.597090811507225538e+00 -1.275488957353514152e+01 6.599647782663919493e+00 2.852635823060158060e+01 6.599647782663919493e+00 -3.281814880870501128e+01
-2.231446934033654372e+01 -3.555471394299738463e+00 2.848950595916819495e+01 -3.555471394299738463e+00 -1.266349445064729196e+01 6.562814132893714181e+00 2.848950595916819495e+01 6.562814132893714181e+00 -3.261327327039772683e+01
-2.218294453329561122e+01 -3.514522356966734318e+00 2.842054994041234650e+01 -3.514522356966734318e+00 -1.252264019035313858e+01 6.517433139723849855e+00 2.842054994041234650e+01 6.517433139723849855e+00 -3.228117452924411879e+01
-2.200233302211197994e+01 -3.474374051150474152e+00 2.831949017433403171e+01 -3.474374051150474152e+00 -1.233348133576984829e+01 6.463039261574825112e+00 2.831949017433403171e+01 6.463039261574825112e+00 -3.182390096819397840e+01
-2.177395694487143274e+01 -3.435063720177317315e+00 2.818632666093325057e+01 -3.435063720177317315e+00 -1.209761934993090726e+01 6.399166956867138545e+00 2.818632666093325057e+01 6.399166956867138545e+00 -3.124432032337705323e+01
-2.149934327795473976e+01 -3.396721715689525301e+00 2.802107802187319052e+01 -3.396721715689525301e+00 -1.181687915582796577e+01 6.325313440694926292e+00 2.802107802187319052e+01 6.325313440694926292e+00 -3.054604519745027957e+01
-2.118029832269036561e+01 -3.359497010992537724e+00 2.782365114883793922e+01 -3.359497010992537724e+00 -1.149338362306355066e+01 6.240882819836427231e+00 2.782365114883793922e+01 6.240882819836427231e+00 -2.973311649132372381e+01
-2.081892632701766033e+01 -3.323389606086355919e+00 2.759395293351160916e+01 -3.323389606086355919e+00 -1.112972116281969726e+01 6.145353687722598046e+00 2.759395293351160916e+01 6.145353687722598046e+00 -2.881037583742421759e+01
-2.041749913384459703e+01 -3.288548474276419054e+00 2.733175991593603271e+01 -3.288548474276419054e+00 -1.072846156461525524e+01 6.038111529468495497e+00 2.733175991593603271e+01 6.038111529468495497e+00 -2.778283246314719790e+01
-5.023126867766876558e+01 -7.303293029182946761e+00 1.701879670129612876e+01 -7.303293029182946761e+00 -3.172266672461721626e+01 9.409756821080264899e+00 1.701879670129612876e+01 9.409756821080264899e+00 -6.204899634922875862e+01
-5.008813713889653485e+01 -7.276370347122247395e+00 1.699784827223386685e+01 -7.276370347122247395e+00 -3.162869750648695799e+01 9.496055869231881275e+00 1.699784827223386685e+01 9.496055869231881275e+00 -6.167680038742613391e+01
-4.986865079244749666e+01 -7.247905922352274821e+00 1.696275435381401664e+01 -7.247905922352274821e+00 -3.146411647227195019e+01 9.572025241231362003e+00 1.696275435381401664e+01 9.572025241231362003e+00 -6.109132359357929687e+01
-4.957192313626383395e+01 -7.217996113792357171e+00 1.691338004354951252e+01 -7.217996113792357171e+00 -3.122834546845621517e+01 9.637626393510974054e+00 1.691338004354951252e+01 9.637626393510974054e+00 -6.029609270413572375e+01
-4.919980426159666820e+01 -7.186640921442496222e+00 1.684970606965649509e+01 -7.186640921442496222e+00 -3.092329240164247040e+01 9.692608792880461621e+00 1.684970606965649509e+01 9.692608792880461621e+00 -5.929581003435869491e+01
-4.875354683439728376e+01 -7.153821073518824569e+00 1.677175170391882375e+01 -7.153821073518824569e+00 -3.055042192740453189e+01 9.736702634365702380e+00 1.677175170391882375e+01 9.736702634365702380e+00 -5.809538988913401880e+01
-4.823577181727144136e+01 -7.119575113589073467e+00 1.667959403347196456e+01 -7.119575113589073467e+00 -3.011268262867388756e+01 9.769580297640970912e+00 1.667959403347196456e+01 9.769580297640970912e+00 -5.670275297163060912e+01
-4.764969759812476724e+01 -7.083883769869378177e+00 1.657367630934483671e+01 -7.083883769869378177e+00 -2.961308090373361779e+01 9.790991249516014960e+00 1.657367630934483671e+01 9.790991249516014960e+00 -5.512923109076161410e+01
-4.699653829934079852e+01 -7.046727770575872185e+00 1.645415270580836165e+01 -7.046727770575872185e+00 -2.905385227951217786e+01 9.800607869665112659e+00 1.645415270580836165e+01 9.800607869665112659e+00 -5.337653943529109313e+01
-4.628656578172008551e+01 -7.008299833547215307e+00 1.632142793032372907e+01 -7.008299833547215307e+00 -2.844451701723932402e+01 9.798218168465737676e+00 1.632142793032372907e+01 9.798218168465737676e+00 -5.147223665614734500e+01
-2.386985580649271910e+00 -2.683553534658674522e+00 9.839702341465631719e+00 -2.683553534658674522e+00 9.984756837507793747e+00 1.310369157811065044e+01 9.839702341465631719e+00 1.310369157811065044e+01 -2.213551567070006243e+01
-2.424614476808301777e+00 -2.650895862003778802e+00 9.759999477036210180e+00 -2.650895862003778802e+00 1.004504652985902524e+01 1.310205869447790583e+01 9.759999477036210180e+00 1.310205869447790583e+01 -2.212403105581642393e+01
-2.416903637431451646e+00 -2.617875326319384133e+00 9.671442754687019416e+00 -2.617875326319384133e+00 1.013799389486515246e+01 1.308172022167449633e+01 9.671442754687019416e+00 1.308172022167449633e+01 -2.202099609859022777e+01
-2.363326911125947394e+00 -2.584618929665815301e+00 9.573941458660680581e+00 -2.584618929665815301e+00 1.026379850719239961e+01 1.304233143982239618e+01 9.573941458660680581e+00 1.304233143982239618e+01 -2.182639265586999855e+01
-2.265063602737661608e+00 -2.551326246709296974e+00 9.467695163623419674e+00 -2.551326246709296974e+00 1.042117220308604786e+01 1.298345691328620788e+01 9.467695163623419674e+00 1.298345691328620788e+01 -2.154243419213568345e+01
-2.123601450687538694e+00 -2.518178708964577961e+00 9.352976016847360796e+00 -2.518178708964577961e+00 1.060842766945892457e+01 1.290453420437021137e+01 9.352976016847360796e+00 1.290453420437021137e+01 -2.117216875683506672e+01
-1.940845485880447585e+00 -2.485321461643457575e+00 9.230092451907578877e+00 -2.485321461643457575e+00 1.082355101649731033e+01 1.280489201646982877e+01 9.230092451907578877e+00 1.280489201646982877e+01 -2.071933383917198768e+01
-1.718954743341906788e+00 -2.452863363654786522e+00 9.099334759227671654e+00 -2.452863363654786522e+00 1.106427435026684236e+01 1.268371390776869312e+01 9.099334759227671654e+00 1.268371390776869312e+01 -2.018795721877388516e+01
-1.458527947070588970e+00 -2.420840701301513853e+00 8.960848084019440662e+00 -2.420840701301513853e+00 1.132981751525409386e+01 1.253983871657240101e+01 8.960848084019440662e+00 1.253983871657240101e+01 -1.957992578339415246e+01
-1.165225760326676463e+00 -2.389489335552814175e+00 8.815249293433028654e+00 -2.389489335552814175e+00 1.161448356189593412e+01 1.237266771888228689e+01 8.815249293433028654e+00 1.237266771888228689e+01 -1.890441996767911093e+01
1.876404548342669543e+01 -1.929269522935913983e+01 3.658476370667405053e-01 -1.929269522935913983e+01 1.411710469004704649e+00 1.723180194020783418e+01 3.658476370667405053e-01 1.723180194020783418e+01 3.354687850633593982e+00
1.876915433621536877e+01 -1.930298463813351972e+01 5.281298977539472528e-01 -1.930298463813351972e+01 1.310160816205298229e+00 1.722176349262307227e+01 5.281298977539472528e-01 1.722176349262307227e+01 3.192011222362700629e+00
1.876366904164226668e+01 -1.928807037315044681e+01 7.073520387404371723e-01 -1.928807037315044681e+01 1.217430656641074194e+00 1.717888498079673809e+01 7.073520387404371723e-01 1.717888498079673809e+01 3.014079738922822660e+00
1.874814529948440622e+01 -1.924825717299731664e+01 9.033706536321421954e-01 -1.924825717299731664e+01 1.134487983471991424e+00 1.710357869811177878e+01 9.033706536321421954e-01 1.710357869811177878e+01 2.822399167451674629e+00
1.872186607777144474e+01 -1.918410073745114275e+01 1.115827226443892206e+00 -1.918410073745114275e+01 1.061099761307689793e+00 1.699609560575780876e+01 1.115827226443892206e+00 1.699609560575780876e+01 2.617005359547774024e+00
1.868404264133600989e+01 -1.909630017268300506e+01 1.344112280000898663e+00 -1.909630017268300506e+01 9.968895483637401078e-01 1.685672251652296438e+01 1.344112280000898663e+00 1.685672251652296438e+01 2.397521873426691208e+00
1.863385040341220744e+01 -1.898582347185286778e+01 1.587580485529854757e+00 -1.898582347185286778e+01 9.412120158668370040e-01 1.668572831739612639e+01 1.587580485529854757e+00 1.668572831739612639e+01 2.163518489906223419e+00
1.857046477723414668e+01 -1.885369240551845849e+01 1.845568588458196935e+00 -1.885369240551845849e+01 8.934756124414497958e-01 1.648327434057062035e+01 1.845568588458196935e+00 1.648327434057062035e+01 1.914744247796750898e+00
1.849300739863816645e+01 -1.870112592802935936e+01 2.117323705217067253e+00 -1.870112592802935936e+01 8.527481965261362040e-01 1.624948606664125350e+01 2.117323705217067253e+00 1.624948606664125350e+01 1.650500040927192380e+00
1.840063575505910975e+01 -1.852937884533366386e+01 2.401967471642799445e+00 -1.852937884533366386e+01 8.182051813550054176e-01 1.598445312460432000e+01 2.401967471642799445e+00 1.598445312460432000e+01 1.370319798516826504e+00
3.928611066123730122e+00 -1.391445863769684266e+01 -1.293251165129462876e+01 -1.391445863769684266e+01 7.662607812251278183e+00 5.444870630227854669e+00 -1.293251165129462876e+01 5.444870630227854669e+00 2.622422593771277022e+01
3.951568970919160595e+00 -1.377595966410632755e+01 -1.280408695704926281e+01 -1.377595966410632755e+01 7.609087084859904593e+00 5.527039530321864902e+00 -1.280408695704926281e+01 5.527039530321864902e+00 2.617133149766967648e+01
3.943301977921897183e+00 -1.361894047893103199e+01 -1.263021169524318488e+01 -1.361894047893103199e+01 7.520977401919376248e+00 5.592477611254748737e+00 -1.263021169524318488e+01 5.592477611254748737e+00 2.601577961428177588e+01
3.904185859540906467e+00 -1.344527994421579287e+01 -1.241183424386093215e+01 -1.344527994421579287e+01 7.398958732550677375e+00 5.641685902905125616e+00 -1.241183424386093215e+01 5.641685902905125616e+00 2.575796395388227467e+01
3.834166934003479632e+00 -1.325708954302051445e+01 -1.215020717759905544e+01 -1.325708954302051445e+01 7.243371061314303638e+00 5.675022283757725994e+00 -1.215020717759905544e+01 5.675022283757725994e+00 2.539904762154653994e+01
3.733030474218776984e+00 -1.305669548549594339e+01 -1.184674411647223913e+01 -1.305669548549594339e+01 7.054357539604146687e+00 5.693023571539645999e+00 -1.184674411647223913e+01 5.693023571539645999e+00 2.494022951019842793e+01
3.600400707777834164e+00 -1.284660292103518842e+01 -1.150293025619211384e+01 -1.284660292103518842e+01 6.831918167420206522e+00 5.696262371826452231e+00 -1.150293025619211384e+01 5.696262371826452231e+00 2.438290534592837844e+01
3.435883968347446693e+00 -1.262922752941017812e+01 -1.112028658031878336e+01 -1.262922752941017812e+01 6.576088732610956278e+00 5.685382865890660220e+00 -1.112028658031878336e+01 5.685382865890660220e+00 2.372861400622072736e+01
3.239140271367121571e+00 -1.240705656608978558e+01 -1.070042354203352986e+01 -1.240705656608978558e+01 6.286940810873341334e+00 5.661082916777491647e+00 -1.070042354203352986e+01 5.661082916777491647e+00 2.297905541387795125e+01
3.009793844427892218e+00 -1.218254149869441250e+01 -1.024495159451764259e+01 -1.218254149869441250e+01 5.964384932586178856e+00 5.624131963229118014e+00 -1.024495159451764259e+01 5.624131963229118014e+00 2.213623368841453143e+01
-1.673641535257085167e+01 1.367634398011562524e+01 1.171475836208345456e+01 1.367634398011562524e+01 1.193832747206587364e+01 1.275993162307960915e+01 1.171475836208345456e+01 1.275993162307960915e+01 -1.736014778252017265e+01
-1.658555505942039332e+01 1.370174914570549163e+01 1.172531492981238621e+01 1.370174914570549163e+01 1.201730082649475939e+01 1.284792737276470831e+01 1.172531492981238621e+01 1.284792737276470831e+01 -1.704082074069902575e+01
-1.639159182536980097e+01 1.371816844395515922e+01 1.172851112246387828e+01 1.371816844395515922e+01 1.211227340813911546e+01 1.291201560141664118e+01 1.172851112246387828e+01 1.291201560141664118e+01 -1.665254725739568187e+01
-1.615574933560564830e+01 1.372527312362047880e+01 1.172341547817949703e+01 1.372527312362047880e+01 1.222277035409072532e+01 1.295256158819557868e+01 1.172341547817949703e+01 1.295256158819557868e+01 -1.619883401254777056e+01
-1.587998183363485083e+01 1.372282575324733500e+01 1.170922438280686961e+01 1.372282575324733500e+01 1.234784193853313994e+01 1.296960186101753898e+01 1.170922438280686961e+01 1.296960186101753898e+01 -1.568249365568861009e+01
-1.556635314671236792e+01 1.371058890138162134e+01 1.168500637448755874e+01 1.371058890138162134e+01 1.248652017169191097e+01 1.296320947571455129e+01 1.168500637448755874e+01 1.296320947571455129e+01 -1.510677717134371889e+01
-1.521718279750528602e+01 1.368839819240125699e+01 1.164981172740512072e+01 1.368839819240125699e+01 1.263754484046444837e+01 1.293329311249657820e+01 1.164981172740512072e+01 1.293329311249657820e+01 -1.447542867090484364e+01
-1.483513732388284545e+01 1.365605272276814830e+01 1.160261765991107730e+01 1.365605272276814830e+01 1.279945482821007019e+01 1.287977971553158518e+01 1.160261765991107730e+01 1.287977971553158518e+01 -1.379226532159576912e+01
-1.442282847184027617e+01 1.361347943665026428e+01 1.154249271014699652e+01 1.361347943665026428e+01 1.297073422641406637e+01 1.280245011732346860e+01 1.154249271014699652e+01 1.280245011732346860e+01 -1.306139651396841117e+01
-1.398295930716283308e+01 1.356062354217357857e+01 1.146845062438041474e+01 1.356062354217357857e+01 1.314979407072969764e+01 1.270103035850210027e+01 1.146845062438041474e+01 1.270103035850210027e+01 -1.228667594316257272e+01
1.166595989208640027e+01 -1.609687648140772964e+01 -1.442311657775184663e+01 -1.609687648140772964e+01 1.882624004011587715e+01 -4.785234360583168645e+00 -1.442311657775184663e+01 -4.785234360583168645e+00 2.407976539925883230e+00
1.174857219692546728e+01 -1.612156562627865952e+01 -1.444307839358318546e+01 -1.612156562627865952e+01 1.869903029150706786e+01 -4.881386449350729961e+00 -1.444307839358318546e+01 -4.881386449350729961e+00 2.340348976193448394e+00
1.183080988323687066e+01 -1.613027104730251438e+01 -1.442827204225162951e+01 -1.613027104730251438e+01 1.857339037291895423e+01 -4.969564515172262276e+00 -1.442827204225162951e+01 -4.969564515172262276e+00 2.262428322438957196e+00
1.191228049351543383e+01 -1.612302842243430945e+01 -1.437851913398210613e+01 -1.612302842243430945e+01 1.844998032651932718e+01 -5.050107498620413971e+00 -1.437851913398210613e+01 -5.050107498620413971e+00 2.172716104551745797e+00
1.199164610444806378e+01 -1.610017669224669490e+01 -1.429360560104452027e+01 -1.610017669224669490e+01 1.832899638106077234e+01 -5.123211628447773336e+00 -1.429360560104452027e+01 -5.123211628447773336e+00 2.070106305926326051e+00
1.206710497930646575e+01 -1.606209047526733613e+01 -1.417328169775375990e+01 -1.606209047526733613e+01 1.821001040108310676e+01 -5.188983938519387884e+00 -1.417328169775375990e+01 -5.188983938519387884e+00 1.952761511879383738e+00
1.213696241522738717e+01 -1.600923358491143489e+01 -1.401724416149218833e+01 -1.600923358491143489e+01 1.809250505623858984e+01 -5.247692013497874619e+00 -1.401724416149218833e+01 -5.247692013497874619e+00 1.818612401020003100e+00
1.219909557388739074e+01 -1.594217686845925464e+01 -1.382511837373214547e+01 -1.594217686845925464e+01 1.797562407560685216e+01 -5.299407209293265808e+00 -1.382511837373214547e+01 -5.299407209293265808e+00 1.665143677519570709e+00
1.225168487958067054e+01 -1.586150901216854514e+01 -1.359640484310340547e+01 -1.586150901216854514e+01 1.785840415440246787e+01 -5.344290076703132719e+00 -1.359640484310340547e+01 -5.344290076703132719e+00 1.489822206571965069e+00
1.229251829909624405e+01 -1.576785438025209274e+01 -1.333051488334821144e+01 -1.576785438025209274e+01 1.773972143704243010e+01 -5.382411971637507619e+00 -1.333051488334821144e+01 -5.382411971637507619e+00 1.289651039955860057e+00
-4.421740389996779186e+01 1.123013012783795617e+00 7.606311159333020377e+00 1.123013012783795617e+00 -5.508106735456784975e+01 -1.538853717836877344e+01 7.606311159333020377e+00 -1.538853717836877344e+01 -5.238216816141640919e+01
-4.416554449400517512e+01 1.107639364586278985e+00 7.549217346039593934e+00 1.107639364586278985e+00 -5.495953217102405119e+01 -1.537643988142646556e+01 7.549217346039593934e+00 -1.537643988142646556e+01 -5.210445377247640408e+01
-4.405317921663720426e+01 1.091664728880410440e+00 7.489758356100397307e+00 1.091664728880410440e+00 -5.477309033657824955e+01 -1.534976379073316899e+01 7.489758356100397307e+00 -1.534976379073316899e+01 -5.164621049070502323e+01
-4.388131617594238776e+01 1.075263585910550379e+00 7.427643389108161465e+00 1.075263585910550379e+00 -5.452286627947188435e+01 -1.530823749257543831e+01 7.427643389108161465e+00 -1.530823749257543831e+01 -5.101154829519165190e+01
-4.365036249249092037e+01 1.058435935676698358e+00 7.362717351512343633e+00 1.058435935676698358e+00 -5.420955792068239276e+01 -1.525157018654600449e+01 7.362717351512343633e+00 -1.525157018654600449e+01 -5.020238646862424758e+01
-4.336142320783039850e+01 1.041375645117032844e+00 7.294883309843855024e+00 1.041375645117032844e+00 -5.383450294208320486e+01 -1.517939352546232890e+01 7.294883309843855024e+00 -1.517939352546232890e+01 -4.922289315017363975e+01
-4.301612680424153012e+01 1.024218421088278319e+00 7.223986170552153752e+00 1.024218421088278319e+00 -5.339965939974991471e+01 -1.509130038875423985e+01 7.223986170552153752e+00 -1.509130038875423985e+01 -4.807822520039535874e+01
-4.261647011118756012e+01 1.007177517222430874e+00 7.149870840086698820e+00 1.007177517222430874e+00 -5.290747001710357011e+01 -1.498678672238247067e+01 7.149870840086698820e+00 -1.498678672238247067e+01 -4.677518734881945761e+01
-4.216530297265967420e+01 9.904855738453035574e-01 7.072382224896945679e+00 9.904855738453035574e-01 -5.236101727846119047e+01 -1.486548417916448450e+01 7.072382224896945679e+00 -1.486548417916448450e+01 -4.532211587378758821e+01
-4.166340085641061108e+01 9.743364578950749477e-01 6.991559098370530911e+00 9.743364578950749477e-01 -5.176158070561476165e+01 -1.472745091918173799e+01 6.991559098370530911e+00 -1.472745091918173799e+01 -4.372569918466689387e+01
1.200937027336416030e+01 8.610751936470871115e+00 1.427643187572392058e+01 8.610751936470871115e+00 -6.903455947922926939e+00 -1.195965639314177764e+01 1.427643187572392058e+01 -1.195965639314177764e+01 -9.904761678507052025e+00
1.203695287430357475e+01 8.591826251650328317e+00 1.422994170066714226e+01 8.591826251650328317e+00 -6.884548373805561283e+00 -1.198272942898998039e+01 1.422994170066714226e+01 -1.198272942898998039e+01 -9.840631678555336492e+00
1.207973035520895522e+01 8.563700329615588913e+00 1.416809364931579829e+01 8.563700329615588913e+00 -6.833983290533832466e+00 -1.198801775431782524e+01 1.416809364931579829e+01 -1.198801775431782524e+01 -9.723002661417126546e+00
1.213900668670908800e+01 8.526500945288892908e+00 1.409074283604446798e+01 8.526500945288892908e+00 -6.750547280994845245e+00 -1.197557570123484538e+01 1.409074283604446798e+01 -1.197557570123484538e+01 -9.550878538417661545e+00
1.221391255505144713e+01 8.480499759217909883e+00 1.399785303944679704e+01 8.480499759217909883e+00 -6.635290765972896132e+00 -1.194531271622515511e+01 1.399785303944679704e+01 -1.194531271622515511e+01 -9.326179044093757753e+00
1.230336131804538269e+01 8.426095206872538768e+00 1.388935181671007513e+01 8.426095206872538768e+00 -6.489698823128544625e+00 -1.189708391366333018e+01 1.388935181671007513e+01 -1.189708391366333018e+01 -9.051439676890275621e+00
1.240590411943668947e+01 8.363721945129045210e+00 1.376514861431841474e+01 8.363721945129045210e+00 -6.315654965592258030e+00 -1.183063574370488702e+01 1.376514861431841474e+01 -1.183063574370488702e+01 -8.729847920566461639e+00
1.251991099593938550e+01 8.293923295082755942e+00 1.362518910016228446e+01 8.293923295082755942e+00 -6.115332477745341500e+00 -1.174560599228627567e+01 1.362518910016228446e+01 -1.174560599228627567e+01 -8.365116469273717215e+00
1.264375198426749591e+01 8.217224467125817000e+00 1.346923783510037254e+01 8.217224467125817000e+00 -5.890850311859568755e+00 -1.164148755971852012e+01 1.346923783510037254e+01 -1.164148755971852012e+01 -7.960795020834840585e+00
1.277559790340008306e+01 8.134223114463090099e+00 1.329716804421043896e+01 8.134223114463090099e+00 -5.644526637941667424e+00 -1.151762846068723434e+01 1.329716804421043896e+01 -1.151762846068723434e+01 -7.520940372761604209e+00
-4.974539177741419138e+01 -5.875866275722612109e+00 9.075330084884893012e+00 -5.875866275722612109e+00 -3.593734686734665473e+01 -4.706550197834277749e-01 9.075330084884893012e+00 -4.706550197834277749e-01 -5.809938350935690465e+01
-4.962820969822953288e+01 -5.935073860289275416e+00 9.071611548008432280e+00 -5.935073860289275416e+00 -3.595802039101734948e+01 -3.154012884335480882e-01 9.071611548008432280e+00 -3.154012884335480882e-01 -5.795580559845850388e+01
-4.944058735572703966e+01 -5.991006049679782564e+00 9.061823896540856182e+00 -5.991006049679782564e+00 -3.591582559433624766e+01 -1.623632655851869055e-01 9.061823896540856182e+00 -1.623632655851869055e-01 -5.761265978617985439e+01
-4.918144579620160783e+01 -6.043547241711443085e+00 9.045832261269026731e+00 -6.043547241711443085e+00 -3.580991472796367248e+01 -1.075100298997677672e-02 9.045832261269026731e+00 -1.075100298997677672e-02 -5.707013874282542787e+01
-4.885153643384072808e+01 -6.092678169353810347e+00 9.023540307040706310e+00 -6.092678169353810347e+00 -3.564088506984347759e+01 1.395511015347702388e-01 9.023540307040706310e+00 1.395511015347702388e-01 -5.633076644938392974e+01
-4.845234282998888631e+01 -6.138225429332851313e+00 8.995005834947235712e+00 -6.138225429332851313e+00 -3.541004677804614431e+01 2.886971842326380155e-01 8.995005834947235712e+00 2.886971842326380155e-01 -5.539822290867090260e+01
-4.798534854599057553e+01 -6.179996351344087202e+00 8.960171043897275922e+00 -6.179996351344087202e+00 -3.511865220955078826e+01 4.368991824385544120e-01 8.960171043897275922e+00 4.368991824385544120e-01 -5.427744048048105441e+01
-4.744982143468877211e+01 -6.217913867265726147e+00 8.919132269043062777e+00 -6.217913867265726147e+00 -3.476579581392635276e+01 5.840222269393835486e-01 8.919132269043062777e+00 5.840222269393835486e-01 -5.297123215125976969e+01
-4.685391144996298607e+01 -6.251515568367016051e+00 8.871831709293253709e+00 -6.251515568367016051e+00 -3.435876052868218267e+01 7.307984648921490578e-01 8.871831709293253709e+00 7.307984648921490578e-01 -5.149277656983348805e+01
-4.619819660272663953e+01 -6.280647318404372292e+00 8.818346432769642362e+00 -6.280647318404372292e+00 -3.389771975709229679e+01 8.770930270837147269e-01 8.818346432769642362e+00 8.770930270837147269e-01 -4.984856672546316503e+01
-1.451663639659073013e+01 3.464893507145264007e+00 2.078070054852647530e+01 3.464893507145264007e+00 -1.286887206658285265e+01 9.552177378104209637e-01 2.078070054852647530e+01 9.552177378104209637e-01 1.094173813252070282e+01
-1.450034075183989302e+01 3.590003777462661194e+00 2.111086129700639802e+01 3.590003777462661194e+00 -1.279843459989018051e+01 1.015163738837664864e+00 2.111086129700639802e+01 1.015163738837664864e+00 1.104630490462412062e+01
-1.448355074483256644e+01 3.709547894966287895e+00 2.141273353858738915e+01 3.709547894966287895e+00 -1.272719150581656855e+01 1.072033708046773004e+00 2.141273353858738915e+01 1.072033708046773004e+00 1.113629714501779944e+01
-1.446663256983281975e+01 3.822646993422392558e+00 2.168655529954109795e+01 3.822646993422392558e+00 -1.265565545633170608e+01 1.125534690026493978e+00 2.168655529954109795e+01 1.125534690026493978e+00 1.120905994528727589e+01
-1.445046509307440274e+01 3.928568684302847114e+00 2.193219841187509189e+01 3.928568684302847114e+00 -1.258497996336739178e+01 1.175318800225967575e+00 2.193219841187509189e+01 1.175318800225967575e+00 1.126298205067067038e+01
-1.443640323333435127e+01 4.026598888792725539e+00 2.214982766300821027e+01 4.026598888792725539e+00 -1.251672135254590046e+01 1.221074773520739232e+00 2.214982766300821027e+01 1.221074773520739232e+00 1.129599446357602233e+01
-1.442583852881611328e+01 4.116060147503511679e+00 2.233964445978567781e+01 4.116060147503511679e+00 -1.245252749805551673e+01 1.262564583639167681e+00 2.233964445978567781e+01 1.262564583639167681e+00 1.130588170870574416e+01
-1.442036392456835792e+01 4.196421478752313305e+00 2.250206992561117758e+01 4.196421478752313305e+00 -1.239428430035616913e+01 1.299586823736017749e+00 2.250206992561117758e+01 1.299586823736017749e+00 1.129006211649818781e+01
-1.442190194047742580e+01 4.267042042577016581e+00 2.263765335188080030e+01 4.267042042577016581e+00 -1.234396920847380308e+01 1.331885157826444788e+00 2.263765335188080030e+01 1.331885157826444788e+00 1.124600894653131355e+01
-1.443206383130519654e+01 4.327628883566372764e+00 2.274685248142462513e+01 4.327628883566372764e+00 -1.230359629086076900e+01 1.359313108204823539e+00 2.274685248142462513e+01 1.359313108204823539e+00 1.117068278641338885e+01
-1.472537392603936013e+01 -9.760680423682766005e+00 -2.189947228450676420e+01 -9.760680423682766005e+00 -2.327573270808057515e+01 -2.446346910908106409e+00 -2.189947228450676420e+01 -2.446346910908106409e+00 1.753456084672350368e+00
-1.474836511054815524e+01 -9.686558763833785335e+00 -2.171120658984927587e+01 -9.686558763833785335e+00 -2.337635143129602966e+01 -2.412413693964547967e+00 -2.171120658984927587e+01 -2.412413693964547967e+00 1.546203288201417170e+00
-1.477071047526737679e+01 -9.599151668313592012e+00 -2.147330503136461033e+01 -9.599151668313592012e+00 -2.346700607775807512e+01 -2.384532731048987220e+00 -2.147330503136461033e+01 -2.384532731048987220e+00 1.331495886159414166e+00
-1.479152432448561427e+01 -9.499787680689307123e+00 -2.118646878482431006e+01 -9.499787680689307123e+00 -2.354640500788756441e+01 -2.361929038413936421e+00 -2.118646878482431006e+01 -2.361929038413936421e+00 1.109721370420084785e+00
-1.481161854593832317e+01 -9.389666180570136689e+00 -2.085160199793377345e+01 -9.389666180570136689e+00 -2.361495416555223059e+01 -2.343606208384054312e+00 -2.085160199793377345e+01 -2.343606208384054312e+00 8.811934248812218762e-01
-1.483224787521668020e+01 -9.270115711523200019e+00 -2.046949810643447876e+01 -9.270115711523200019e+00 -2.367344698649354484e+01 -2.328438669326085009e+00 -2.046949810643447876e+01 -2.328438669326085009e+00 6.455983656450330344e-01
-1.485490692383369549e+01 -9.142593981073536824e+00 -2.004113506600777939e+01 -9.142593981073536824e+00 -2.372313820630268211e+01 -2.315042521690944266e+00 -2.004113506600777939e+01 -2.315042521690944266e+00 4.021243049760547805e-01
-1.488120101526630279e+01 -9.008447984782256057e+00 -1.956719560043121930e+01 -9.008447984782256057e+00 -2.376544862851669748e+01 -2.302070769917523574e+00 -1.956719560043121930e+01 -2.302070769917523574e+00 1.496641232350195139e-01
-1.491310451287120564e+01 -8.869116978180400679e+00 -1.904851004943425252e+01 -8.869116978180400679e+00 -2.380211274057045401e+01 -2.287899638534895530e+00 -1.904851004943425252e+01 -2.287899638534895530e+00 -1.131291751391819284e-01
-1.495244416405318688e+01 -8.725966408823074616e+00 -1.848572423280645083e+01 -8.725966408823074616e+00 -2.383499419385670492e+01 -2.270979160048085976e+00 -1.848572423280645083e+01 -2.270979160048085976e+00 -3.879347215994390363e-01
-5.815846898149002797e+00 8.777437430027225318e+00 -6.996811010354581084e-01 8.777437430027225318e+00 9.789265095605799438e-02 -1.221299560103651771e+01 -6.996811010354581084e-01 -1.221299560103651771e+01 3.178257076785548563e+01
-5.936550536793330224e+00 8.647003986207806747e+00 -6.288337048346077651e-01 8.647003986207806747e+00 1.646499253518236561e-01 -1.213539139568629821e+01 -6.288337048346077651e-01 -1.213539139568629821e+01 3.170303861962798209e+01
-6.085380519656764520e+00 8.506894791686489654e+00 -5.372654272423591504e-01 8.506894791686489654e+00 1.859834241060980553e-01 -1.202694010429949500e+01 -5.372654272423591504e-01 -1.202694010429949500e+01 3.151260471056216872e+01
-6.261219720959943835e+00 8.358389135662225300e+00 -4.260213214071480459e-01 8.358389135662225300e+00 1.615327840642480917e-01 -1.188778587213795568e+01 -4.260213214071480459e-01 -1.188778587213795568e+01 3.121216994854462357e+01
-6.463095160185357457e+00 8.203144688646323957e+00 -2.961644586351417363e-01 8.203144688646323957e+00 9.055926075927617225e-02 -1.171827104419858578e+01 -2.961644586351417363e-01 -1.171827104419858578e+01 3.080265325961966738e+01
-6.690376201812398449e+00 8.042819121150095896e+00 -1.488480010211660487e-01 8.042819121150095896e+00 -2.774796290674200541e-02 -1.151888211074014023e+01 -1.488480010211660487e-01 -1.151888211074014023e+01 3.028515375140892374e+01
-6.942450228478191043e+00 7.879088121842587888e+00 1.490101644407508877e-02 7.879088121842587888e+00 -1.938393408770976989e-01 -1.129026772544095714e+01 1.490101644407508877e-02 -1.129026772544095714e+01 2.966116693100413215e+01
-7.219101022289954983e+00 7.713699452023765168e+00 1.940915950853408234e-01 7.713699452023765168e+00 -4.082013634105455258e-01 -1.103316663276803311e+01 1.940915950853408234e-01 -1.103316663276803311e+01 2.893213425102381819e+01
-7.520148401670375016e+00 7.548328800362675395e+00 3.878768814892435968e-01 7.548328800362675395e+00 -6.709241212957437472e-01 -1.074847974060795508e+01 3.878768814892435968e-01 -1.074847974060795508e+01 2.809967734566382447e+01
-7.845718493723569331e+00 7.384597801055166499e+00 5.954460585578590370e-01 7.384597801055166499e+00 -9.821517597945453870e-01 -1.043714399316276342e+01 5.954460585578590370e-01 -1.043714399316276342e+01 2.716568812148598511e+01
-1.336468025472747101e+01 -2.414528302652624081e+00 -3.425321984546909171e+00 -2.414528302652624081e+00 -9.681243542722041795e+00 -1.789687012723134174e+01 -3.425321984546909171e+00 -1.789687012723134174e+01 -4.995455811612053432e-01
-1.324060424518216905e+01 -2.391526167156108329e+00 -3.321665864395410672e+00 -2.391526167156108329e+00 -9.694118145631318129e+00 -1.774019554986454850e+01 -3.321665864395410672e+00 -1.774019554986454850e+01 -3.766782825576006077e-01
-1.310108970042702659e+01 -2.366710965247047938e+00 -3.201380811894519951e+00 -2.366710965247047938e+00 -9.697817533664993661e+00 -1.754819364815636717e+01 -3.201380811894519951e+00 -1.754819364815636717e+01 -2.443610620461914018e-01
-1.294723544859085251e+01 -2.340302462551206997e+00 -3.064192120012033449e+00 -2.340302462551206997e+00 -9.692213510208040006e+00 -1.732095599111753259e+01 -3.064192120012033449e+00 -1.732095599111753259e+01 -1.041322790073180155e-01
-1.278074467327331298e+01 -2.312428855683613005e+00 -2.910136416352244737e+00 -2.312428855683613005e+00 -9.677947058335599095e+00 -1.705897705140601417e+01 -2.910136416352244737e+00 -1.705897705140601417e+01 4.224994155291640630e-02
-1.260386997213847771e+01 -2.283145086050707651e+00 -2.739286956123740957e+00 -2.283145086050707651e+00 -9.655952181957163205e+00 -1.676289781209695562e+01 -2.739286956123740957e+00 -1.676289781209695562e+01 1.926978261897643596e-01
-1.241906539467403014e+01 -2.252670919278252804e+00 -2.551588797920082641e+00 -2.252670919278252804e+00 -9.627602416233749238e+00 -1.643326768725476228e+01 -2.551588797920082641e+00 -1.643326768725476228e+01 3.447206978112464237e-01
-1.222896812838912695e+01 -2.221024669168396137e+00 -2.347078569345562915e+00 -2.221024669168396137e+00 -9.594491061952140853e+00 -1.607058114953739647e+01 -2.347078569345562915e+00 -1.607058114953739647e+01 4.956264275017670529e-01
-1.203636187121009726e+01 -2.188316218534018809e+00 -2.125683015191593750e+00 -2.188316218534018809e+00 -9.558321302711997092e+00 -1.567538761300927241e+01 -2.125683015191593750e+00 -1.567538761300927241e+01 6.423749241049396819e-01
-1.184408526246971149e+01 -2.154563881177267159e+00 -1.887273938843147647e+00 -2.154563881177267159e+00 -9.521089342947332668e+00 -1.524790684329615154e+01 -1.887273938843147647e+00 -1.524790684329615154e+01 7.821092344858464607e-01
-3.925345539603259226e+01 -2.455579333691125576e+00 4.198700211726207776e+00 -2.455579333691125576e+00 -2.374914214092823528e+01 1.018427716987116050e+01 4.198700211726207776e+00 1.018427716987116050e+01 -2.301778867802178397e+01
-3.928076282184966317e+01 -2.430963129026252556e+00 4.042590565170303130e+00 -2.430963129026252556e+00 -2.368581375507403308e+01 1.015358219295341691e+01 4.042590565170303130e+00 1.015358219295341691e+01 -2.296089663925885560e+01
-3.926367450851962104e+01 -2.404653148811044083e+00 3.889190959494934763e+00 -2.404653148811044083e+00 -2.359758686862990018e+01 1.010408630742695202e+01 3.889190959494934763e+00 1.010408630742695202e+01 -2.281598473106350156e+01
-3.920158822473565863e+01 -2.376592933860489421e+00 3.738125000133362352e+00 -2.376592933860489421e+00 -2.348440502241082584e+01 1.003556367655171933e+01 3.738125000133362352e+00 1.003556367655171933e+01 -2.258393748066756146e+01
-3.909501210316289388e+01 -2.347045960371306528e+00 3.589317408172236767e+00 -2.347045960371306528e+00 -2.334715274364865323e+01 9.948014300327720605e+00 3.589317408172236767e+00 9.948014300327720605e+00 -2.226620400715299652e+01
-3.894479303157648786e+01 -2.316106326985181596e+00 3.442692904698209322e+00 -2.316106326985181596e+00 -2.318699685550028278e+01 9.841400539298282624e+00 3.442692904698209322e+00 9.841400539298282624e+00 -2.186474156226685395e+01
-3.875196609503498024e+01 -2.283943411257147282e+00 3.298270309439618408e+00 -2.283943411257147282e+00 -2.300519827976428999e+01 9.715778852648414343e+00 3.298270309439618408e+00 9.715778852648414343e+00 -2.138188379232292746e+01
-3.851777339560861435e+01 -2.250707771013901404e+00 3.155993163211451957e+00 -2.250707771013901404e+00 -2.280320613552263609e+01 9.571168060106451492e+00 3.155993163211451957e+00 9.571168060106451492e+00 -2.082017136064672869e+01
-3.824355113400932993e+01 -2.216531144353802052e+00 3.015842646285373352e+00 -2.216531144353802052e+00 -2.258243190240059661e+01 9.407681080042420874e+00 3.015842646285373352e+00 9.407681080042420874e+00 -2.018254014485883019e+01
-3.793076724904740615e+01 -2.181564089103546156e+00 2.877799938933045532e+00 -2.181564089103546156e+00 -2.234443761785015070e+01 9.225412011098001130e+00 2.877799938933045532e+00 9.225412011098001130e+00 -1.947196366203649021e+01
2.303721678512341597e+01 -4.552030450629736436e+00 -3.187129235191442422e+00 -4.552030450629736436e+00 -5.418868426980251174e-01 1.445050505701015986e+01 -3.187129235191442422e+00 1.445050505701015986e+01 3.907823477559125536e+01
2.294492108229730221e+01 -4.581571462779962189e+00 -3.050442173566611626e+00 -4.581571462779962189e+00 -5.711262349043751962e-01 1.449856908218431073e+01 -3.050442173566611626e+00 1.449856908218431073e+01 3.889440629097354218e+01
2.279058038278089526e+01 -4.602010649564983957e+00 -2.882351153079377948e+00 -4.602010649564983957e+00 -6.325502493572781049e-01 1.450635797367617030e+01 -2.882351153079377948e+00 1.450635797367617030e+01 3.856814222344770826e+01
2.257527696990221955e+01 -4.613277041586242078e+00 -2.683441671267854378e+00 -4.613277041586242078e+00 -7.265314753991692909e-01 1.447443948667421587e+01 -2.683441671267854378e+00 1.447443948667421587e+01 3.810018775169862693e+01
