2.920758426659677554e-01 -1.265806648502831964e-04 1.085610030612393251e+00 -1.265806648502831964e-04 2.102504843163204018e-01 -3.254931381864425359e-04 1.085610030612393251e+00 -3.254931381864425359e-04 -2.294545794693205187e-01
1.719688746751704689e-01 -4.842614578129406100e-02 9.263353883264939803e-01 -4.842614578129406100e-02 2.656747325686229511e-01 1.874297987390264875e-01 9.263353883264939803e-01 1.874297987390264875e-01 -3.075367667298237739e-01
6.327224947302013958e-02 -9.688845746683105720e-02 7.710389955073179147e-01 -9.688845746683105720e-02 3.305021159240894013e-01 3.726534773192337613e-01 7.710389955073179147e-01 3.726534773192337613e-01 -3.681327392888665284e-01
-3.350771028108211202e-02 -1.451156907747889746e-01 6.197389351069866326e-01 -1.451156907747889746e-01 4.042443946754401551e-01 5.553636255545568723e-01 6.197389351069866326e-01 5.553636255545568723e-01 -4.122732254173723798e-01
-1.183710045871362720e-01 -1.927461866627383780e-01 4.723628753170139860e-01 -1.927461866627383780e-01 4.857804257911439993e-01 7.355240775407527742e-01 4.723628753170139860e-01 7.355240775407527742e-01 -4.406092113917143283e-01
-1.916250436312073036e-01 -2.393459542797640727e-01 3.289469820416430768e-01 -2.393459542797640727e-01 5.737539878620908640e-01 9.131529162299429903e-01 3.289469820416430768e-01 9.131529162299429903e-01 -4.543341720519092908e-01
-2.539931454981539938e-01 -2.844990857270722207e-01 1.892742598554163214e-01 -2.844990857270722207e-01 6.665195322452268645e-01 1.088358639334856548e+00 1.892742598554163214e-01 1.088358639334856548e+00 -4.553106514664687077e-01
-3.063432918898068569e-01 -3.278800878664764329e-01 5.309154742863306936e-02 -3.278800878664764329e-01 7.622506807762839953e-01 1.261322076376707679e+00 5.309154742863306936e-02 1.261322076376707679e+00 -4.457447697942115705e-01
-3.498327917419398192e-01 -3.690730527991828991e-01 -7.983623361628576498e-02 -3.690730527991828991e-01 8.591210552909935849e-01 1.432422969350047648e+00 -7.983623361628576498e-02 1.432422969350047648e+00 -4.282404721406295467e-01
-3.855104562775982235e-01 -4.077344044348836793e-01 -2.100154059387412953e-01 -4.077344044348836793e-01 9.553223605772087623e-01 1.602004894345184338e+00 -2.100154059387412953e-01 1.602004894345184338e+00 -4.050942934251491878e-01
2.847540991693423251e+01 -1.064654341345682198e+01 1.479503635108867066e+01 -1.064654341345682198e+01 1.486749272884120110e+01 1.352332534717044332e+01 1.479503635108867066e+01 1.352332534717044332e+01 -1.751487698650752378e+01
2.867451348521485599e+01 -1.064032421133295792e+01 1.487586815863551593e+01 -1.064032421133295792e+01 1.503125911141516546e+01 1.350229767236769263e+01 1.487586815863551593e+01 1.350229767236769263e+01 -1.702762299317564754e+01
2.890104213105601616e+01 -1.062610380074601224e+01 1.493324876275827684e+01 -1.062610380074601224e+01 1.523164572426002472e+01 1.346214906954515378e+01 1.493324876275827684e+01 1.346214906954515378e+01 -1.647136971438931852e+01
2.915337422868902806e+01 -1.060390000175937963e+01 1.496671484180875566e+01 -1.060390000175937963e+01 1.546731606262136083e+01 1.340282607851264629e+01 1.496671484180875566e+01 1.340282607851264629e+01 -1.584946732206627118e+01
2.942958521126752913e+01 -1.057374845449984235e+01 1.497580307413875822e+01 -1.057374845449984235e+01 1.573663068066710125e+01 1.332406139831929259e+01 1.497580307413875822e+01 1.332406139831929259e+01 -1.516596097059651527e+01
2.972735847055055558e+01 -1.053564915896739862e+01 1.496012141835365483e+01 -1.053564915896739862e+01 1.603773629180445681e+01 1.322551644776063817e+01 1.496012141835365483e+01 1.322551644776063817e+01 -1.442628577931466793e+01
3.004394971677569615e+01 -1.048970903554240586e+01 1.491934911331239100e+01 -1.048970903554240586e+01 1.636824500753888145e+01 1.310672790518848707e+01 1.491934911331239100e+01 1.310672790518848707e+01 -1.363454036280092474e+01
3.037656119999039461e+01 -1.043599936447843213e+01 1.485311193768372640e+01 -1.043599936447843213e+01 1.672580457950260424e+01 1.296701860819394092e+01 1.485311193768372640e+01 1.296701860819394092e+01 -1.279690828305236572e+01
3.072241299030546813e+01 -1.037457360596565081e+01 1.476116041058017103e+01 -1.037457360596565081e+01 1.710799147907429685e+01 1.280580049468505344e+01 1.476116041058017103e+01 1.280580049468505344e+01 -1.191802275655095045e+01
3.107770941421838984e+01 -1.030553868038441578e+01 1.464317377086066863e+01 -1.030553868038441578e+01 1.751172283528710949e+01 1.262198654079490545e+01 1.464317377086066863e+01 1.262198654079490545e+01 -1.100317634212415285e+01
3.497162704950088852e+01 -1.364361607198978987e+01 1.717351165381643696e+01 -1.364361607198978987e+01 4.795521024793517739e+01 2.226393769525437349e+01 1.717351165381643696e+01 2.226393769525437349e+01 6.648052445708289326e+01
3.497015012011400614e+01 -1.357650165287457966e+01 1.703529854096095875e+01 -1.357650165287457966e+01 4.780190154285803317e+01 2.205632607481328122e+01 1.703529854096095875e+01 2.205632607481328122e+01 6.628115616345228034e+01
3.487591859051187271e+01 -1.349518466860883770e+01 1.686320192019495678e+01 -1.349518466860883770e+01 4.753177802743758207e+01 2.178103330653876313e+01 1.686320192019495678e+01 2.178103330653876313e+01 6.581561428183121620e+01
3.468908702307216174e+01 -1.340055814626369646e+01 1.665723896511596180e+01 -1.340055814626369646e+01 4.714705509575412634e+01 2.143953631981769092e+01 1.665723896511596180e+01 2.143953631981769092e+01 6.508747092050424499e+01
3.440986150096515672e+01 -1.329392727925081630e+01 1.641766727968679618e+01 -1.329392727925081630e+01 4.665097855773929325e+01 2.103413637671798497e+01 1.641766727968679618e+01 2.103413637671798497e+01 6.410210141549569585e+01
3.403793289943543954e+01 -1.317683769134715455e+01 1.614524250219841761e+01 -1.317683769134715455e+01 4.604674270253213564e+01 2.056809646076878906e+01 1.614524250219841761e+01 2.056809646076878906e+01 6.286671867776472311e+01
3.357721679871800546e+01 -1.305086935352472288e+01 1.584075461813683283e+01 -1.305086935352472288e+01 4.534192108663977905e+01 2.004510889543729135e+01 1.584075461813683283e+01 2.004510889543729135e+01 6.139111165789874747e+01
3.302925882258980295e+01 -1.291803157669356850e+01 1.550571490408395725e+01 -1.291803157669356850e+01 4.454238708041467021e+01 1.947003380882215851e+01 1.550571490408395725e+01 1.947003380882215851e+01 5.968900206031769784e+01
3.239788868329819849e+01 -1.278035084536126575e+01 1.514204680296223593e+01 -1.278035084536126575e+01 4.365633248987471404e+01 1.884850414091054915e+01 1.514204680296223593e+01 1.884850414091054915e+01 5.777625828913173933e+01
3.168822411290468821e+01 -1.264004255360812579e+01 1.475213744482719491e+01 -1.264004255360812579e+01 4.269351191841229110e+01 1.818685694918800522e+01 1.475213744482719491e+01 1.818685694918800522e+01 5.567208042637022203e+01
3.430810626245473571e+01 -5.510653403960044550e+00 -1.499096586357923577e+01 -5.510653403960044550e+00 2.659132914165387618e+01 1.314627508126708477e+01 -1.499096586357923577e+01 1.314627508126708477e+01 3.442908960301342347e+01
3.432423621201034081e+01 -5.492605298241071132e+00 -1.483746105715979091e+01 -5.492605298241071132e+00 2.667932019620261386e+01 1.316946733306054895e+01 -1.483746105715979091e+01 1.316946733306054895e+01 3.454025547157231557e+01
3.429063360358477297e+01 -5.463240071158218747e+00 -1.463968171893312231e+01 -5.463240071158218747e+00 2.672596626653908913e+01 1.315917904091156743e+01 -1.463968171893312231e+01 1.315917904091156743e+01 3.452030664747327648e+01
3.420604291678019138e+01 -5.423011105077375049e+00 -1.439808123126512385e+01 -5.423011105077375049e+00 2.672933175871663636e+01 1.311544508038675083e+01 -1.439808123126512385e+01 1.311544508038675083e+01 3.436558119622259966e+01
3.407009795814722963e+01 -5.372615911330676397e+00 -1.411339198105452652e+01 -5.372615911330676397e+00 2.668828321682053684e+01 1.303828288926940004e+01 -1.411339198105452652e+01 1.303828288926940004e+01 3.407559085988778236e+01
3.388248484758641155e+01 -5.312839190166770642e+00 -1.378639866854998886e+01 -5.312839190166770642e+00 2.660151280710303823e+01 1.292776221869272568e+01 -1.378639866854998886e+01 1.292776221869272568e+01 3.365012638506919274e+01
3.364278507829848053e+01 -5.244657457450647264e+00 -1.341821731188292510e+01 -5.244657457450647264e+00 2.646759063133325895e+01 1.278409232205637558e+01 -1.341821731188292510e+01 1.278409232205637558e+01 3.308911802063361307e+01
3.335064989461734797e+01 -5.169169293530417875e+00 -1.300992905361814245e+01 -5.169169293530417875e+00 2.628522629354675999e+01 1.260760451724310549e+01 -1.300992905361814245e+01 1.260760451724310549e+01 3.239178106633239906e+01
3.300583516757678382e+01 -5.087595343237317991e+00 -1.256291147863660385e+01 -5.087595343237317991e+00 2.605304220886256772e+01 1.239868243548559512e+01 -1.256291147863660385e+01 1.239868243548559512e+01 3.155924897808025520e+01
3.260861990170963054e+01 -5.001208564752491093e+00 -1.207857704738588289e+01 -5.001208564752491093e+00 2.577016648811552457e+01 1.215790152363284982e+01 -1.207857704738588289e+01 1.215790152363284982e+01 3.059162638257701516e+01
3.196513898395113173e+01 4.439408641736325656e+00 -7.599499513048726840e+00 4.439408641736325656e+00 4.020979454529312846e+01 -2.578791805479288879e+00 -7.599499513048726840e+00 -2.578791805479288879e+00 5.003804795428253271e+01
3.184406310275164742e+01 4.398750378946321149e+00 -7.443435398904100886e+00 4.398750378946321149e+00 4.027769661002064794e+01 -2.511149040897108442e+00 -7.443435398904100886e+00 -2.511149040897108442e+00 4.994820909725886793e+01
3.166422980861711167e+01 4.352335652929670395e+00 -7.261510416930457623e+00 4.352335652929670395e+00 4.026616639689099486e+01 -2.435277818369332437e+00 -7.261510416930457623e+00 -2.435277818369332437e+00 4.967030848815507937e+01
3.142567367490025276e+01 4.300648490624349840e+00 -7.054450607534763940e+00 4.300648490624349840e+00 4.017345795159219080e+01 -2.351575731452154816e+00 -7.054450607534763940e+00 -2.351575731452154816e+00 4.920363737324055364e+01
3.112903430862623821e+01 4.244207492321049102e+00 -6.823154877887544600e+00 4.244207492321049102e+00 3.999875880033548015e+01 -2.260474947054483152e+00 -6.823154877887544600e+00 -2.260474947054483152e+00 4.854893907959861821e+01
3.077462286996949459e+01 4.183548544986812168e+00 -6.568712288599246385e+00 4.183548544986812168e+00 3.974130832936118907e+01 -2.162424918761581161e+00 -6.568712288599246385e+00 -2.162424918761581161e+00 4.770821886168659631e+01
3.036271594575170596e+01 4.119293968970465514e+00 -6.292229186956673992e+00 4.119293968970465514e+00 3.940070894511311650e+01 -2.057926960187781429e+00 -6.292229186956673992e+00 -2.057926960187781429e+00 4.668375856078351660e+01
2.989326167594382255e+01 4.052066084620836506e+00 -5.994898353628409282e+00 4.052066084620836506e+00 3.897632104056609137e+01 -1.947430524918347450e+00 -5.994898353628409282e+00 -1.947430524918347450e+00 4.547737327790679984e+01
2.936752198791984014e+01 3.982452638934038891e+00 -5.677843422577613985e+00 3.982452638934038891e+00 3.846982142332666399e+01 -1.831471499920324542e+00 -5.677843422577613985e+00 -1.831471499920324542e+00 4.409258949503312408e+01
2.878592904858867030e+01 3.911162385640680750e+00 -5.342412754560077026e+00 3.911162385640680750e+00 3.788190156044909429e+01 -1.710603058837114165e+00 -5.342412754560077026e+00 -1.710603058837114165e+00 4.253462778842209246e+01
-1.335832247041069998e+01 -1.326912980648045304e+00 -1.339975962047514457e+01 -1.326912980648045304e+00 -3.691469158487892344e+01 1.773668453372879483e+01 -1.339975962047514457e+01 1.773668453372879483e+01 -4.968242621734337661e+01
-1.333152129142045439e+01 -1.315690812105331009e+00 -1.320943541414820110e+01 -1.315690812105331009e+00 -3.699352967648992774e+01 1.768709952347871806e+01 -1.320943541414820110e+01 1.768709952347871806e+01 -4.977746572538831771e+01
-1.324981636011450448e+01 -1.303431300251945535e+00 -1.299832662003290196e+01 -1.303431300251945535e+00 -3.700403513510890008e+01 1.761780499032589020e+01 -1.299832662003290196e+01 1.761780499032589020e+01 -4.969842016511518068e+01
-1.311158564877071697e+01 -1.290172166662822528e+00 -1.276611260474231457e+01 -1.290172166662822528e+00 -3.694468023695105074e+01 1.752889523820764239e+01 -1.276611260474231457e+01 1.752889523820764239e+01 -4.944528953652397263e+01
-1.291830029881149500e+01 -1.276045436850229198e+00 -1.251292539378870394e+01 -1.276045436850229198e+00 -3.681686068028891157e+01 1.742046457106131641e+01 -1.251292539378870394e+01 1.742046457106131641e+01 -4.902069548907255836e+01
-1.267092221039764333e+01 -1.261088832389098524e+00 -1.223884043032193780e+01 -1.261088832389098524e+00 -3.662170811237047729e+01 1.729268273597410754e+01 -1.223884043032193780e+01 1.729268273597410754e+01 -4.842754258403083867e+01
-1.237094138573903201e+01 -1.245302353279431395e+00 -1.194404632221668372e+01 -1.245302353279431395e+00 -3.636073139619309558e+01 1.714558745452094612e+01 -1.194404632221668372e+01 1.714558745452094612e+01 -4.766862221794387722e+01
-1.201962149759593856e+01 -1.228704860308694302e+00 -1.162903344994707666e+01 -1.228704860308694302e+00 -3.603483584955517927e+01 1.697938619536397198e+01 -1.162903344994707666e+01 1.697938619536397198e+01 -4.674853642295356337e+01
-1.161981052487583632e+01 -1.211334075051820447e+00 -1.129382067430058356e+01 -1.211334075051820447e+00 -3.564752957892552843e+01 1.679383376826611496e+01 -1.129382067430058356e+01 1.679383376826611496e+01 -4.567135912915271234e+01
-1.117420556018647559e+01 -1.193171136721343117e+00 -1.093918128756333985e+01 -1.193171136721343117e+00 -3.520118904352496259e+01 1.658925080661431295e+01 -1.093918128756333985e+01 1.658925080661431295e+01 -4.444518161436455728e+01
-2.243048740603245861e+01 -7.659403910325456089e+00 2.095423606150534912e+00 -7.659403910325456089e+00 -1.537935346854694707e+01 -1.888187570123633474e+00 2.095423606150534912e+00 -1.888187570123633474e+00 -1.247145946534703675e+01
-2.247994566686345763e+01 -7.685299159914740663e+00 2.078838800123373076e+00 -7.685299159914740663e+00 -1.538279629658383563e+01 -1.960968214430330203e+00 2.078838800123373076e+00 -1.960968214430330203e+00 -1.255429094634206777e+01
-2.249889973089450024e+01 -7.704660440165199908e+00 2.062309523580677428e+00 -7.704660440165199908e+00 -1.536256505441007647e+01 -2.026937241975871107e+00 2.062309523580677428e+00 -2.026937241975871107e+00 -1.257583638631485456e+01
-2.248690536224985692e+01 -7.717413711764212536e+00 2.045817266694291980e+00 -7.717413711764212536e+00 -1.531836358477518623e+01 -2.086242731385498761e+00 2.045817266694291980e+00 -2.086242731385498761e+00 -1.253789123859646182e+01
-2.244466593439942770e+01 -7.723410896086534194e+00 2.029084382041887569e+00 -7.723410896086534194e+00 -1.525117290857139274e+01 -2.138977231799989553e+00 2.029084382041887569e+00 -2.138977231799989553e+00 -1.244180672064222293e+01
-2.237323650754807147e+01 -7.722689012788475971e+00 2.011907261513755873e+00 -7.722689012788475971e+00 -1.516230722359772898e+01 -2.185381370985363336e+00 2.011907261513755873e+00 -2.185381370985363336e+00 -1.228947083492398384e+01
-2.227398680897927363e+01 -7.715211042213729442e+00 1.994137826484653875e+00 -7.715211042213729442e+00 -1.505337688490370418e+01 -2.225788325848415017e+00 1.994137826484653875e+00 -2.225788325848415017e+00 -1.208323432961747024e+01
-2.214832358563284131e+01 -7.700958474534138176e+00 1.975535449188562831e+00 -7.700958474534138176e+00 -1.492610330650775907e+01 -2.260623822436716779e+00 1.975535449188562831e+00 -2.260623822436716779e+00 -1.182550348238287086e+01
-2.199780166307382601e+01 -7.679949819577855052e+00 1.955859501859463334e+00 -7.679949819577855052e+00 -1.478226343191281167e+01 -2.290387626110462538e+00 1.955859501859463334e+00 -2.290387626110462538e+00 -1.151886966916192989e+01
-2.182416096514882042e+01 -7.652240606829349368e+00 1.934869356731336865e+00 -7.652240606829349368e+00 -1.462374526359069726e+01 -2.315542482573535121e+00 1.934869356731336865e+00 -2.315542482573535121e+00 -1.116594277572454885e+01
-3.728165147698580739e+01 -1.009573323158700076e+00 1.881638842902883368e+01 -1.009573323158700076e+00 -3.949865162447954248e+01 -7.755682490715741118e+00 1.881638842902883368e+01 -7.755682490715741118e+00 -2.768854895724855325e+01
-3.728748298858921117e+01 -1.006382137655855935e+00 1.881760411874420313e+01 -1.006382137655855935e+00 -3.939347546894830288e+01 -7.686711094520341625e+00 1.881760411874420313e+01 -7.686711094520341625e+00 -2.753896213680273419e+01
-3.725055641348487256e+01 -1.002925020027774838e+00 1.879232157169488460e+01 -1.002925020027774838e+00 -3.924138128846453100e+01 -7.604860985402751794e+00 1.879232157169488460e+01 -7.604860985402751794e+00 -2.727430268673650460e+01
-3.717102371288720519e+01 -9.988980478456143119e-01 1.874069274909529881e+01 -9.988980478456143119e-01 -3.904263501515347201e+01 -7.509999197300349927e+00 1.874069274909529881e+01 -7.509999197300349927e+00 -2.689800872952613631e+01
-3.705004359105617340e+01 -9.939783035287297341e-01 1.866262267518643370e+01 -9.939783035287297341e-01 -3.879864229024852307e+01 -7.401897788391504918e+00 1.866262267518643370e+01 -7.401897788391504918e+00 -2.641325245552267376e+01
-3.688909766983237404e+01 -9.878808598000812236e-01 1.855822532087910659e+01 -9.878808598000812236e-01 -3.851097971134928599e+01 -7.280613744131626319e+00 1.855822532087910659e+01 -7.280613744131626319e+00 -2.582311107931814576e+01
-3.668985752257444943e+01 -9.802827990790238255e-01 1.842734872495889320e+01 -9.802827990790238255e-01 -3.818158478393964828e+01 -7.145976108154489914e+00 1.842734872495889320e+01 -7.145976108154489914e+00 -2.513096573793341904e+01
-3.645397572748921533e+01 -9.710131649993337666e-01 1.827023982439922989e+01 -9.710131649993337666e-01 -3.781226204744084640e+01 -6.998174831978120736e+00 1.827023982439922989e+01 -6.998174831978120736e+00 -2.434175517083718532e+01
-3.618407361552545609e+01 -9.597680351321687953e-01 1.808629077434243015e+01 -9.597680351321687953e-01 -3.740591776007870095e+01 -6.836981973780887678e+00 1.808629077434243015e+01 -6.836981973780887678e+00 -2.345737889320971092e+01
-3.588235462429226885e+01 -9.463384628076997318e-01 1.787544458933308533e+01 -9.463384628076997318e-01 -3.696504028673933817e+01 -6.662435523866395926e+00 1.787544458933308533e+01 -6.662435523866395926e+00 -2.248429525666388784e+01
-1.843347660814567135e+01 -4.554622121739916984e+00 7.915701977965897695e-01 -4.554622121739916984e+00 1.522558754712358287e+01 -1.199463303217081744e+01 7.915701977965897695e-01 -1.199463303217081744e+01 1.090380892149482506e+01
-1.844415003388614238e+01 -4.524338537520347536e+00 7.723942125679494897e-01 -4.524338537520347536e+00 1.547867437103742816e+01 -1.210001049816782626e+01 7.723942125679494897e-01 -1.210001049816782626e+01 1.119508490089702946e+01
-1.843644345869047996e+01 -4.490889106682842247e+00 7.521147036610572600e-01 -4.490889106682842247e+00 1.570017509098032882e+01 -1.217591845478987977e+01 7.521147036610572600e-01 -1.217591845478987977e+01 1.145493759129720779e+01
-1.841100814243437611e+01 -4.454436644196322348e+00 7.308944860448354230e-01 -4.454436644196322348e+00 1.588773793517895072e+01 -1.222170564216128241e+01 7.308944860448354230e-01 -1.222170564216128241e+01 1.168000215000429698e+01
-1.836826016781619231e+01 -4.415180146133917738e+00 7.089687368966165470e-01 -4.415180146133917738e+00 1.603930058069362019e+01 -1.223668461930214590e+01 7.089687368966165470e-01 -1.223668461930214590e+01 1.186776399027604967e+01
-1.830917642464945772e+01 -4.373336699120855542e+00 6.866992672584503188e-01 -4.373336699120855542e+00 1.615278261403254589e+01 -1.222025839799308322e+01 6.866992672584503188e-01 -1.222025839799308322e+01 1.201532862377606747e+01
-1.823516797599816641e+01 -4.329141480334471659e+00 6.644659787244890925e-01 -4.329141480334471659e+00 1.622619407446445194e+01 -1.217199280498363834e+01 6.644659787244890925e-01 -1.217199280498363834e+01 1.211953020388641455e+01
-1.814773633768682970e+01 -4.282775395295787213e+00 6.427573162015000063e-01 -4.282775395295787213e+00 1.625767163512278657e+01 -1.209156221033596346e+01 6.427573162015000063e-01 -1.209156221033596346e+01 1.217743806116648742e+01
-1.804890765155091970e+01 -4.234473621182136327e+00 6.220255434920454185e-01 -4.234473621182136327e+00 1.624549669355781134e+01 -1.197867716521642123e+01 6.220255434920454185e-01 -1.197867716521642123e+01 1.218583207734204343e+01
-1.794049097280069205e+01 -4.184471335170852235e+00 6.028495582634051386e-01 -4.184471335170852235e+00 1.618822200560132529e+01 -1.183312058299977920e+01 6.028495582634051386e-01 -1.183312058299977920e+01 1.214205294125401657e+01
-4.267116217180544879e+01 -1.199779161012570761e+00 -1.545397016471899576e+01 -1.199779161012570761e+00 -2.556848532624576720e+01 6.553108513956985570e-01 -1.545397016471899576e+01 6.553108513956985570e-01 -4.898052747962208286e+01
-4.262575174861103733e+01 -1.227775276904853330e+00 -1.552621574998555154e+01 -1.227775276904853330e+00 -2.550923861735883946e+01 4.758388100196113135e-01 -1.552621574998555154e+01 4.758388100196113135e-01 -4.881997327590536173e+01
-4.251648886530879423e+01 -1.253563677335881810e+00 -1.558059025923385299e+01 -1.253563677335881810e+00 -2.539306710722526006e+01 2.980986833588181173e-01 -1.558059025923385299e+01 2.980986833588181173e-01 -4.849054787143253975e+01
-4.234405867497292064e+01 -1.276763721708888077e+00 -1.561705562840422168e+01 -1.276763721708888077e+00 -2.522073207703857278e+01 1.219382151746120080e-01 -1.561705562840422168e+01 1.219382151746120080e-01 -4.799487768632131690e+01
-4.210918439473725527e+01 -1.297070897546458212e+00 -1.563549766531763119e+01 -1.297070897546458212e+00 -2.499314706423101384e+01 -5.233808205559279531e-02 -1.563549766531763119e+01 -5.233808205559279531e-02 -4.733526559618213980e+01
-4.181218956910906570e+01 -1.314256820490530941e+00 -1.563564992155633604e+01 -1.314256820490530941e+00 -2.471080690157839044e+01 -2.245779520930890616e-01 -1.563564992155633604e+01 -2.245779520930890616e-01 -4.651473769375931511e+01
-4.145583384241490421e+01 -1.327921817914500258e+00 -1.561703659637438335e+01 -1.327921817914500258e+00 -2.437654736152661883e+01 -3.948575230572304307e-01 -1.561703659637438335e+01 -3.948575230572304307e-01 -4.553592039917054279e+01
-4.104131623253461925e+01 -1.337856537490143660e+00 -1.557937220932419464e+01 -1.337856537490143660e+00 -2.399198616661195871e+01 -5.629103465302792708e-01 -1.557937220932419464e+01 -5.629103465302792708e-01 -4.440520847444151542e+01
-4.057052091042218223e+01 -1.343775498769885335e+00 -1.552219999168965003e+01 -1.343775498769885335e+00 -2.355919780808680386e+01 -7.287744865719124610e-01 -1.552219999168965003e+01 -7.287744865719124610e-01 -4.312812120822537310e+01
-4.004634074461304039e+01 -1.345545477544856316e+00 -1.544517736693365784e+01 -1.345545477544856316e+00 -2.308128450681480359e+01 -8.923738150627763543e-01 -1.544517736693365784e+01 -8.923738150627763543e-01 -4.171189077186070904e+01
6.649184467111226571e-01 -8.436218401264314437e+00 7.951185208019952100e+00 -8.436218401264314437e+00 4.550649869167374462e+00 -1.689918701931340195e+01 7.951185208019952100e+00 -1.689918701931340195e+01 -1.009739238445575005e+01
8.818522074569312696e-01 -8.537536204756307257e+00 8.021698634673187556e+00 -8.537536204756307257e+00 4.599788460893126540e+00 -1.672114785658551028e+01 8.021698634673187556e+00 -1.672114785658551028e+01 -9.746689440857256415e+00
1.122459367089400750e+00 -8.628338530608278489e+00 8.076990862195167153e+00 -8.628338530608278489e+00 4.668148115017682009e+00 -1.651342645060522685e+01 8.076990862195167153e+00 -1.651342645060522685e+01 -9.350340998793811309e+00
1.385038626300162612e+00 -8.708064312027040899e+00 8.116736109867266791e+00 -8.708064312027040899e+00 4.755620237968165576e+00 -1.627580561422680816e+01 8.116736109867266791e+00 -1.627580561422680816e+01 -8.911948745099085301e+00
1.667327618987662685e+00 -8.776134383290596475e+00 8.140590498042051593e+00 -8.776134383290596475e+00 4.861734257595453634e+00 -1.600826724852144167e+01 8.140590498042051593e+00 -1.600826724852144167e+01 -8.434806684816942735e+00
1.966720099402910815e+00 -8.832023875463386631e+00 8.148373037431397847e+00 -8.832023875463386631e+00 4.985603326387737511e+00 -1.571081135348912383e+01 8.148373037431397847e+00 -1.571081135348912383e+01 -7.922968978001369678e+00
2.280175447505418784e+00 -8.875334612111535293e+00 8.139993233391241034e+00 -8.875334612111535293e+00 5.125851925755271488e+00 -1.538343792912985464e+01 8.139993233391241034e+00 -1.538343792912985464e+01 -7.379566739336915759e+00
2.605015021830946242e+00 -8.905722713587609363e+00 8.115396789135145283e+00 -8.905722713587609363e+00 5.281701801759123072e+00 -1.502602028294195335e+01 8.115396789135145283e+00 -1.502602028294195335e+01 -6.809323789243624248e+00
2.937962916264443614e+00 -8.922952893817045705e+00 8.074583704663112371e+00 -8.922952893817045705e+00 5.451252566873984406e+00 -1.463848601921015913e+01 8.074583704663112371e+00 -1.463848601921015913e+01 -6.215751319911108297e+00
3.276449082914544508e+00 -8.926880361369342154e+00 8.017626375690388940e+00 -8.926880361369342154e+00 5.633635472516861142e+00 -1.422049125828704597e+01 8.017626375690388940e+00 -1.422049125828704597e+01 -5.603084480681475910e+00
1.557059141874820440e+01 2.170199439265012575e+00 2.146797987478982961e+01 2.170199439265012575e+00 3.979869392396973637e+01 -8.193551566000911279e+00 2.146797987478982961e+01 -8.193551566000911279e+00 6.027565988037736844e+01
1.564813829264379130e+01 2.155973526987239097e+00 2.158860448060723414e+01 2.155973526987239097e+00 3.952452337744271915e+01 -8.336280248230355738e+00 2.158860448060723414e+01 -8.336280248230355738e+00 6.004129754070099523e+01
1.565634688750333581e+01 2.141625877073836559e+00 2.165710798728467879e+01 2.141625877073836559e+00 3.914503238500593341e+01 -8.452765774436377555e+00 2.165710798728467879e+01 -8.452765774436377555e+00 5.958076406511699474e+01
1.559349548533723251e+01 2.127260836069630567e+00 2.167309039973367035e+01 2.127260836069630567e+00 3.866322960536848541e+01 -8.543112491163800115e+00 2.167309039973367035e+01 -8.543112491163800115e+00 5.889550291416209404e+01
1.545834931869838691e+01 2.113052314882660987e+00 2.163630824268294717e+01 2.113052314882660987e+00 3.808327150923255999e+01 -8.607407353866646460e+00 2.163630824268294717e+01 -8.607407353866646460e+00 5.798968794962929962e+01
1.524946492705005419e+01 2.099191615511774245e+00 2.154688325376814007e+01 2.099191615511774245e+00 3.740952326038999587e+01 -8.645928619997780729e+00 2.154688325376814007e+01 -8.645928619997780729e+00 5.686831041457939762e+01
1.496595536476122668e+01 2.085783084501795059e+00 2.140535455680418053e+01 2.085783084501795059e+00 3.664734131480846457e+01 -8.659006720282480529e+00 2.140535455680418053e+01 -8.659006720282480529e+00 5.553768327497427038e+01
1.460762932983305973e+01 2.073018023851567637e+00 2.121273083505770174e+01 2.073018023851567637e+00 3.580303863844985557e+01 -8.647163387444873450e+00 2.121273083505770174e+01 -8.647163387444873450e+00 5.400584121476543231e+01
1.417434769353911506e+01 2.061035562287526712e+00 2.097057728670108290e+01 2.061035562287526712e+00 3.488317167254733420e+01 -8.611059482935511156e+00 2.097057728670108290e+01 -8.611059482935511156e+00 5.228330584388936586e+01
1.366743217878051198e+01 2.049922655263691329e+00 2.068091127826759390e+01 2.049922655263691329e+00 3.389596640305123998e+01 -8.551494996931387149e+00 2.068091127826759390e+01 -8.551494996931387149e+00 5.038136398027796048e+01
-3.263644481044721601e+01 9.026414890573114747e+00 1.827640530924564999e+01 9.026414890573114747e+00 -3.511799124967110686e+01 -3.375034861591252433e+00 1.827640530924564999e+01 -3.375034861591252433e+00 -3.174174531454634973e+01
-3.272186334060725699e+01 9.006167254934824840e+00 1.816171286101792504e+01 9.006167254934824840e+00 -3.507127030351135488e+01 -3.406882310917644929e+00 1.816171286101792504e+01 -3.406882310917644929e+00 -3.182078678563151897e+01
-3.276601075550831155e+01 8.980261635132192666e+00 1.802436955310885836e+01 8.980261635132192666e+00 -3.497673087580211160e+01 -3.438426991860660920e+00 1.802436955310885836e+01 -3.438426991860660920e+00 -3.177962920851631168e+01
-3.276608644760415956e+01 8.948773723261060908e+00 1.786447000063825996e+01 8.948773723261060908e+00 -3.483185620435655494e+01 -3.469271520917120100e+00 1.786447000063825996e+01 -3.469271520917120100e+00 -3.161677766430779357e+01
-3.272262026156570158e+01 8.911930595608959393e+00 1.768243051013327261e+01 8.911930595608959393e+00 -3.463751674827690863e+01 -3.498942822487995485e+00 1.768243051013327261e+01 -3.498942822487995485e+00 -3.133310261210817416e+01
-3.263716388535774371e+01 8.869826867295694584e+00 1.747864846509707348e+01 8.869826867295694584e+00 -3.439598327043848514e+01 -3.526911051902379413e+00 1.747864846509707348e+01 -3.526911051902379413e+00 -3.093255896392532023e+01
-3.251070131622626036e+01 8.822613922512955398e+00 1.725325632669739306e+01 8.822613922512955398e+00 -3.410876961275815944e+01 -3.552684210537285558e+00 1.725325632669739306e+01 -3.552684210537285558e+00 -3.041734179053868914e+01
-3.234465178096832716e+01 8.770329607308664066e+00 1.700644332517384072e+01 8.770329607308664066e+00 -3.377780592367996348e+01 -3.575694607673882697e+00 1.700644332517384072e+01 -3.575694607673882697e+00 -2.978998677715907561e+01
-3.214011281497369765e+01 8.713030690754703045e+00 1.673811484540661354e+01 8.713030690754703045e+00 -3.340490881350415009e+01 -3.595355629569380262e+00 1.673811484540661354e+01 -3.595355629569380262e+00 -2.905380545297964900e+01
-3.189876856737486932e+01 8.650698249827110331e+00 1.644821411832382196e+01 8.650698249827110331e+00 -3.299234904510604593e+01 -3.611080662480985914e+00 1.644821411832382196e+01 -3.611080662480985914e+00 -2.821227965440923313e+01
-1.383796757968372937e+01 3.696404884760191578e+00 2.460158897129679278e+00 3.696404884760191578e+00 -4.644546539866559520e+00 -1.623276116271727787e+01 2.460158897129679278e+00 -1.623276116271727787e+01 2.926646695320046376e+01
-1.382976971010230471e+01 3.612612500985463715e+00 2.227662237474218099e+00 3.612612500985463715e+00 -4.564399668892421325e+00 -1.618087155016760548e+01 2.227662237474218099e+00 -1.618087155016760548e+01 2.935918268174081547e+01
-1.384099643857775064e+01 3.523125137014791797e+00 1.997541509047001229e+00 3.523125137014791797e+00 -4.520036861378788018e+00 -1.608744848332266386e+01 1.997541509047001229e+00 -1.608744848332266386e+01 2.936320906901310224e+01
-1.387139384879559501e+01 3.428668268032371458e+00 1.769724164329609550e+00 3.428668268032371458e+00 -4.511766444278944910e+00 -1.595269146785811287e+01 1.769724164329609550e+00 -1.595269146785811287e+01 2.927738535472262527e+01
-1.392165114218082778e+01 3.330185011777659909e+00 1.544427845877301531e+00 3.330185011777659909e+00 -4.540477124693532041e+00 -1.577699951512526155e+01 1.544427845877301531e+00 -1.577699951512526155e+01 2.910149389631412120e+01
-1.399274771023211095e+01 3.228545938471691912e+00 1.321797648726916741e+00 3.228545938471691912e+00 -4.607420347315289710e+00 -1.556086232087343646e+01 1.321797648726916741e+00 -1.556086232087343646e+01 2.883464598668694023e+01
-1.408571735508692591e+01 3.124694165853923344e+00 1.101942394156084415e+00 3.124694165853923344e+00 -4.713539229883672022e+00 -1.530502349716644517e+01 1.101942394156084415e+00 -1.530502349716644517e+01 2.847611615065689605e+01
-1.420204730087287892e+01 3.019572811663810974e+00 8.849164928036195032e-01 3.019572811663810974e+00 -4.860302859646679963e+00 -1.501020851918848109e+01 8.849164928036195032e-01 -1.501020851918848109e+01 2.802521518679899160e+01
-1.434318849795836215e+01 2.914197541159230020e+00 6.707562184287318985e-01 2.914197541159230020e+00 -5.048726901862186978e+00 -1.467732423091979044e+01 6.707562184287318985e-01 -1.467732423091979044e+01 2.748136271496588279e+01
-1.451082767614663283e+01 2.809565882718450425e+00 4.594978447906315489e-01 2.809565882718450425e+00 -5.280117211861747428e+00 -1.430725933946101591e+01 4.594978447906315489e-01 -1.430725933946101591e+01 2.684435922948190267e+01
1.379344176824514179e+01 -9.767979064284396884e+00 -8.046270949422781982e+00 -9.767979064284396884e+00 -2.784232684184421913e+01 1.596429592969739808e+01 -8.046270949422781982e+00 1.596429592969739808e+01 -2.806897873395516996e+01
1.385023352075703329e+01 -9.755781807428103747e+00 -8.146111843780420969e+00 -9.755781807428103747e+00 -2.775595260211525428e+01 1.575068755962432832e+01 -8.146111843780420969e+00 1.575068755962432832e+01 -2.788489765989168134e+01
1.393405056787208807e+01 -9.732067985274611033e+00 -8.226727800860791362e+00 -9.732067985274611033e+00 -2.761652121491485445e+01 1.551491072120761672e+01 -8.226727800860791362e+00 1.551491072120761672e+01 -2.760136202992302046e+01
1.404428580630786705e+01 -9.696911186100583890e+00 -8.288247600148048733e+00 -9.696911186100583890e+00 -2.742463978352547471e+01 1.525656067892563250e+01 -8.288247600148048733e+00 1.525656067892563250e+01 -2.722076346304061190e+01
1.417994579432946800e+01 -9.650421792321008496e+00 -8.330524065088873442e+00 -9.650421792321008496e+00 -2.718150411744282380e+01 1.497549025622505958e+01 -8.330524065088873442e+00 1.497549025622505958e+01 -2.674532800461340187e+01
1.433968754588785721e+01 -9.592728583420040422e+00 -8.353593989821595400e+00 -9.592728583420040422e+00 -2.688869636461507540e+01 1.467149708534508612e+01 -8.353593989821595400e+00 1.467149708534508612e+01 -2.617816475933025444e+01
1.452189211889652753e+01 -9.524052324227657351e+00 -8.357549359692036717e+00 -9.524052324227657351e+00 -2.654801943782038975e+01 1.434447078387071883e+01 -8.357549359692036717e+00 1.434447078387071883e+01 -2.552273237619415625e+01
1.472470140936983007e+01 -9.444687367850495008e+00 -8.342463762976860764e+00 -9.444687367850495008e+00 -2.616182816191186689e+01 1.399435616059446552e+01 -8.342463762976860764e+00 1.399435616059446552e+01 -2.478272866610724634e+01
1.494655166642875166e+01 -9.354909670326028603e+00 -8.308723538128527153e+00 -9.354909670326028603e+00 -2.573236697932761885e+01 1.362137398034630387e+01 -8.308723538128527153e+00 1.362137398034630387e+01 -2.396335999964317409e+01
1.518457294728357532e+01 -9.255289540798369075e+00 -8.256291891008704198e+00 -9.255289540798369075e+00 -2.526302095079397603e+01 1.322473316915214703e+01 -8.256291891008704198e+00 1.322473316915214703e+01 -2.306786426097495735e+01
-3.769900954704830109e+00 3.018794001246542180e+00 1.014889284758524468e+01 3.018794001246542180e+00 -1.188129685602698515e+01 5.056861180300689096e-01 1.014889284758524468e+01 5.056861180300689096e-01 -3.185305655156250637e+01
-3.705758963014064822e+00 3.049273863658816364e+00 1.017105834801179221e+01 3.049273863658816364e+00 -1.191536366664106517e+01 4.118368373858794507e-01 1.017105834801179221e+01 4.118368373858794507e-01 -3.181494292759253995e+01
-3.598371252233825590e+00 3.079330650129338487e+00 1.017784595768597988e+01 3.079330650129338487e+00 -1.189866136424496190e+01 3.181898974094842236e-01 1.017784595768597988e+01 3.181898974094842236e-01 -3.165216905765517552e+01
-3.448032136062724184e+00 3.108835598414967816e+00 1.016931086042629673e+01 3.108835598414967816e+00 -1.183111637041402098e+01 2.245429574330890243e-01 1.016931086042629673e+01 2.245429574330890243e-01 -3.136734697582557274e+01
-3.255808501658220333e+00 3.137567973241746522e+00 1.014539787241425373e+01 3.137567973241746522e+00 -1.171357483703174474e+01 1.308040444258782853e-01 1.014539787241425373e+01 1.308040444258782853e-01 -3.096262885102482088e+01
-3.023024760664057453e+00 3.165343828548043525e+00 1.010610699364985088e+01 3.165343828548043525e+00 -1.154706686204326971e+01 3.686279075087330048e-02 1.010610699364985088e+01 3.686279075087330048e-02 -3.044057153350957989e+01
-2.751005324723980294e+00 3.191832061422922084e+00 1.005141982952692281e+01 3.191832061422922084e+00 -1.133271451642454331e+01 -5.744635504739387805e-02 1.005141982952692281e+01 -5.744635504739387805e-02 -2.980402618723514507e+01
-2.441516076029647486e+00 3.216811936592426147e+00 9.981281196226982289e+00 3.216811936592426147e+00 -1.107206294709326855e+01 -1.523257336367174752e-01 9.981281196226982289e+00 -1.523257336367174752e-01 -2.905676370646494888e+01
-2.096230923741901897e+00 3.239933956539455817e+00 9.895635909931540297e+00 3.239933956539455817e+00 -1.076663890636098309e+01 -2.480144748972179514e-01 9.895635909931540297e+00 -2.480144748972179514e-01 -2.820275732613021802e+01
-1.716989328477053878e+00 3.260830229140749381e+00 9.794410392215944228e+00 3.260830229140749381e+00 -1.041824506563167141e+01 -3.447884979213419188e-01 9.794410392215944228e+00 -3.447884979213419188e-01 -2.724522610230950548e+01
-1.015326547681249458e+01 1.418392518769509181e+01 1.692763969546240688e+01 1.418392518769509181e+01 3.881354014554113263e+01 -9.217439944076936342e+00 1.692763969546240688e+01 -9.217439944076936342e+00 1.413350782127605498e+01
-1.012555911798419750e+01 1.416538886649573747e+01 1.680209581453856416e+01 1.416538886649573747e+01 3.867802340268231376e+01 -9.350601735638049306e+00 1.680209581453856416e+01 -9.350601735638049306e+00 1.397524438974622640e+01
-1.007380371105510086e+01 1.413819988333133004e+01 1.665685597730664824e+01 1.413819988333133004e+01 3.849285643663022682e+01 -9.459803681799032304e+00 1.665685597730664824e+01 -9.459803681799032304e+00 1.376595701343279821e+01
-1.000140679919081776e+01 1.410298265710656551e+01 1.649188450268638562e+01 1.410298265710656551e+01 3.825780732036312770e+01 -9.545688042004712770e+00 1.649188450268638562e+01 -9.545688042004712770e+00 1.350250575727216606e+01
-9.910491406667315317e+00 1.406039728780640807e+01 1.630686026095537144e+01 1.406039728780640807e+01 3.797417841331078847e+01 -9.608861394619653495e+00 1.630686026095537144e+01 -9.608861394619653495e+00 1.318501550504526598e+01
-9.802770225337463117e+00 1.401108603487568516e+01 1.610146212239118313e+01 1.401108603487568516e+01 3.764382513164719057e+01 -9.649805434227470613e+00 1.610146212239118313e+01 -9.649805434227470613e+00 1.281634074317356031e+01
-9.681133422702995261e+00 1.395570899829935918e+01 1.587501214646872505e+01 1.395570899829935918e+01 3.726867425370679854e+01 -9.669251622973668248e+00 1.587501214646872505e+01 -9.669251622973668248e+00 1.239689180408013236e+01
-9.549202628411135763e+00 1.389515820508413491e+01 1.562695727644384291e+01 1.389515820508413491e+01 3.684992109567859586e+01 -9.667824379762937070e+00 1.562695727644384291e+01 -9.667824379762937070e+00 1.192743583099075089e+01
-9.409279272139189132e+00 1.383027216061632103e+01 1.535626276098875564e+01 1.383027216061632103e+01 3.639077695478674457e+01 -9.646273007280914413e+00 1.535626276098875564e+01 -9.646273007280914413e+00 1.141059538330513234e+01
-9.266501429445781923e+00 1.376178232704141280e+01 1.506232202173890222e+01 1.376178232704141280e+01 3.589181272831552150e+01 -9.605204083892155964e+00 1.506232202173890222e+01 -9.605204083892155964e+00 1.084471129079080143e+01
5.866541120137762633e+00 1.814167452876546571e+00 -1.747732846383992822e+01 1.814167452876546571e+00 1.115510875301261073e+01 1.367876007395303084e+01 -1.747732846383992822e+01 1.367876007395303084e+01 -2.364834195502690051e+01
5.896265574166008605e+00 1.974932478705913708e+00 -1.741238640440070995e+01 1.974932478705913708e+00 1.114316476267056188e+01 1.363844684785149930e+01 -1.741238640440070995e+01 1.363844684785149930e+01 -2.363292860591681332e+01
5.966700784987956752e+00 2.135408391304611353e+00 -1.731907510920200366e+01 2.135408391304611353e+00 1.117032333677661349e+01 1.357574541594997086e+01 -1.731907510920200366e+01 1.357574541594997086e+01 -2.352321013487759771e+01
6.077413082757601615e+00 2.294384529019208419e+00 -1.719768369147449505e+01 2.294384529019208419e+00 1.123573520521567204e+01 1.349130628301744927e+01 -1.719768369147449505e+01 1.349130628301744927e+01 -2.332070438637026655e+01
