-2.042779332959204552e+00 -6.368117051923944949e-01 -1.533647750093751316e+00 -6.368117051923946059e-01 -1.306581225982256012e+00 2.656234681796170616e+00 -1.533647750093751316e+00 2.656234681796170616e+00 -2.209375090925848883e-01
-2.108916116635878524e+00 -6.342424849777134055e-01 -1.565557728198393672e+00 -6.342424849777135165e-01 -1.345488311213653976e+00 2.592827649976408910e+00 -1.565557728198393672e+00 2.592827649976408910e+00 -3.708994310851210230e-01
-2.161199156872604554e+00 -6.309307393669049135e-01 -1.601951650912788461e+00 -6.309307393669050246e-01 -1.372607513768345777e+00 2.534890919232080098e+00 -1.601951650912788461e+00 2.534890919232080098e+00 -5.035198019874795872e-01
-2.199391601784279615e+00 -6.269276454113440478e-01 -1.642556025237700501e+00 -6.269276454113440478e-01 -1.387886358297395484e+00 2.482391870673831047e+00 -1.642556025237700501e+00 2.482391870673831047e+00 -6.178763912411633363e-01
-2.224325267168771880e+00 -6.222018825191998337e-01 -1.687243146149575823e+00 -6.222018825192001668e-01 -1.392120494694401245e+00 2.435298534561066486e+00 -1.687243146149575823e+00 2.435298534561066486e+00 -7.148371805482872654e-01
-2.237150518567992741e+00 -6.167546620185822004e-01 -1.735706426549893822e+00 -6.167546620185824224e-01 -1.386419926433376082e+00 2.393454783144530307e+00 -1.735706426549893822e+00 2.393454783144530307e+00 -7.959573037918079574e-01
-2.239182890749197519e+00 -6.106407949451956307e-01 -1.787598917272236410e+00 -6.106407949451956307e-01 -1.372163478614048193e+00 2.356702066018760533e+00 -1.787598917272236410e+00 2.356702066018760533e+00 -8.632982175142490666e-01
-2.232370172655336660e+00 -6.038729567594360859e-01 -1.842612257710635637e+00 -6.038729567594360859e-01 -1.351146533383839277e+00 2.324778829526721768e+00 -1.842612257710635637e+00 2.324778829526721768e+00 -9.196627792953580016e-01
-2.218436863558360894e+00 -5.964758492332866702e-01 -1.900415808143351093e+00 -5.964758492332866702e-01 -1.325080352375004322e+00 2.297389776763336222e+00 -1.900415808143351093e+00 2.297389776763336222e+00 -9.676006853850978029e-01
-2.199202073654486611e+00 -5.885392379786121841e-01 -1.960703630620620030e+00 -5.885392379786120731e-01 -1.295762415816806179e+00 2.274232992003667686e+00 -1.960703630620620030e+00 2.274232992003667686e+00 -1.009806295650451657e+00
3.677349821609796265e+01 -8.862017281394127366e+00 1.346598983969588303e+01 -8.862017281394127366e+00 6.042553086103514204e+01 -2.346097641056770300e+01 1.346598983969588303e+01 -2.346097641056770300e+01 4.153229102523933847e+01
3.671148453242831522e+01 -8.893220964896686453e+00 1.352629185668958200e+01 -8.893220964896686453e+00 6.042376784435891324e+01 -2.354077431100046525e+01 1.352629185668958200e+01 -2.354077431100046525e+01 4.146476577487313619e+01
3.659913073181898824e+01 -8.913487098339928139e+00 1.354096084010246948e+01 -8.913487098339928139e+00 6.033765389389188982e+01 -2.354079142766722654e+01 1.354096084010246948e+01 -2.354079142766722654e+01 4.121089137349631670e+01
3.643790884761131821e+01 -8.922404881721623937e+00 1.351009948993509902e+01 -8.922404881721623937e+00 6.016876374297596186e+01 -2.346125027723585532e+01 1.351009948993509902e+01 -2.346125027723585532e+01 4.077434790446216795e+01
3.622718556313517979e+01 -8.919991431708535146e+00 1.343416995618998300e+01 -8.919991431708535146e+00 5.991725144161195260e+01 -2.330283552637673239e+01 1.343416995618998300e+01 -2.330283552637673239e+01 4.015564886777348619e+01
3.596747437839336925e+01 -8.906280981634180804e+00 1.331395960553805402e+01 -8.906280981634180804e+00 5.958462325647469271e+01 -2.306674534176303126e+01 1.331395960553805402e+01 -2.306674534176303126e+01 3.936066528012877086e+01
3.565478711003092371e+01 -8.881701448167547142e+00 1.315073507131951480e+01 -8.881701448167547142e+00 5.916949273755668770e+01 -2.275511930673967242e+01 1.315073507131951480e+01 -2.275511930673967242e+01 3.838099285814911354e+01
3.529051020805536609e+01 -8.846697864644381681e+00 1.294581433687484839e+01 -8.846697864644381681e+00 5.867487241820757760e+01 -2.237011412131836963e+01 1.294581433687484839e+01 -2.237011412131836963e+01 3.722477913521202453e+01
3.487288065579046759e+01 -8.801852197734506333e+00 1.270114870221463832e+01 -8.801852197734506333e+00 5.810196046510053947e+01 -2.191494771884989490e+01 1.270114870221463832e+01 -2.191494771884989490e+01 3.589527627800182330e+01
3.440378128657976475e+01 -8.748054514109414370e+00 1.241865523401594196e+01 -8.748054514109414370e+00 5.745529279492684083e+01 -2.139268398268420057e+01 1.241865523401594196e+01 -2.139268398268420057e+01 3.439861205321839321e+01
-1.442213123037764611e+01 6.912812658132975407e+00 3.974352798216549409e+00 6.912812658132975407e+00 3.204533922145487157e+00 -2.244885950196893276e+01 3.974352798216549409e+00 -2.244885950196893276e+01 -5.301174969983163621e+00
-1.429256045850230272e+01 6.860318390914835973e+00 3.912451412748227941e+00 6.860318390914835973e+00 3.020503759703804025e+00 -2.252921121220647649e+01 3.912451412748227941e+00 -2.252921121220647649e+01 -5.378779146650533249e+00
-1.413959016231412313e+01 6.804421549010460701e+00 3.843945029359564725e+00 6.804421549010460701e+00 2.840676777756883542e+00 -2.255836054187145123e+01 3.843945029359564725e+00 -2.255836054187145123e+01 -5.433420493082446789e+00
-1.396465779315114908e+01 6.745467848564439706e+00 3.768305976040396299e+00 6.745467848564439706e+00 2.666235689430957567e+00 -2.253725366146485243e+01 3.768305976040396299e+00 -2.253725366146485243e+01 -5.466773003242185958e+00
-1.376974666994813212e+01 6.683948570413823731e+00 3.685061167540228055e+00 6.683948570413823731e+00 2.498090274053896831e+00 -2.246690952383389117e+01 3.685061167540228055e+00 -2.246690952383389117e+01 -5.478909459475981514e+00
-1.355684011163983271e+01 6.620154843943531375e+00 3.593664736262338177e+00 6.620154843943531375e+00 2.337095724193899215e+00 -2.234827429947955224e+01 3.593664736262338177e+00 -2.234827429947955224e+01 -5.470539489659571153e+00
-1.332826715330560141e+01 6.554468776471267688e+00 3.493534423436890357e+00 6.554468776471267688e+00 2.183779711861130846e+00 -2.218234874566249459e+01 3.493534423436890357e+00 -2.218234874566249459e+01 -5.442773024572957752e+00
-1.308668435058281965e+01 6.487199692968508735e+00 3.384087970294046066e+00 6.487199692968508735e+00 2.038360584094279560e+00 -2.197011542405682150e+01 3.384087970294046066e+00 -2.197011542405682150e+01 -5.397411427285325303e+00
-1.283507577966690150e+01 6.418620527233615647e+00 3.264688531304297037e+00 6.418620527233615647e+00 1.900765558547116596e+00 -2.171248411399039924e+01 3.264688531304297037e+00 -2.171248411399039924e+01 -5.336783732876021702e+00
-1.257606160502211523e+01 6.348913235132163990e+00 3.134608283005345886e+00 6.348913235132163990e+00 1.771012830806198979e+00 -2.141005526981962248e+01 3.134608283005345886e+00 -2.141005526981962248e+01 -5.262836869106692461e+00
1.849978291978769107e+01 1.799055649361732279e+01 1.206672985739857573e+01 1.799055649361732279e+01 2.585601443978936587e+01 -6.821607968856693738e+00 1.206672985739857573e+01 -6.821607968856693738e+00 2.815005724082046612e+01
1.845153893515793442e+01 1.795464172270446923e+01 1.206213937982352391e+01 1.795464172270446923e+01 2.590334384651144717e+01 -6.710697809514644341e+00 1.206213937982352391e+01 -6.710697809514644341e+00 2.813818531605740247e+01
1.836574449220352534e+01 1.789681225808083553e+01 1.202319946660067274e+01 1.789681225808083553e+01 2.591240168540474897e+01 -6.574337761087923226e+00 1.202319946660067274e+01 -6.574337761087923226e+00 2.801469971048484453e+01
1.824257547129132107e+01 1.781780679728722561e+01 1.195075434349095289e+01 1.781780679728722561e+01 2.588281860769886578e+01 -6.412668527870017954e+00 1.195075434349095289e+01 -6.412668527870017954e+00 2.777903760692885271e+01
1.808185599205446081e+01 1.771862785841475230e+01 1.184580652858546479e+01 1.771862785841475230e+01 2.581378556370622945e+01 -6.226024282557962586e+00 1.184580652858546479e+01 -6.226024282557962586e+00 2.743141006182964148e+01
1.788339258608939986e+01 1.760041866384800713e+01 1.170923542371851234e+01 1.760041866384800713e+01 2.570451109177598070e+01 -6.014879902142279633e+00 1.170923542371851234e+01 -6.014879902142279633e+00 2.697199295555408582e+01
1.764656967211212546e+01 1.746455108044849425e+01 1.154204354698119595e+01 1.746455108044849425e+01 2.555374644130341011e+01 -5.779833379870295218e+00 1.154204354698119595e+01 -5.779833379870295218e+00 2.639969582982764962e+01
1.737089478509543028e+01 1.731248491526115529e+01 1.134540929683148036e+01 1.731248491526115529e+01 2.536055944634415482e+01 -5.521535473099389080e+00 1.134540929683148036e+01 -5.521535473099389080e+00 2.571578502329172267e+01
1.705582269590205158e+01 1.714569756336761586e+01 1.112008895884686588e+01 1.714569756336761586e+01 2.512370135629350898e+01 -5.240724879370376676e+00 1.112008895884686588e+01 -5.240724879370376676e+00 2.491913490159839739e+01
1.670086093950477490e+01 1.696584230021636586e+01 1.086713781522851008e+01 1.696584230021636586e+01 2.484216965306037039e+01 -4.938157884260757413e+00 1.086713781522851008e+01 -4.938157884260757413e+00 2.400904194328023777e+01
-1.723391696595897926e+01 -1.248397217024945149e+01 -3.055710354724334277e+00 -1.248397217024945149e+01 -6.811783215121833379e+00 -2.642279217638550115e+00 -3.055710354724334277e+00 -2.642279217638550115e+00 5.500684285601976420e+00
-1.715519950204288691e+01 -1.251240401190531237e+01 -2.777403555071122021e+00 -1.251240401190531237e+01 -6.613144043758818924e+00 -2.622471944916858533e+00 -2.777403555071122021e+00 -2.622471944916858533e+00 5.852884637733527740e+00
-1.706809501028615017e+01 -1.253124284786108866e+01 -2.497525329722277476e+00 -1.253124284786108866e+01 -6.416496563103059714e+00 -2.585452079110449830e+00 -2.497525329722277476e+00 -2.585452079110449830e+00 6.200608253871708442e+00
-1.697284103178229486e+01 -1.254023286463145226e+01 -2.216368036946755549e+00 -1.254023286463145226e+01 -6.222900571879516285e+00 -2.531055168693037594e+00 -2.216368036946755549e+00 -2.531055168693037594e+00 6.539396670414956425e+00
-1.687078972352523820e+01 -1.253920961069010964e+01 -1.934425031323417032e+00 -1.253920961069010964e+01 -6.034567029497161172e+00 -2.459262941272810643e+00 -1.934425031323417032e+00 -2.459262941272810643e+00 6.865686770960384600e+00
-1.676340287685976094e+01 -1.252799036211896677e+01 -1.652226212214743528e+00 -1.252799036211896677e+01 -5.853725167756773651e+00 -2.370203303592438360e+00 -1.652226212214743528e+00 -2.370203303592438360e+00 7.176317431724918094e+00
-1.665232500704872365e+01 -1.250646548456716545e+01 -1.370264934199595386e+00 -1.250646548456716545e+01 -5.682585946067325366e+00 -2.264022434786396420e+00 -1.370264934199595386e+00 -2.264022434786396420e+00 7.468072711750053827e+00
-1.653952953240758106e+01 -1.247447052650841925e+01 -1.088943189897786157e+00 -1.247447052650841925e+01 -5.523670954498551389e+00 -2.141049237907260760e+00 -1.088943189897786157e+00 -2.141049237907260760e+00 7.737462584200143212e+00
-1.642695332646815132e+01 -1.243189585359186822e+01 -8.085533375782707477e-01 -1.243189585359186822e+01 -5.379410421161140654e+00 -2.001448164481317793e+00 -8.085533375782707477e-01 -2.001448164481317793e+00 7.980814298321439182e+00
-1.631662462472131381e+01 -1.237868664864208590e+01 -5.292050115919068043e-01 -1.237868664864208590e+01 -5.252179756990349446e+00 -1.845456755602092880e+00 -5.292050115919068043e-01 -1.845456755602092880e+00 8.194601282494677008e+00
-1.900061461955583297e+01 3.089130479172129129e-01 1.648717972647653340e+01 3.089130479172129129e-01 -4.459787087525255345e+01 1.199108266761330199e+01 1.648717972647653340e+01 1.199108266761330199e+01 -3.340826785556713219e+01
-1.893605098125052777e+01 3.412703359632656142e-01 1.657321426495466810e+01 3.412703359632656142e-01 -4.448674292971829658e+01 1.189482209407921509e+01 1.657321426495466810e+01 1.189482209407921509e+01 -3.316089969021914641e+01
-1.883096054718842183e+01 3.726842628417948999e-01 1.662668397592989322e+01 3.726842628417948999e-01 -4.431948499471639735e+01 1.178775060156530863e+01 1.662668397592989322e+01 1.178775060156530863e+01 -3.278930972633167329e+01
-1.868521124680605894e+01 4.032491646695530729e-01 1.664743792161540981e+01 4.032491646695530729e-01 -4.409639894582046793e+01 1.166994365896498564e+01 1.664743792161540981e+01 1.166994365896498564e+01 -3.229508281066616604e+01
-1.849976530849430745e+01 4.330405103399420641e-01 1.663543836756451100e+01 4.330405103399420641e-01 -4.381874888699497461e+01 1.154151446961835070e+01 1.663543836756451100e+01 1.154151446961835070e+01 -3.168119996451198972e+01
-1.827579250010090206e+01 4.620771670763123562e-01 1.659051550876704795e+01 4.620771670763123562e-01 -4.348800646166126427e+01 1.140272717465230734e+01 1.659051550876704795e+01 1.140272717465230734e+01 -3.095024599746815852e+01
-1.801376450220960379e+01 4.904534709954163074e-01 1.651285801745652293e+01 4.904534709954163074e-01 -4.310494522597672074e+01 1.125377044630036316e+01 1.651285801745652293e+01 1.125377044630036316e+01 -3.010663583979868108e+01
-1.771711514947019595e+01 5.179996170870996286e-01 1.640214515083597391e+01 5.179996170870996286e-01 -4.267354616406826295e+01 1.109456881566911335e+01 1.640214515083597391e+01 1.109456881566911335e+01 -2.915346371613303589e+01
-1.738641045858318890e+01 5.447156053513623197e-01 1.625850897946886420e+01 5.447156053513623197e-01 -4.219460169931663529e+01 1.092514114998191133e+01 1.625850897946886420e+01 1.092514114998191133e+01 -2.809601244900935413e+01
-1.702483899029482117e+01 5.703750291079988655e-01 1.608217591003538871e+01 5.703750291079988655e-01 -4.167186640916856533e+01 1.074554405090880671e+01 1.608217591003538871e+01 1.074554405090880671e+01 -2.694060255825004191e+01
-3.025872974438949825e+01 2.803191561526227282e+00 5.152194412522829836e+00 2.803191561526227282e+00 -2.228034332016775565e+01 -2.128793658968998770e+01 5.152194412522829836e+00 -2.128793658968998770e+01 -2.977154689744453719e+01
-3.033323323677148409e+01 2.898393587586807207e+00 4.898253722211053152e+00 2.898393587586807207e+00 -2.232903914714036020e+01 -2.117497424856522414e+01 4.898253722211053152e+00 -2.117497424856522414e+01 -2.997652975402828801e+01
-3.036057551317693282e+01 2.991555703908719277e+00 4.638024869769072467e+00 2.991555703908719277e+00 -2.234021186378242163e+01 -2.102903648579337315e+01 4.638024869769072467e+00 -2.102903648579337315e+01 -3.007506300883641615e+01
-3.033980212042536451e+01 3.082415903736537732e+00 4.371695002879331327e+00 3.082415903736537732e+00 -2.231262629538979425e+01 -2.085006715706970226e+01 4.371695002879331327e+00 -2.085006715706970226e+01 -3.006617349392020699e+01
-3.027138092772288758e+01 3.170562462168881268e+00 4.099862994125661686e+00 3.170562462168881268e+00 -2.224654444871790204e+01 -2.063804754762596261e+01 4.099862994125661686e+00 -2.063804754762596261e+01 -2.995023550464454587e+01
-3.015688397560206369e+01 3.255658513377344576e+00 3.822940568409443962e+00 3.255658513377344576e+00 -2.214314535416616536e+01 -2.039290279838917641e+01 3.822940568409443962e+00 -2.039290279838917641e+01 -2.972971939041772771e+01
-2.999764001260826518e+01 3.337329761997036126e+00 3.541395594936796343e+00 3.337329761997036126e+00 -2.200355189782925081e+01 -2.011433347306742903e+01 3.541395594936796343e+00 -2.011433347306742903e+01 -2.940694578250209545e+01
-2.979520236450579063e+01 3.415220627431306610e+00 3.255583654304365915e+00 3.415220627431306610e+00 -2.182907411348429605e+01 -1.980200270583231870e+01 3.255583654304365915e+00 -1.980200270583231870e+01 -2.898421659739173961e+01
-2.955136764904612789e+01 3.488919384778772947e+00 2.965879041877047317e+00 3.488919384778772947e+00 -2.162124661212736143e+01 -1.945544262747772635e+01 2.965879041877047317e+00 -1.945544262747772635e+01 -2.846467591615176573e+01
-2.926800734305374974e+01 3.558051738674542719e+00 2.672506334873774758e+00 3.558051738674542719e+00 -2.138151043091328063e+01 -1.907405436541981913e+01 2.672506334873774758e+00 -1.907405436541981913e+01 -2.785143039031078516e+01
-8.517688102798519623e+00 -1.241530791912656362e+01 1.863971118334740495e+01 -1.241530791912656362e+01 -3.485261798935292532e+00 -5.338425323414110579e+00 1.863971118334740495e+01 -5.338425323414110579e+00 -1.906571339984506608e+01
-8.441302506203173905e+00 -1.243883366001962898e+01 1.844564208630639257e+01 -1.243883366001962898e+01 -3.537117061664651896e+00 -5.132447233312318779e+00 1.844564208630639257e+01 -5.132447233312318779e+00 -1.906112880282320177e+01
-8.335381876204035478e+00 -1.244986591739494841e+01 1.821644876586680084e+01 -1.244986591739494841e+01 -3.549701871816299814e+00 -4.907546264666103220e+00 1.821644876586680084e+01 -4.907546264666103220e+00 -1.897992115995785412e+01
-8.199560906265494609e+00 -1.244831336461862037e+01 1.795189377278048326e+01 -1.244831336461862037e+01 -3.522102963051219504e+00 -4.663905070743268766e+00 1.795189377278048326e+01 -4.663905070743268766e+00 -1.882356996271822069e+01
-8.035246026549637932e+00 -1.243419426701742481e+01 1.765183098443320731e+01 -1.243419426701742481e+01 -3.455306663015549340e+00 -4.402108142000784596e+00 1.765183098443320731e+01 -4.402108142000784596e+00 -1.859357296790029324e+01
-7.844665606923663326e+00 -1.240772780851272472e+01 1.731620560484462601e+01 -1.240772780851272472e+01 -3.351084708406980806e+00 -4.122831295529524986e+00 1.731620560484462601e+01 -4.122831295529524986e+00 -1.829325446497809082e+01
-7.630029751927994930e+00 -1.236913317302588489e+01 1.694490804205405610e+01 -1.236913317302588489e+01 -3.211464550498130954e+00 -3.826805144400700964e+00 1.694490804205405610e+01 -3.826805144400700964e+00 -1.792597527407919245e+01
-7.393731219370851981e+00 -1.231879393241929499e+01 1.653781043877404144e+01 -1.231879393241929499e+01 -3.038656293829419930e+00 -3.514942954953329757e+00 1.653781043877404144e+01 -3.514942954953329757e+00 -1.749551631784713379e+01
-7.138162767060462599e+00 -1.225702059724821424e+01 1.609480320304389167e+01 -1.225702059724821424e+01 -2.835089226862631318e+00 -3.188066666892527046e+00 1.609480320304389167e+01 -3.188066666892527046e+00 -1.700523841640949030e+01
-6.865698887478265178e+00 -1.218430633133571739e+01 1.561563062028869098e+01 -1.218430633133571739e+01 -2.603192638059549591e+00 -2.847180873191210271e+00 1.561563062028869098e+01 -2.847180873191210271e+00 -1.645925126829184038e+01
6.572157134868749750e+00 1.338087969313097680e+01 -5.403441191480405692e+00 1.338087969313097680e+01 7.260189772371504091e+00 5.698167777166983861e+00 -5.403441191480405692e+00 5.698167777166983861e+00 -2.948765507835138422e+01
6.539761060314064345e+00 1.331478664197590689e+01 -5.412981139815527420e+00 1.331478664197590689e+01 7.496881672352756709e+00 5.534434800248654973e+00 -5.412981139815527420e+00 5.534434800248654973e+00 -2.921603757205992125e+01
6.556419833732592295e+00 1.324124954022600598e+01 -5.418401565005938281e+00 1.324124954022600598e+01 7.782393535215639702e+00 5.363004819559943570e+00 -5.418401565005938281e+00 5.363004819559943570e+00 -2.882350844785437260e+01
6.621284255177835476e+00 1.316057554530873119e+01 -5.419341105372275536e+00 1.316057554530873119e+01 8.114484918548113157e+00 5.183932039352753485e+00 -5.419341105372275536e+00 5.183932039352753485e+00 -2.831180224179566807e+01
6.734047167222340313e+00 1.307292726997979493e+01 -5.415528739655020019e+00 1.307292726997979493e+01 8.491475490541153803e+00 4.997577821306444790e+00 -5.415528739655020019e+00 4.997577821306444790e+00 -2.768393632390646886e+01
6.893841301835636592e+00 1.297848539507887899e+01 -5.406639242342747842e+00 1.297848539507887899e+01 8.910980264110978766e+00 4.804430003688156425e+00 -5.406639242342747842e+00 4.804430003688156425e+00 -2.694370499182005929e+01
7.099438029307901132e+00 1.287743060144566165e+01 -5.392365456008000102e+00 1.287743060144566165e+01 9.370234822410481001e+00 4.604976424765023779e+00 -5.392365456008000102e+00 4.604976424765023779e+00 -2.609564333461242569e+01
7.349970081608668160e+00 1.276981709333204940e+01 -5.372291814719513781e+00 1.276981709333204940e+01 9.867215540035237709e+00 4.400030148315607903e+00 -5.372291814719513781e+00 4.400030148315607903e+00 -2.514490075621444731e+01
7.642980199318285095e+00 1.265589782391359108e+01 -5.346255705721576490e+00 1.265589782391359108e+01 1.039740539599324443e+01 4.189898331767365924e+00 -5.346255705721576490e+00 4.189898331767365924e+00 -2.409680734139670122e+01
7.977944408001676813e+00 1.253565472510632262e+01 -5.313859631166890196e+00 1.253565472510632262e+01 1.095899758188769191e+01 3.975430175066796412e+00 -5.313859631166890196e+00 3.975430175066796412e+00 -2.295703646852514623e+01
-1.388073164159949968e+01 -1.566238283434144662e+01 1.250491320156032593e+01 -1.566238283434144662e+01 -1.699388196030624343e+01 5.823993494451735309e+00 1.250491320156032593e+01 5.823993494451735309e+00 -2.006029487658219068e+01
-1.404887184647394527e+01 -1.577283963376714837e+01 1.253304424472957201e+01 -1.577283963376714837e+01 -1.711308817867040588e+01 5.750712496169646748e+00 1.253304424472957201e+01 5.750712496169646748e+00 -2.046249126740547197e+01
-1.418485701381504249e+01 -1.586919399422873411e+01 1.253516699405008517e+01 -1.586919399422873411e+01 -1.718961790634736886e+01 5.674976492151658114e+00 1.253516699405008517e+01 5.674976492151658114e+00 -2.077715655146461415e+01
-1.428733965927150606e+01 -1.595096598979287883e+01 1.251124453214237953e+01 -1.595096598979287883e+01 -1.722228978719353876e+01 5.597191573572130707e+00 1.251124453214237953e+01 5.597191573572130707e+00 -2.100185418171344764e+01
-1.435683662615615752e+01 -1.601773107059547741e+01 1.246122148293722631e+01 -1.601773107059547741e+01 -1.721228517735250918e+01 5.517819207674653725e+00 1.246122148293722631e+01 5.517819207674653725e+00 -2.113802393595197771e+01
-1.439414163812797121e+01 -1.606906468677242827e+01 1.238495017691667321e+01 -1.606906468677242827e+01 -1.716100693724478887e+01 5.437302403013074326e+00 1.238495017691667321e+01 5.437302403013074326e+00 -2.118751168315456823e+01
-1.440045451002028187e+01 -1.610463458190834629e+01 1.228224602718328740e+01 -1.610463458190834629e+01 -1.707013480763705005e+01 5.356065709451493184e+00 1.228224602718328740e+01 5.356065709451493184e+00 -2.115247709002121823e+01
-1.437697505666642428e+01 -1.612412695827758569e+01 1.215283215339091250e+01 -1.612412695827758569e+01 -1.694155157488313534e+01 5.274496759474527785e+00 1.215283215339091250e+01 5.274496759474527785e+00 -2.103570741870320759e+01
-1.432519843193562714e+01 -1.612720955946476664e+01 1.199639475781390985e+01 -1.612720955946476664e+01 -1.677728769485484861e+01 5.193020102946280581e+00 1.199639475781390985e+01 5.193020102946280581e+00 -2.083980534445438693e+01
-1.424626907459199820e+01 -1.611360550512373280e+01 1.181243545582919907e+01 -1.611360550512373280e+01 -1.657905982569833370e+01 5.111838785453930889e+00 1.181243545582919907e+01 5.111838785453930889e+00 -2.056739200121835154e+01
-6.028523985520867967e+01 -4.567847249587892122e+00 7.590274252262030785e+00 -4.567847249587892122e+00 -4.229373839697429815e+01 1.349458060992479425e+01 7.590274252262030785e+00 1.349458060992479425e+01 -6.552668337774424856e+01
-6.018628184408706971e+01 -4.581502675925736234e+00 7.652532087605470323e+00 -4.581502675925736234e+00 -4.226070044680456306e+01 1.343399804799798147e+01 7.652532087605470323e+00 1.343399804799798147e+01 -6.532417009356703375e+01
-6.000646267072809792e+01 -4.593813987545590116e+00 7.708225188746549605e+00 -4.593813987545590116e+00 -4.215677505520342550e+01 1.336122105399200954e+01 7.708225188746549605e+00 1.336122105399200954e+01 -6.489894284459583673e+01
-5.974473041926550110e+01 -4.604703264753656988e+00 7.757139276527330374e+00 -4.604703264753656988e+00 -4.198102718584532056e+01 1.327605482867238607e+01 7.757139276527330374e+00 1.327605482867238607e+01 -6.425252106485970671e+01
-5.940079289084756198e+01 -4.614014668162344179e+00 7.798884752478827842e+00 -4.614014668162344179e+00 -4.173333995918955708e+01 1.317859677165636079e+01 7.798884752478827842e+00 1.317859677165636079e+01 -6.338761246371807090e+01
-5.897819543154200517e+01 -4.621670278077854022e+00 7.833072018132061665e+00 -4.621670278077854022e+00 -4.141708340199283356e+01 1.306873000340323365e+01 7.833072018132061665e+00 1.306873000340323365e+01 -6.230774290731522314e+01
-5.847750295912886287e+01 -4.627553214959493566e+00 7.859077715936657604e+00 -4.627553214959493566e+00 -4.103280295211173012e+01 1.294659088337714969e+01 7.859077715936657604e+00 1.294659088337714969e+01 -6.101869793291555055e+01
-5.790136474319722026e+01 -4.631488159496218948e+00 7.876336928112593228e+00 -4.631488159496218948e+00 -4.058275828066634006e+01 1.281233525096570602e+01 7.876336928112593228e+00 1.281233525096570602e+01 -5.952797731104697476e+01
-5.725328716996791911e+01 -4.633397191994235165e+00 7.884128897492248100e+00 -4.633397191994235165e+00 -4.007016357502578074e+01 1.266619686525028854e+01 7.884128897492248100e+00 1.266619686525028854e+01 -5.784557424243890011e+01
-5.653827657976737697e+01 -4.633260832530091022e+00 7.881947146065944487e+00 -4.633260832530091022e+00 -3.949932389827229429e+01 1.250864324439367437e+01 7.881947146065944487e+00 1.250864324439367437e+01 -5.598479351480708033e+01
-2.844389009252560996e+01 -3.960892660572981061e+00 -1.360740187339251328e+01 -3.960892660572981061e+00 -4.060023960486505956e+01 2.029365661301902790e+01 -1.360740187339251328e+01 2.029365661301902790e+01 -3.938152089727458360e+01
-2.847609231778527317e+01 -3.891162238718775424e+00 -1.363681791435954871e+01 -3.891162238718775424e+00 -4.065082685572912879e+01 2.014181904588827621e+01 -1.363681791435954871e+01 2.014181904588827621e+01 -3.951159969183436260e+01
-2.845577402144721901e+01 -3.816826083646149836e+00 -1.364945998866690324e+01 -3.816826083646149836e+00 -4.064275260737090179e+01 1.996793840166689193e+01 -1.364945998866690324e+01 1.996793840166689193e+01 -3.948934812476264966e+01
-2.838177903179817818e+01 -3.738358036221195224e+00 -1.364572612264209184e+01 -3.738358036221195224e+00 -4.057582732344396703e+01 1.977235584577845984e+01 -1.364572612264209184e+01 1.977235584577845984e+01 -3.931588446050341901e+01
-2.825386095158778588e+01 -3.656269844579292716e+00 -1.362590062080477260e+01 -3.656269844579292716e+00 -4.045027844756403823e+01 1.955543149728121222e+01 -1.362590062080477260e+01 1.955543149728121222e+01 -3.899190998353851256e+01
-2.807277792620179113e+01 -3.570997442317246584e+00 -1.359019197313602589e+01 -3.570997442317246584e+00 -4.026745168779082462e+01 1.931754442886802536e+01 -1.359019197313602589e+01 1.931754442886802536e+01 -3.852011610998731328e+01
-2.783947763737237935e+01 -3.483109438474368602e+00 -1.353884657688621829e+01 -3.483109438474368602e+00 -4.002874961308795321e+01 1.905907371323176847e+01 -1.353884657688621829e+01 1.905907371323176847e+01 -3.790253087875669991e+01
-2.755454764777350718e+01 -3.393174442089970100e+00 -1.347195920022856974e+01 -3.393174442089970100e+00 -3.973513885882226759e+01 1.878047423760389023e+01 -1.347195920022856974e+01 1.878047423760389023e+01 -3.714343781127616495e+01
-2.721937157273415764e+01 -3.301457804049063416e+00 -1.338962461133629844e+01 -3.301457804049063416e+00 -3.938847688118882928e+01 1.848163228017653381e+01 -1.338962461133629844e+01 1.848163228017653381e+01 -3.624272318573783735e+01
-2.683573105391085178e+01 -3.208603947929534073e+00 -1.329188071747869238e+01 -3.208603947929534073e+00 -3.899071590455595526e+01 1.816307854271972033e+01 -1.329188071747869238e+01 1.816307854271972033e+01 -3.520683123792057501e+01
-7.564321903346814757e+00 9.332523660091069928e+00 -8.275085550411901636e+00 9.332523660091069928e+00 -1.242794444461184611e+01 2.707641319380623912e+01 -8.275085550411901636e+00 2.707641319380623912e+01 -2.922829109486881549e+01
-7.437761424880809713e+00 9.394487670348025787e+00 -8.174260569967056966e+00 9.394487670348025787e+00 -1.229969035683400591e+01 2.696796697145812871e+01 -8.174260569967056966e+00 2.696796697145812871e+01 -2.888982695565776737e+01
-7.263025125011816741e+00 9.453082870778178659e+00 -8.066182523556305384e+00 9.453082870778178659e+00 -1.212294749810642536e+01 2.682640332354488066e+01 -8.066182523556305384e+00 2.682640332354488066e+01 -2.843076678816586877e+01
-7.041143896364433274e+00 9.508125173412850017e+00 -7.951219587117003051e+00 9.508125173412850017e+00 -1.189848903789755141e+01 2.665140930051973811e+01 -7.951219587117003051e+00 2.665140930051973811e+01 -2.785320919523606165e+01
-6.773756121859890733e+00 9.559191175924077299e+00 -7.829960842148918410e+00 9.559191175924077299e+00 -1.162762200078499930e+01 2.644272717922655502e+01 -7.829960842148918410e+00 2.644272717922655502e+01 -2.716217977841323616e+01
-6.462739498778703684e+00 9.605912702374510559e+00 -7.702921734964351508e+00 9.605912702374510559e+00 -1.131192954329939404e+01 2.620011764530605092e+01 -7.702921734964351508e+00 2.620011764530605092e+01 -2.636121302669601718e+01
-6.109806045229576377e+00 9.647774306451847082e+00 -7.570709755859935441e+00 9.647774306451847082e+00 -1.095290277798703116e+01 2.592337820199267284e+01 -7.570709755859935441e+00 2.592337820199267284e+01 -2.545540817681677126e+01
-5.718637520586063339e+00 9.684297359437527675e+00 -7.433729898366766342e+00 9.684297359437527675e+00 -1.055405778504965220e+01 2.561177249741171380e+01 -7.433729898366766342e+00 2.561177249741171380e+01 -2.445039832061704743e+01
-5.292032061972069101e+00 9.715076867800460647e+00 -7.292571243984609097e+00 9.715076867800460647e+00 -1.011815588401742794e+01 2.526509803479763505e+01 -7.292571243984609097e+00 2.526509803479763505e+01 -2.335332607128154336e+01
-4.832456448167876673e+00 9.739542158837743102e+00 -7.147749239025762868e+00 9.739542158837743102e+00 -9.647590218483170332e+00 2.488283936783812678e+01 -7.147749239025762868e+00 2.488283936783812678e+01 -2.217109472763567624e+01
-3.915195286519958984e+01 1.150122614231597140e+01 7.256703641613818867e+00 1.150122614231597140e+01 4.076042837616838277e+00 -1.640373682020185520e+00 7.256703641613818867e+00 -1.640373682020185520e+00 -3.782503361434541489e+01
-3.906301391569282799e+01 1.147876342792913995e+01 7.235041173058500696e+00 1.147876342792913995e+01 4.221240930115635948e+00 -1.782389401561113695e+00 7.235041173058500696e+00 -1.782389401561113695e+00 -3.750152958436508044e+01
-3.890447218921278960e+01 1.145161090076229193e+01 7.206511478646726587e+00 1.145161090076229193e+01 4.401984825828058945e+00 -1.915825741373517577e+00 7.206511478646726587e+00 -1.915825741373517577e+00 -3.704179765934613755e+01
-3.867588103692328616e+01 1.141984300228812721e+01 7.170742351015005234e+00 1.141984300228812721e+01 4.617976758863310494e+00 -2.040161611148506360e+00 7.170742351015005234e+00 -2.040161611148506360e+00 -3.644779192794693046e+01
-3.837815236686486742e+01 1.138345973250664045e+01 7.127398803536192595e+00 1.138345973250664045e+01 4.867765120503769083e+00 -2.154820089472665678e+00 7.127398803536192595e+00 -2.154820089472665678e+00 -3.572252726981175641e+01
-3.801264473591429294e+01 1.134251692252236055e+01 7.076015577005920321e+00 1.134251692252236055e+01 5.149637756877363692e+00 -2.259317306773453549e+00 7.076015577005920321e+00 -2.259317306773453549e+00 -3.486972575857554801e+01
-3.757980479290775833e+01 1.129701457233528572e+01 7.015997139642601077e+00 1.129701457233528572e+01 5.463073577675203296e+00 -2.353057731269280861e+00 7.015997139642601077e+00 -2.353057731269280861e+00 -3.389262559830070387e+01
-3.708434096099344401e+01 1.124706434415446488e+01 6.946599076719246035e+00 1.124706434415446488e+01 5.803047783490126399e+00 -2.435873869646574708e+00 6.946599076719246035e+00 -2.435873869646574708e+00 -3.279833594962994425e+01
-3.652642073348491891e+01 1.119277790018894336e+01 6.867021142404345468e+00 1.119277790018894336e+01 6.169355660272210606e+00 -2.507412124910016971e+00 6.867021142404345468e+00 -2.507412124910016971e+00 -3.159087665208899409e+01
-3.590941258702182637e+01 1.113422968191142282e+01 6.776425870130037943e+00 1.113422968191142282e+01 6.559000938745334963e+00 -2.567523614114210151e+00 6.776425870130037943e+00 -2.567523614114210151e+00 -3.027677994490717595e+01
3.538695013177210313e+01 -1.206869906853764363e+01 -4.401238307605515487e+00 -1.206869906853764363e+01 1.185154257064193573e+01 3.150240783188080584e+01 -4.401238307605515487e+00 3.150240783188080584e+01 3.875332310629930532e+01
3.537051562417754269e+01 -1.202835822812409639e+01 -4.505580768309948247e+00 -1.202835822812409639e+01 1.184438645634248921e+01 3.137824574088623564e+01 -4.505580768309948247e+00 3.137824574088623564e+01 3.870717669276537976e+01
3.528718547947981676e+01 -1.197103915574519561e+01 -4.602661877739941509e+00 -1.197103915574519561e+01 1.179657379070451917e+01 3.119439674557544961e+01 -4.602661877739941509e+00 3.119439674557544961e+01 3.850978720667230704e+01
3.513759111952888503e+01 -1.189723295728423480e+01 -4.692306240937176298e+00 -1.189723295728423480e+01 1.170824488969468291e+01 3.095114147788176595e+01 -4.692306240937176298e+00 3.095114147788176595e+01 3.816182114886171206e+01
3.492211841323305066e+01 -1.180779906803698509e+01 -4.774443699918324846e+00 -1.180779906803698509e+01 1.157925943734632312e+01 3.064916397814261373e+01 -4.774443699918324846e+00 3.064916397814261373e+01 3.766508508740428596e+01
3.464166187487973048e+01 -1.170377231825752773e+01 -4.849004096700059385e+00 -1.170377231825752773e+01 1.140923156475113664e+01 3.028941137913292891e+01 -4.849004096700059385e+00 3.028941137913292891e+01 3.702145574835405029e+01
3.429739665068968435e+01 -1.158638047265410620e+01 -4.916075128761540292e+00 -1.158638047265410620e+01 1.119793325846330845e+01 2.987311144556095144e+01 -4.916075128761540292e+00 2.987311144556095144e+01 3.623433579390241732e+01
3.389086621629612495e+01 -1.145706176988493752e+01 -4.975919888540246916e+00 -1.145706176988493752e+01 1.094504880755786225e+01 2.940186027154739179e+01 -4.975919888540246916e+00 2.940186027154739179e+01 3.530732082069492606e+01
3.342392975825722345e+01 -1.131748246205406438e+01 -5.028766389481993393e+00 -1.131748246205406438e+01 1.065040281707647729e+01 2.887748196465877015e+01 -5.028766389481993393e+00 2.887748196465877015e+01 3.424525172958121999e+01
3.289918312195613481e+01 -1.116941403824051271e+01 -5.075105737470077649e+00 -1.116941403824051271e+01 1.031410052399414745e+01 2.830223911985741481e+01 -5.075105737470077649e+00 2.830223911985741481e+01 3.305307465838590275e+01
-1.058858717130642368e+01 2.183941957981891058e+00 8.531905300138815207e+00 2.183941957981891058e+00 -1.926369454572780526e+01 3.077134556896866435e+00 8.531905300138815207e+00 3.077134556896866435e+00 -1.053897761860812565e+01
-1.050784753235229907e+01 2.245779217331180355e+00 8.532843064107536790e+00 2.245779217331180355e+00 -1.936848507235034234e+01 3.124408893437759183e+00 8.532843064107536790e+00 3.124408893437759183e+00 -1.058562677916986949e+01
-1.040945586575163162e+01 2.302725394020073590e+00 8.514400372722661814e+00 2.302725394020073590e+00 -1.944556559307357091e+01 3.172032593025823299e+00 8.514400372722661814e+00 3.172032593025823299e+00 -1.058399028910680606e+01
-1.029377992208039139e+01 2.354302412299810854e+00 8.476283025523413173e+00 2.354302412299810854e+00 -1.949440286956233592e+01 3.219821780373073317e+00 8.476283025523413173e+00 3.219821780373073317e+00 -1.053511623756044457e+01
-1.016203327823927971e+01 2.400068971479227820e+00 8.418104884405019916e+00 2.400068971479227820e+00 -1.951518077710461796e+01 3.267574192662726418e+00 8.418104884405019916e+00 3.267574192662726418e+00 -1.044008948872989961e+01
-1.001572371158977326e+01 2.439638933453557090e+00 8.339461423733920853e+00 2.439638933453557090e+00 -1.950846932909317388e+01 3.315087567077998898e+00 8.339461423733920853e+00 3.315087567077998898e+00 -1.030058330773582931e+01
-9.856524487252531941e+00 2.472699710233224657e+00 8.239948117876547684e+00 2.472699710233224657e+00 -1.947493047656474374e+01 3.362214803388503981e+00 8.239948117876547684e+00 3.362214803388503981e+00 -1.011862032274606982e+01
-9.686182420463412157e+00 2.499030651472648135e+00 8.119086891084135615e+00 2.499030651472648135e+00 -1.941542843337286328e+01 3.408790413835054434e+00 8.119086891084135615e+00 3.408790413835054434e+00 -9.896278324514845792e+00
-9.506554651631057951e+00 2.518429494355045151e+00 7.976381280079130498e+00 2.518429494355045151e+00 -1.933097451360144348e+01 3.454777623360053340e+00 7.976381280079130498e+00 3.454777623360053340e+00 -9.636002854372357262e+00
-9.319443158577723096e+00 2.530804301236422305e+00 7.811334821583971966e+00 2.530804301236422305e+00 -1.922272713156478829e+01 3.500029331733113480e+00 7.811334821583971966e+00 3.500029331733113480e+00 -9.339890090601633332e+00
-1.536317579105878117e+01 1.320353862677978540e+01 1.152765413092784685e+00 1.320353862677978540e+01 1.921659619177202316e+01 -1.974450990191777677e+01 1.152765413092784685e+00 -1.974450990191777677e+01 8.522702528493109497e+00
-1.536858326555494791e+01 1.327933339430105164e+01 1.177567696115201956e+00 1.327933339430105164e+01 1.913099587049770633e+01 -1.965719721371967665e+01 1.177567696115201956e+00 -1.965719721371967665e+01 8.381657568718097195e+00
-1.535807474011739515e+01 1.334598952992379850e+01 1.197863750390813831e+00 1.334598952992379850e+01 1.901239192988179028e+01 -1.951256529586220623e+01 1.197863750390813831e+00 -1.951256529586220623e+01 8.201372369015905051e+00
-1.533213688745078507e+01 1.340307443568833001e+01 1.214410622349083368e+00 1.340307443568833001e+01 1.886233451261316674e+01 -1.931203811662936332e+01 1.214410622349083368e+00 -1.931203811662936332e+01 7.981450381256811610e+00
-1.529201342668922692e+01 1.345022761329490102e+01 1.227911283674512521e+00 1.345022761329490102e+01 1.868203128799598645e+01 -1.905732804294493121e+01 1.227911283674512521e+00 -1.905732804294493121e+01 7.722919025595089693e+00
-1.523975919814127167e+01 1.348708856444377169e+01 1.239050681136615539e+00 1.348708856444377169e+01 1.847241955160958327e+01 -1.875034571579755749e+01 1.239050681136615539e+00 -1.875034571579755749e+01 7.425976576095597359e+00
-1.517773546567024212e+01 1.351331481575017790e+01 1.248603886079843184e+00 1.351331481575017790e+01 1.823447264886326735e+01 -1.839320005024074334e+01 1.248603886079843184e+00 -1.839320005024074334e+01 7.090839331738181706e+00
-1.510866399143920624e+01 1.352883426755417595e+01 1.257201770528747931e+00 1.352883426755417595e+01 1.796907380059141346e+01 -1.798812613573290875e+01 1.257201770528747931e+00 -1.798812613573290875e+01 6.717579392182792652e+00
-1.503523048778126636e+01 1.353341259596093060e+01 1.265565331082818767e+00 1.353341259596093060e+01 1.767726845186328077e+01 -1.753725091224254129e+01 1.265565331082818767e+00 -1.753725091224254129e+01 6.306340956749325599e+00
-1.496085968854398907e+01 1.352710387571540274e+01 1.274217290276685510e+00 1.352710387571540274e+01 1.735981364910832880e+01 -1.704284551905803369e+01 1.274217290276685510e+00 -1.704284551905803369e+01 5.856475128498243699e+00
8.363905397880136761e+00 1.730892775579324194e+01 1.235757043050005777e+01 1.730892775579324194e+01 9.114081365627457743e+00 -1.573484963412963467e+01 1.235757043050005777e+01 -1.573484963412963467e+01 2.810289384995642692e+01
8.222954609971207418e+00 1.717834387785057260e+01 1.221311056825546970e+01 1.717834387785057260e+01 9.211124192940467026e+00 -1.586826570912494105e+01 1.221311056825546970e+01 -1.586826570912494105e+01 2.803696956510226812e+01
8.039324928111842183e+00 1.702690149205482939e+01 1.203950935772085451e+01 1.702690149205482939e+01 9.266752818068683339e+00 -1.595900289016981688e+01 1.203950935772085451e+01 -1.595900289016981688e+01 2.784765767657755120e+01
7.814904483670468416e+00 1.685598997809221444e+01 1.183678461145628624e+01 1.685598997809221444e+01 9.280023175327896112e+00 -1.600629523718083647e+01 1.183678461145628624e+01 -1.600629523718083647e+01 2.753570631190560647e+01
