-3.084951631922616677e-01 -1.808295212146902902e-05 0.000000000000000000e+00 -1.808295212146902902e-05 -7.656321928229986584e-01 4.745328295715902645e-01 0.000000000000000000e+00 4.745328295715902645e-01 -1.833611345116959584e-02
-2.485863428138347653e-01 4.943879110009632288e-02 3.114969332444255112e-01 4.943879110009632288e-02 -7.098282025761453173e-01 6.127046667317351814e-01 3.114969332444255112e-01 6.127046667317351814e-01 1.224577517665882687e-01
-1.735782574139812240e-01 1.014453614014412530e-01 6.266466228173878106e-01 1.014453614014412530e-01 -6.425415377321589405e-01 7.522869741573545710e-01 6.266466228173878106e-01 7.522869741573545710e-01 2.782243013409224641e-01
-8.419422507755978946e-02 1.556038030052409871e-01 9.454852346231296112e-01 1.556038030052409871e-01 -5.644593504716557408e-01 8.933520836569345258e-01 9.454852346231296112e-01 8.933520836569345258e-01 4.471733230118076219e-01
1.833611345116959584e-02 2.114077932520944114e-01 1.267235201720428250e+00 2.114077932520944114e-01 -4.766666179219236077e-01 1.035628750948652810e+00 1.267235201720428250e+00 1.035628750948652810e+00 6.274603556628538525e-01
1.322225459121815494e-01 2.682605947219930398e-01 1.591191288976545826e+00 2.682605947219930398e-01 -3.805738103484371804e-01 1.178827648798566052e+00 1.591191288976545826e+00 1.178827648798566052e+00 8.164814541885695443e-01
2.553312839551426516e-01 3.255293040906854785e-01 1.916594012402381031e+00 3.255293040906854785e-01 -2.778988082027360473e-01 1.322749864733337999e+00 1.916594012402381031e+00 1.322749864733337999e+00 1.011578424627098904e+00
3.853657926606264827e-01 3.824725203211914448e-01 2.242738136865196630e+00 3.824725203211914448e-01 -1.705041555533314823e-01 1.467196486279632728e+00 2.242738136865196630e+00 1.467196486279632728e+00 1.209640999213549284e+00
5.197763757795057504e-01 4.384392571371381053e-01 2.568990759040740812e+00 4.384392571371381053e-01 -6.045130894207096511e-02 1.611968600964113651e+00 2.568990759040740812e+00 1.611968600964113651e+00 1.407396163613934492e+00
6.559590882062890094e-01 4.926700305494237653e-01 2.894718975604761990e+00 4.926700305494237653e-01 5.019827508919802450e-02 1.756957711074052408e+00 2.894718975604761990e+00 1.756957711074052408e+00 1.601516654637904713e+00
5.972395931111367240e+00 -9.423532219229880269e+00 -1.749572072111944365e+01 -9.423532219229880269e+00 -1.233956765960082258e+01 -4.636465741765410264e+00 -1.749572072111944365e+01 -4.636465741765410264e+00 -1.508333961629953635e+01
5.705884007350676690e+00 -9.439291913928610001e+00 -1.747117932370997906e+01 -9.439291913928610001e+00 -1.242951634483506673e+01 -4.587710894350616186e+00 -1.747117932370997906e+01 -4.587710894350616186e+00 -1.558161925828279770e+01
5.460561129757177667e+00 -9.445796204110628480e+00 -1.741910856365337068e+01 -9.445796204110628480e+00 -1.248280779800706775e+01 -4.531158186437491686e+00 -1.741910856365337068e+01 -4.531158186437491686e+00 -1.601126679630061389e+01
5.238978000363034404e+00 -9.442917554674329139e+00 -1.733950844094962207e+01 -9.442917554674329139e+00 -1.249809379089982286e+01 -4.467135565430171873e+00 -1.733950844094962207e+01 -4.467135565430171873e+00 -1.636925782651484695e+01
5.041444347272153514e+00 -9.430564869118562399e+00 -1.723247005209987748e+01 -9.430564869118562399e+00 -1.247668611312987430e+01 -4.396317145437158125e+00 -1.723247005209987748e+01 -4.396317145437158125e+00 -1.665535549802251225e+01
4.867923731884074456e+00 -9.408719928143099764e+00 -1.709790230060298555e+01 -9.408719928143099764e+00 -1.241998765081491030e+01 -4.319103751063504859e+00 -1.709790230060298555e+01 -4.319103751063504859e+00 -1.687039789863417738e+01
4.718197522596040194e+00 -9.377309854547021928e+00 -1.693569587065757887e+01 -9.377309854547021928e+00 -1.232967457957607138e+01 -4.235914426214494100e+00 -1.693569587065757887e+01 -4.235914426214494100e+00 -1.701551462496408718e+01
4.591773798301848508e+00 -9.336352867630557384e+00 -1.674566856926135117e+01 -9.336352867630557384e+00 -1.220753239083586905e+01 -4.147113556894723274e+00 -1.674566856926135117e+01 -4.147113556894723274e+00 -1.709236363333314657e+01
4.487887348391850217e+00 -9.285848967393707909e+00 -1.652741957180925070e+01 -9.285848967393707909e+00 -1.205549233041865875e+01 -4.052992651907866950e+00 -1.652741957180925070e+01 -4.052992651907866950e+00 -1.710311302046869386e+01
4.405645427154786908e+00 -9.225816373136703774e+00 -1.628051161509576517e+01 -9.225816373136703774e+00 -1.187550386344902087e+01 -3.953697465655764187e+00 -1.628051161509576517e+01 -3.953697465655764187e+00 -1.705007663749990954e+01
-6.046569547161082525e+00 1.120098777552259683e+01 -1.559772258514323084e+01 1.120098777552259683e+01 -1.890880078650587848e+01 3.514293830666051388e+00 -1.559772258514323084e+01 3.514293830666051388e+00 -2.956936938213858923e+01
-5.940826530750299206e+00 1.121691937872834188e+01 -1.544442474850301572e+01 1.121691937872834188e+01 -1.881972780218639230e+01 3.572722016235208464e+00 -1.544442474850301572e+01 3.572722016235208464e+00 -2.931187922974724813e+01
-5.795189893797668468e+00 1.122406367819604078e+01 -1.526681414080606558e+01 1.122406367819604078e+01 -1.867826328843711536e+01 3.630688683750895596e+00 -1.526681414080606558e+01 3.630688683750895596e+00 -2.893768039199470365e+01
-5.609881164968855138e+00 1.122212530237147021e+01 -1.506452154760959949e+01 1.122212530237147021e+01 -1.848455493103517000e+01 3.688175372490975601e+00 -1.506452154760959949e+01 3.688175372490975601e+00 -2.844874816614980517e+01
-5.385989526870045729e+00 1.121079041897827544e+01 -1.483767619396858883e+01 1.121079041897827544e+01 -1.823982113764170876e+01 3.745015935956200082e+00 -1.483767619396858883e+01 3.745015935956200082e+00 -2.784775935692266557e+01
-5.125010297994480268e+00 1.118972673501795789e+01 -1.458642576566014526e+01 1.118972673501795789e+01 -1.794561260891638454e+01 3.800988845480901546e+00 -1.458642576566014526e+01 3.800988845480901546e+00 -2.713811073718682110e+01
-4.828844932722449634e+00 1.115865733965843454e+01 -1.431095486990565746e+01 1.115865733965843454e+01 -1.760394156357232731e+01 3.855780268788723486e+00 -1.431095486990565746e+01 3.855780268788723486e+00 -2.632419595881129482e+01
-4.499616414099909534e+00 1.111737916495617995e+01 -1.401150349609292967e+01 1.111737916495617995e+01 -1.721713405259901108e+01 3.909002530714751789e+00 -1.401150349609292967e+01 3.909002530714751789e+00 -2.541087019171857619e+01
-4.139558489505651195e+00 1.106570760368980721e+01 -1.368833009433190107e+01 1.106570760368980721e+01 -1.678768227348517783e+01 3.960231034649794424e+00 -1.368833009433190107e+01 3.960231034649794424e+00 -2.440321013449682752e+01
-3.751181817150543107e+00 1.100353189152648525e+01 -1.334176695762107023e+01 1.100353189152648525e+01 -1.631852148105087963e+01 4.008930419651827393e+00 -1.334176695762107023e+01 4.008930419651827393e+00 -2.330706783606402865e+01
-1.304918194962115230e+01 9.728229863602676275e+00 8.135564499378427072e+00 9.728229863602676275e+00 1.464703432472261113e+01 1.019610908865218057e+01 8.135564499378427072e+00 1.019610908865218057e+01 3.098181716427923060e+00
-1.297405162134045042e+01 9.751056326104126981e+00 8.180621008496489210e+00 9.751056326104126981e+00 1.468159029962583517e+01 1.025365418493453618e+01 8.180621008496489210e+00 1.025365418493453618e+01 3.234977832558937560e+00
-1.287797444425596538e+01 9.763508766851156651e+00 8.209809240436189981e+00 9.763508766851156651e+00 1.470725425588241464e+01 1.028567991062936393e+01 8.209809240436189981e+00 1.028567991062936393e+01 3.371990827193528162e+00
-1.276169141992158274e+01 9.765822137555975502e+00 8.222876170276686381e+00 9.765822137555975502e+00 1.472366472931971870e+01 1.029243929065750685e+01 8.222876170276686381e+00 1.029243929065750685e+01 3.507286867008136522e+00
-1.262655803898465656e+01 9.757869925758161145e+00 8.219586846305773520e+00 9.757869925758161145e+00 1.473020723084428241e+01 1.027425764277432485e+01 8.219586846305773520e+00 1.027425764277432485e+01 3.639347802477725491e+00
-1.247432740268243379e+01 9.739778643918137746e+00 8.199832829271661794e+00 9.739778643918137746e+00 1.472590580719000997e+01 1.023156872398697459e+01 8.199832829271661794e+00 1.023156872398697459e+01 3.766095214609685105e+00
-1.230702371038162823e+01 9.711656731287689581e+00 8.163451460296666795e+00 9.711656731287689581e+00 1.470974835867354535e+01 1.016498702338892279e+01 8.163451460296666795e+00 1.016498702338892279e+01 3.885089220238777230e+00
-1.212705069883021380e+01 9.673811432413552680e+00 8.110442739380790300e+00 9.673811432413552680e+00 1.468052398031658257e+01 1.007518124969953099e+01 8.110442739380790300e+00 1.007518124969953099e+01 3.993564618444398029e+00
-1.193666751910711987e+01 9.626459625799302700e+00 8.040662080854982463e+00 9.626459625799302700e+00 1.463696754751492612e+01 9.962874331264053751e+00 8.040662080854982463e+00 9.962874331264053751e+00 4.088846574349101815e+00
-1.173838634721210816e+01 9.569926629200306678e+00 7.954091411510609611e+00 9.569926629200306678e+00 1.457775971603848397e+01 9.828734976801854373e+00 7.954091411510609611e+00 9.828734976801854373e+00 4.168097594197760714e+00
2.249060750422788857e+01 -1.105960200942197069e+01 7.564781122533951851e+00 -1.105960200942197069e+01 2.569347443739792070e+00 -5.310888789778841712e+00 7.564781122533951851e+00 -5.310888789778841712e+00 3.061181935032405832e+01
2.236174164187425362e+01 -1.110672857478683362e+01 7.677387876083739293e+00 -1.110672857478683362e+01 2.291309583146496465e+00 -5.298374956037889660e+00 7.677387876083739293e+00 -5.298374956037889660e+00 3.008609633225382041e+01
2.217566714668786787e+01 -1.113489801329306061e+01 7.767256727474435074e+00 -1.113489801329306061e+01 1.984623030839872682e+00 -5.270205517531660888e+00 7.767256727474435074e+00 -5.270205517531660888e+00 2.943992100813237656e+01
2.193438978209104206e+01 -1.114407482470309319e+01 7.833908423498937346e+00 -1.114407482470309319e+01 1.652110055706177416e+00 -5.226149722715996759e+00 7.833908423498937346e+00 -5.226149722715996759e+00 2.867675465112210986e+01
2.163837105117209703e+01 -1.113443651020474157e+01 7.877023462019183242e+00 -1.113443651020474157e+01 1.294959915703770781e+00 -5.166154321234552427e+00 7.877023462019183242e+00 -5.166154321234552427e+00 2.779940177999051443e+01
2.128855171022644654e+01 -1.110637357241120249e+01 7.896495342322479516e+00 -1.110637357241120249e+01 9.144151191473572915e-01 -5.090254813324891714e+00 7.896495342322479516e+00 -5.090254813324891714e+00 2.681125266742483504e+01
2.088590801578707357e+01 -1.106054276571738981e+01 7.892430565121518526e+00 -1.106054276571738981e+01 5.113986722135746010e-01 -4.998522199462139604e+00 7.892430565121518526e+00 -4.998522199462139604e+00 2.571573308634991406e+01
2.043177122676259572e+01 -1.099776059558725194e+01 7.865166382673145939e+00 -1.099776059558725194e+01 8.670933024758988028e-02 -4.891133980834110773e+00 7.865166382673145939e+00 -4.891133980834110773e+00 2.451703206479817254e+01
1.992770335360577860e+01 -1.091912756938524076e+01 7.815341799253498145e+00 -1.091912756938524076e+01 -3.588364012866483987e-01 -4.768391909460091505e+00 7.815341799253498145e+00 -4.768391909460091505e+00 2.321916112961423906e+01
1.937553265855111562e+01 -1.082588619542606168e+01 7.743649069495050163e+00 -1.082588619542606168e+01 -8.244575171627543941e-01 -4.630775238547181871e+00 7.743649069495050163e+00 -4.630775238547181871e+00 2.182687731263154518e+01
4.556784122942124071e+01 -5.027749138974308529e+00 4.898158465187535171e+00 -5.027749138974308529e+00 9.646466182435600167e-01 5.469394155239629463e+00 4.898158465187535171e+00 5.469394155239629463e+00 3.189287103970386639e+01
4.542247124376186207e+01 -5.088898365384880940e+00 4.842895730399820131e+00 -5.088898365384880940e+00 8.887020905003149007e-01 5.380868349878578094e+00 4.842895730399820131e+00 5.380868349878578094e+00 3.159947775425061423e+01
4.521287699875458799e+01 -5.139170761005756205e+00 4.773962277753649452e+00 -5.139170761005756205e+00 7.907403269259070111e-01 5.287545493135316299e+00 4.773962277753649452e+00 5.287545493135316299e+00 3.118129084639279114e+01
4.494051693859255181e+01 -5.178197321884456805e+00 4.691709539584715927e+00 -5.178197321884456805e+00 6.709546153049673611e-01 5.189882447046247904e+00 4.691709539584715927e+00 5.189882447046247904e+00 3.064040133852778069e+01
4.460660350483390602e+01 -5.205644187302076453e+00 4.596576806312635988e+00 -5.205644187302076453e+00 5.288880936010948997e-01 5.088406360114910321e+00 4.596576806312635988e+00 5.088406360114910321e+00 2.997907596922080486e+01
4.421257757005497524e+01 -5.221300497857196632e+00 4.489126369674518280e+00 -5.221300497857196632e+00 3.637500390589809562e-01 4.983503807910566685e+00 4.489126369674518280e+00 4.983503807910566685e+00 2.919972204997134924e+01
4.375996786491603530e+01 -5.225148681933034389e+00 4.369938093024257064e+00 -5.225148681933034389e+00 1.746794424561774473e-01 4.875561366002479247e+00 4.369938093024257064e+00 4.875561366002479247e+00 2.830481717874605607e+01
4.325056669432911605e+01 -5.217259025996727750e+00 4.239732412650021764e+00 -5.217259025996727750e+00 -3.943070806474823636e-02 4.764825037025633314e+00 4.239732412650021764e+00 4.764825037025633314e+00 2.729736610201508995e+01
4.268620150643981503e+01 -5.197947819150400051e+00 4.099194621606414124e+00 -5.197947819150400051e+00 -2.798279972955061146e-01 4.651505680381442964e+00 4.099194621606414124e+00 4.651505680381442964e+00 2.618026813654793372e+01
4.206906875334622242e+01 -5.167601636963315315e+00 3.949062727798388295e+00 -5.167601636963315315e+00 -5.476018654767441651e-01 4.535708725770618344e+00 3.949062727798388295e+00 4.535708725770618344e+00 2.495702003408472081e+01
7.946543916577033961e+00 -7.919887469792792345e+00 -1.009672579858005825e+01 -7.919887469792792345e+00 -3.362691338328215807e+01 1.987179837253527737e+01 -1.009672579858005825e+01 1.987179837253527737e+01 -2.921381930234122137e+01
8.048175088424796897e+00 -7.943029187299444516e+00 -1.006664711539395363e+01 -7.943029187299444516e+00 -3.363087207836323245e+01 1.987616403626954664e+01 -1.006664711539395363e+01 1.987616403626954664e+01 -2.908375582049527708e+01
8.182678228305588775e+00 -7.957291588736398857e+00 -1.001472161496136160e+01 -7.957291588736398857e+00 -3.357802164917337251e+01 1.985341078884094301e+01 -1.001472161496136160e+01 1.985341078884094301e+01 -2.884366281368564700e+01
8.348240475855183362e+00 -7.962471189777056146e+00 -9.940727314380536583e+00 -7.962471189777056146e+00 -3.346937951734557970e+01 1.980307616587083785e+01 -9.940727314380536583e+00 1.980307616587083785e+01 -2.849609308528237150e+01
8.543233956460801082e+00 -7.958456998970547147e+00 -9.844590219350902061e+00 -7.958456998970547147e+00 -3.330587061163711127e+01 1.972466070583030984e+01 -9.844590219350902061e+00 1.972466070583030984e+01 -2.804383992013237403e+01
8.766234279836259802e+00 -7.945064030565417212e+00 -9.726402822748180910e+00 -7.945064030565417212e+00 -3.308836436507977652e+01 1.961783143436674237e+01 -9.726402822748180910e+00 1.961783143436674237e+01 -2.748934513015482395e+01
9.015576574218492567e+00 -7.922255287411378966e+00 -9.586442603199550661e+00 -7.922255287411378966e+00 -3.281797069218229268e+01 1.948219988140209225e+01 -9.586442603199550661e+00 1.948219988140209225e+01 -2.683575347312440229e+01
9.289392483517831423e+00 -7.890067766658719783e+00 -9.425079532207918831e+00 -7.890067766658719783e+00 -3.249602149035513321e+01 1.931748856830918015e+01 -9.425079532207918831e+00 1.931748856830918015e+01 -2.608630219969152364e+01
9.585647164468307224e+00 -7.848612459758313342e+00 -9.242850068452494128e+00 -7.848612459758313342e+00 -3.212425562566192383e+01 1.912342001646082323e+01 -9.242850068452494128e+00 1.912342001646082323e+01 -2.524500550066269966e+01
9.902620249581412182e+00 -7.798000358161030654e+00 -9.040401662063358046e+00 -7.798000358161030654e+00 -3.170418998126458376e+01 1.889979074153042404e+01 -9.040401662063358046e+00 1.889979074153042404e+01 -2.431515612241377156e+01
-4.602580654578162012e+01 1.021342496868128968e+01 9.070316109780102165e-01 1.021342496868128968e+01 -4.710956411809317501e+01 1.731924043521120993e+01 9.070316109780102165e-01 1.731924043521120993e+01 -3.970876274986222398e+01
-4.603477467144659840e+01 1.018942657232030413e+01 8.833218881899321806e-01 1.018942657232030413e+01 -4.719120100451121402e+01 1.730032269373338849e+01 8.833218881899321806e-01 1.730032269373338849e+01 -3.985767982367241302e+01
-4.599066534950643614e+01 1.015963545959632341e+01 8.558786538589262527e-01 1.015963545959632341e+01 -4.721927932070261846e+01 1.725938878109520047e+01 8.558786538589262527e-01 1.725938878109520047e+01 -3.985843037496196928e+01
-4.589293972262505861e+01 1.012409012031906563e+01 8.248943570335969255e-01 1.012409012031906563e+01 -4.719316398480697927e+01 1.719663114634526480e+01 8.248943570335969255e-01 1.719663114634526480e+01 -3.971159175087671400e+01
-4.574204042361424172e+01 1.008279055448853612e+01 7.907346509062928019e-01 1.008279055448853612e+01 -4.711320140511179488e+01 1.711220374872245742e+01 7.907346509062928019e-01 1.711220374872245742e+01 -3.941774129856246134e+01
-4.553881422828786185e+01 1.003577525191444764e+01 7.537266988596417194e-01 1.003577525191444764e+01 -4.697998817366774915e+01 1.700614507803650000e+01 7.537266988596417194e-01 1.700614507803650000e+01 -3.897832238588373599e+01
-4.528428111660350908e+01 9.983024967691946472e+00 7.142553989908526635e-01 9.983024967691946472e+00 -4.679442880100325652e+01 1.687841664447767442e+01 7.142553989908526635e-01 1.687841664447767442e+01 -3.839535572785089101e+01
-4.497959578285281168e+01 9.924578191630750723e+00 6.725709350631113859e-01 9.924578191630750723e+00 -4.655750477726621739e+01 1.672899920314111810e+01 6.725709350631113859e-01 1.672899920314111810e+01 -3.767128542738121411e+01
-4.462614386018573498e+01 9.860357944111418860e+00 6.291351847930689578e-01 9.860357944111418860e+00 -4.627052475598713954e+01 1.655771954988308536e+01 6.291351847930689578e-01 1.655771954988308536e+01 -3.680905595491833537e+01
-4.422552267570569029e+01 9.790364225133950882e+00 5.842560666584926121e-01 9.790364225133950882e+00 -4.593481663560140049e+01 1.636438523565497505e+01 5.842560666584926121e-01 1.636438523565497505e+01 -3.581201592390798538e+01
5.758878605185385169e+01 -7.123467733172960115e-01 1.402441543844945393e+01 -7.123467733172960115e-01 4.170197657874479802e+01 2.104368174430945260e+01 1.402441543844945393e+01 2.104368174430945260e+01 6.685193362470963052e+01
5.718682976973338583e+01 -6.584665124873869679e-01 1.398637229600507581e+01 -6.584665124873869679e-01 4.154149377910476204e+01 2.106750553852596397e+01 1.398637229600507581e+01 2.106750553852596397e+01 6.617320241235258038e+01
5.666314905511853794e+01 -6.090308623011588818e-01 1.390853200768221676e+01 -6.090308623011588818e-01 4.127817188491611233e+01 2.103841973400716370e+01 1.390853200768221676e+01 2.103841973400716370e+01 6.521139548072386560e+01
5.602186496462147858e+01 -5.645506975452414533e-01 1.379201849801147262e+01 -5.645506975452414533e-01 4.091320293734764846e+01 2.095644135991260271e+01 1.379201849801147262e+01 2.095644135991260271e+01 6.397240491902927317e+01
5.526883552912887865e+01 -5.255028346871563061e-01 1.363826221639540215e+01 -5.255028346871563061e-01 4.044801738580194694e+01 2.082203020355025558e+01 1.363826221639540215e+01 2.082203020355025558e+01 6.246515400687527375e+01
5.440922058398571437e+01 -4.923300318753159877e-01 1.344934072029963446e+01 -4.923300318753159877e-01 3.988293878431051809e+01 2.063636127692936384e+01 1.344934072029963446e+01 2.063636127692936384e+01 6.069822544067726255e+01
5.345405502458319091e+01 -4.650493182692748695e-01 1.322751888794489439e+01 -4.650493182692748695e-01 3.922399545535560605e+01 2.040091611693116036e+01 1.322751888794489439e+01 2.040091611693116036e+01 5.868963607124369730e+01
5.241170016826247036e+01 -4.436777230285871565e-01 1.297570870561497536e+01 -4.436777230285871565e-01 3.847421858933788741e+01 2.011819801001012564e+01 1.297570870561497536e+01 2.011819801001012564e+01 5.645510381284326229e+01
5.129302061881924146e+01 -4.279938670790466304e-01 1.269733303438029637e+01 -4.279938670790466304e-01 3.763934701302716945e+01 1.979128923404559970e+01 1.269733303438029637e+01 1.979128923404559970e+01 5.401506365694112333e+01
5.011039657524949575e+01 -4.175549922722406326e-01 1.239605314354504095e+01 -4.175549922722406326e-01 3.672646485679805295e+01 1.942405540825641097e+01 1.239605314354504095e+01 1.942405540825641097e+01 5.139344157271114710e+01
-3.841830651810722230e+01 8.382806999610803445e+00 2.453921059145244943e+00 8.382806999610803445e+00 -2.620951835065999447e+01 -6.288026291958365377e+00 2.453921059145244943e+00 -6.288026291958365377e+00 -3.538177664108709308e+01
-3.843582049074301921e+01 8.321064105787955967e+00 2.209367810172499613e+00 8.321064105787955967e+00 -2.609840759222297990e+01 -6.297529558663657490e+00 2.209367810172499613e+00 -6.297529558663657490e+00 -3.525642042917932883e+01
-3.839540799077757782e+01 8.255996013276975631e+00 1.962792991542763987e+00 8.255996013276975631e+00 -2.593535949745823999e+01 -6.298001888022767503e+00 1.962792991542763987e+00 -6.298001888022767503e+00 -3.498866636208710190e+01
-3.829644554345686913e+01 8.187697187949682487e+00 1.713705380722563509e+00 8.187697187949682487e+00 -2.572073303667869837e+01 -6.289027630199679031e+00 1.713705380722563509e+00 -6.289027630199679031e+00 -3.458080051390851395e+01
-3.813972666210420215e+01 8.116469920595907439e+00 1.462104977711898401e+00 8.116469920595907439e+00 -2.545577515939240598e+01 -6.270153349009647492e+00 1.462104977711898401e+00 -6.270153349009647492e+00 -3.403503338604419781e+01
-3.792646050987890050e+01 8.042559822482388654e+00 1.208029568859497305e+00 8.042559822482388654e+00 -2.514231850351270481e+01 -6.240887821919196554e+00 1.208029568859497305e+00 -6.240887821919196554e+00 -3.335448235226428437e+01
-3.765838525882247723e+01 7.966231398050227952e+00 9.514791541653604412e-01 7.966231398050227952e+00 -2.478274360900951834e+01 -6.200683146871761586e+00 9.514791541653604412e-01 -6.200683146871761586e+00 -3.254347394949820682e+01
-3.733733354684829209e+01 7.887768044914890808e+00 6.924159472807588367e-01 7.887768044914890808e+00 -2.437958216124766508e+01 -6.149085887682595342e+00 6.924159472807588367e-01 -6.149085887682595342e+00 -3.160690150990635416e+01
-3.696555366170570522e+01 7.807509840214936325e+00 4.308399482056924912e-01 7.807509840214936325e+00 -2.393568702955617411e+01 -6.085623714992588695e+00 4.308399482056924912e-01 -6.085623714992588695e+00 -3.054994176326457378e+01
-3.654531278431843333e+01 7.725702395217100005e+00 1.667133705914326802e-01 7.725702395217100005e+00 -2.345413780135644188e+01 -6.009862085791358943e+00 1.667133705914326802e-01 -6.009862085791358943e+00 -2.937816819601034979e+01
2.768338927092215940e+01 -1.339643827581235414e+01 -1.047723448181395867e+01 -1.339643827581235414e+01 -1.640483102316407482e+00 -1.434420501047414831e+01 -1.047723448181395867e+01 -1.434420501047414831e+01 -1.597462127623523909e+00
2.759577381955261188e+01 -1.337415891817838265e+01 -1.056424198923522617e+01 -1.337415891817838265e+01 -1.611820333225512769e+00 -1.433268983686557974e+01 -1.056424198923522617e+01 -1.433268983686557974e+01 -1.678694167536146420e+00
2.750640605915567605e+01 -1.333759287775986735e+01 -1.063694493316758916e+01 -1.333759287775986735e+01 -1.560413308187258652e+00 -1.429778670195265100e+01 -1.063694493316758916e+01 -1.429778670195265100e+01 -1.746479917769197421e+00
2.741562572311421064e+01 -1.328702624582658665e+01 -1.069552212065465824e+01 -1.328702624582658665e+01 -1.486369311427811368e+00 -1.423895918460452670e+01 -1.069552212065465824e+01 -1.423895918460452670e+01 -1.800908781844482665e+00
2.732355797635873884e+01 -1.322313848914426337e+01 -1.073997355169643164e+01 -1.322313848914426337e+01 -1.391065157182978629e+00 -1.415554569875984825e+01 -1.073997355169643164e+01 -1.415554569875984825e+01 -1.842266851031781005e+00
2.722955911353227165e+01 -1.314600113053034036e+01 -1.076960187882282760e+01 -1.314600113053034036e+01 -1.275019385879232470e+00 -1.404734955667063900e+01 -1.076960187882282760e+01 -1.404734955667063900e+01 -1.871555444775314658e+00
2.713341456618246283e+01 -1.305632939815926363e+01 -1.078426405639895513e+01 -1.305632939815926363e+01 -1.140306159222464810e+00 -1.391370917227553861e+01 -1.078426405639895513e+01 -1.391370917227553861e+01 -1.890205019423975674e+00
2.703430182190870923e+01 -1.295473123597931320e+01 -1.078345942470270380e+01 -1.295473123597931320e+01 -9.889996389185665704e-01 -1.375398084021754741e+01 -1.078345942470270380e+01 -1.375398084021754741e+01 -1.900200333161848221e+00
2.693155929464964515e+01 -1.284183246864312444e+01 -1.076665156260323997e+01 -1.284183246864312444e+01 -8.232812708995961293e-01 -1.356746721302658010e+01 -1.076665156260323997e+01 -1.356746721302658010e+01 -1.903633428399185368e+00
2.682432871059593893e+01 -1.271825892080334341e+01 -1.073312524192611761e+01 -1.271825892080334341e+01 -6.455470695499450073e-01 -1.335341730111947101e+01 -1.073312524192611761e+01 -1.335341730111947101e+01 -1.902739393181128946e+00
-2.389631850999416685e+01 -3.096377159682007996e+00 1.867519092096160449e+01 -3.096377159682007996e+00 1.432670838545953984e+01 2.249097306877477465e+01 1.867519092096160449e+01 2.249097306877477465e+01 -2.741170832187674833e+01
-2.392217330145199128e+01 -3.029393079401551780e+00 1.852110736591187390e+01 -3.029393079401551780e+00 1.426870930362896850e+01 2.234732311396582460e+01 1.852110736591187390e+01 2.234732311396582460e+01 -2.755405636874704101e+01
-2.388894714391895491e+01 -2.962482346047217163e+00 1.834397453932846034e+01 -2.962482346047217163e+00 1.423302602407086148e+01 2.216591782893583584e+01 1.834397453932846034e+01 2.216591782893583584e+01 -2.759987986084144751e+01
-2.379581488447618653e+01 -2.895883337128899004e+00 1.814315065560780482e+01 -2.895883337128899004e+00 1.422086877106622183e+01 2.194659218310103199e+01 1.814315065560780482e+01 2.194659218310103199e+01 -2.754776686983212386e+01
-2.364371169643173332e+01 -2.829834430156492164e+00 1.791841567397154122e+01 -2.829834430156492164e+00 1.423192582017903796e+01 2.168962122743436893e+01 1.791841567397154122e+01 2.168962122743436893e+01 -2.739812080381274129e+01
-2.343392115099272388e+01 -2.764757369955194832e+00 1.766965957403048648e+01 -2.764757369955194832e+00 1.426573875312104711e+01 2.139535335983492814e+01 1.766965957403048648e+01 2.139535335983492814e+01 -2.715211521360124181e+01
-2.316811189072842225e+01 -2.700945544229493400e+00 1.739668065173781031e+01 -2.700945544229493400e+00 1.432162911082562751e+01 2.106415531493331628e+01 1.739668065173781031e+01 2.106415531493331628e+01 -2.681140040503536426e+01
-2.284846598669094675e+01 -2.638839034536117012e+00 1.709946057036198042e+01 -2.638839034536117012e+00 1.439866171998472844e+01 2.069661386813849902e+01 1.709946057036198042e+01 2.069661386813849902e+01 -2.637845183687170447e+01
-2.247740388744229634e+01 -2.578804575505672769e+00 1.677792598297687121e+01 -2.578804575505672769e+00 1.449586473382723995e+01 2.029333413159098498e+01 1.677792598297687121e+01 2.029333413159098498e+01 -2.585598334537676024e+01
-2.205771277617509796e+01 -2.521245575231828795e+00 1.643220524670320160e+01 -2.521245575231828795e+00 1.461199125460909976e+01 1.985514125820963827e+01 1.643220524670320160e+01 1.985514125820963827e+01 -2.524758892993048320e+01
-1.968200891587315482e+01 7.182122344528321101e-01 1.666613817460680025e+01 7.182122344528321101e-01 2.958935833164729079e+00 -2.180566821011063183e+01 1.666613817460680025e+01 -2.180566821011063183e+01 9.491281009118058831e-01
-1.966886587841461775e+01 6.951936646817042931e-01 1.634448058702786355e+01 6.951936646817042931e-01 2.867390926422297870e+00 -2.176822880757249834e+01 1.634448058702786355e+01 -2.176822880757249834e+01 8.210382483471719839e-01
-1.963732258851413803e+01 6.735076528751224867e-01 1.599673772093747104e+01 6.735076528751224867e-01 2.768343535797286759e+00 -2.168697928017259002e+01 1.599673772093747104e+01 -2.168697928017259002e+01 6.911594823506819196e-01
-1.958710523289132155e+01 6.534280123134724727e-01 1.562269052571131844e+01 6.534280123134724727e-01 2.662888914411239760e+00 -2.156202915322304747e+01 1.562269052571131844e+01 -2.156202915322304747e+01 5.600576837018005349e-01
-1.951916303091817184e+01 6.350642683089090523e-01 1.522246678088025007e+01 6.350642683089090523e-01 2.551136587576311676e+00 -2.139370700266034575e+01 1.522246678088025007e+01 -2.139370700266034575e+01 4.278788861500669172e-01
-1.943491981165270488e+01 6.186719799231258365e-01 1.479652284191157818e+01 6.186719799231258365e-01 2.433123063729887736e+00 -2.118243267551440212e+01 1.479652284191157818e+01 -2.118243267551440212e+01 2.943492764150951180e-01
-1.933612798008938682e+01 6.043606724682770714e-01 1.434513252208568979e+01 6.043606724682770714e-01 2.308611038028966167e+00 -2.092873554412730286e+01 1.434513252208568979e+01 -2.092873554412730286e+01 1.589942448108823680e-01
-1.922472248340961798e+01 5.922946339125947368e-01 1.386867915999512135e+01 5.922946339125947368e-01 2.177417968286622596e+00 -2.063327276037197322e+01 1.386867915999512135e+01 -2.063327276037197322e+01 2.113838524580962178e-02
-1.910280255676301664e+01 5.826016437869255826e-01 1.336749133157634084e+01 5.826016437869255826e-01 2.039215278566393952e+00 -2.029682925565218099e+01 1.336749133157634084e+01 -2.029682925565218099e+01 -1.199667252465119460e-01
-1.897264997748614235e+01 5.754459900595013666e-01 1.284189761276580732e+01 5.754459900595013666e-01 1.893820426681356306e+00 -1.992015345293432205e+01 1.284189761276580732e+01 -1.992015345293432205e+01 -2.651425265072406834e-01
4.235082050879842086e+01 -1.749505024978172729e+00 1.652978493785935754e+01 -1.749505024978172729e+00 5.130221640014161366e+00 -2.272752286244380748e+00 1.652978493785935754e+01 -2.272752286244380748e+00 4.291270994148369766e+01
4.230520030460947822e+01 -1.797281756882421755e+00 1.640730117672795529e+01 -1.797281756882421755e+00 5.341193168455935059e+00 -2.123951873887916619e+00 1.640730117672795529e+01 -2.123951873887916619e+00 4.310870850513786223e+01
4.217075921094276936e+01 -1.839570739397302424e+00 1.623856603256410125e+01 -1.839570739397302424e+00 5.506421763489199428e+00 -1.962177229748280904e+00 1.623856603256410125e+01 -1.962177229748280904e+00 4.312532954801685037e+01
4.194870698724834313e+01 -1.876108981338020065e+00 1.602449120814175743e+01 -1.876108981338020065e+00 5.624119085057356138e+00 -1.788077065414630740e+00 1.602449120814175743e+01 -1.788077065414630740e+00 4.296078473006404863e+01
4.164076184260018465e+01 -1.906651024265433758e+00 1.576667218331533959e+01 -1.906651024265433758e+00 5.692181203682051382e+00 -1.602545550915266848e+00 1.576667218331533959e+01 -1.602545550915266848e+00 4.261530197697295108e+01
4.124941342688100576e+01 -1.930916344249096639e+00 1.546702002736101988e+01 -1.930916344249096639e+00 5.708802246561034188e+00 -1.406634650989365243e+00 1.546702002736101988e+01 -1.406634650989365243e+00 4.209058196507189820e+01
4.077758970861486176e+01 -1.948747146578132305e+00 1.512772633348541262e+01 -1.948747146578132305e+00 5.671983480689870127e+00 -1.201413863121754799e+00 1.512772633348541262e+01 -1.201413863121754799e+00 4.138914940973490530e+01
4.022881476967797454e+01 -1.959968103796010830e+00 1.475142101353645430e+01 -1.959968103796010830e+00 5.580041762485875800e+00 -9.880754140168350741e-01 1.475142101353645430e+01 -9.880754140168350741e-01 4.051452839283821561e+01
3.960699841235096841e+01 -1.964474019428815277e+00 1.434090930681862375e+01 -1.964474019428815277e+00 5.431539406805511838e+00 -7.678115303790059576e-01 1.434090930681862375e+01 -7.678115303790059576e-01 3.947090924059288142e+01
3.891668161775793777e+01 -1.962212295239586624e+00 1.389927697656682959e+01 -1.962212295239586624e+00 5.224880933794360693e+00 -5.419021026409316377e-01 1.389927697656682959e+01 -5.419021026409316377e-01 3.826391996435349085e+01
-4.634043186647859969e+00 -5.238770849173384203e-01 6.467450524559935410e+00 -5.238770849173384203e-01 1.553711994115344908e+01 1.871836182446583763e+01 6.467450524559935410e+00 1.871836182446583763e+01 -1.521104607781023610e+01
-4.587236857615034857e+00 -4.619439900806149857e-01 6.426944006106537266e+00 -4.619439900806149857e-01 1.551184849470302396e+01 1.880692019324139963e+01 6.426944006106537266e+00 1.880692019324139963e+01 -1.518479987556814947e+01
-4.501837419645772442e+00 -4.012203144668761712e-01 6.377050950400123597e+00 -4.012203144668761712e-01 1.550592775582035188e+01 1.886244517129962261e+01 6.377050950400123597e+00 1.886244517129962261e+01 -1.509398512764522593e+01
-4.378097587204577756e+00 -3.420129256401630014e-01 6.317572796075727304e+00 -3.420129256401630014e-01 1.551961043896994141e+01 1.888517142207182786e+01 6.317572796075727304e+00 1.888517142207182786e+01 -1.493959464086629829e+01
-4.217010167116288955e+00 -2.847008952972318041e-01 6.248310981768380401e+00 -2.847008952972318041e-01 1.555235501315642033e+01 1.887511699659119557e+01 6.248310981768380401e+00 1.887511699659119557e+01 -1.472325300821746907e+01
-4.020019242035215434e+00 -2.296271930684812002e-01 6.169030844046757167e+00 -2.296271930684812002e-01 1.560347553911899965e+01 1.883228189485772219e+01 6.169030844046757167e+00 1.883228189485772219e+01 -1.444692779231523616e+01
-3.788767455980635468e+00 -1.772611458165620213e-01 6.079407464313637988e+00 -1.772611458165620213e-01 1.567203336313236939e+01 1.875664806583823108e+01 6.079407464313637988e+00 1.875664806583823108e+01 -1.411300172953921006e+01
-3.525132116403151716e+00 -1.279457231718728882e-01 5.979115923971803248e+00 -1.279457231718728882e-01 1.575707178043805357e+01 1.864816135643318873e+01 5.979115923971803248e+00 1.864816135643318873e+01 -1.372392976040171675e+01
-3.230990530753367729e+00 -8.205999683117015664e-02 5.867831304424033334e+00 -8.205999683117015664e-02 1.585741747387942624e+01 1.850676761354305455e+01 5.867831304424033334e+00 1.850676761354305455e+01 -1.328272640744363109e+01
-2.908472720946390755e+00 -3.994693642485252355e-02 5.745048176741318180e+00 -3.994693642485252355e-02 1.597187907526667772e+01 1.833226827580285700e+01 5.745048176741318180e+00 1.833226827580285700e+01 -1.279227983597357010e+01
-2.686796607995000841e+01 -6.637295883092288129e+00 -6.162410894658539640e+00 -6.637295883092288129e+00 -1.862991743603491201e+01 2.443987038260687861e+00 -6.162410894658539640e+00 2.443987038260687861e+00 -4.730430545908389917e+01
-2.692529109394388342e+01 -6.628937937279516746e+00 -6.189864685276725176e+00 -6.628937937279516746e+00 -1.873815845624695342e+01 2.414134554673814659e+00 -6.189864685276725176e+00 2.414134554673814659e+00 -4.755045258520667772e+01
-2.691966915729852161e+01 -6.616251100249815664e+00 -6.211377962839645051e+00 -6.616251100249815664e+00 -1.878564508111145059e+01 2.381096306987902533e+00 -6.211377962839645051e+00 2.381096306987902533e+00 -4.762325666476411357e+01
-2.685003210205130131e+01 -6.599104193481460712e+00 -6.227006946713752100e+00 -6.599104193481460712e+00 -1.877106552541114226e+01 2.344891034991769541e+00 -6.227006946713752100e+00 2.344891034991769541e+00 -4.752260525902331523e+01
-2.671643614756867890e+01 -6.577515956763269500e+00 -6.236714157321411101e+00 -6.577515956763269500e+00 -1.869455096766776236e+01 2.305481259107780012e+00 -6.236714157321411101e+00 2.305481259107780012e+00 -4.724859206692836011e+01
-2.651929356920464187e+01 -6.551486390095242918e+00 -6.240424635507349826e+00 -6.551486390095242918e+00 -1.855645746386884909e+01 2.262904458913570505e+00 -6.240424635507349826e+00 2.262904458913570505e+00 -4.680219155749777826e+01
-2.625952261661127096e+01 -6.521052973055014412e+00 -6.238063422116297829e+00 -6.521052973055014412e+00 -1.835768452387765493e+01 2.217160634409139686e+00 -6.238063422116297829e+00 2.217160634409139686e+00 -4.618555880644563416e+01
-2.593789162113009894e+01 -6.486140746487315312e+00 -6.229386899893622598e+00 -6.486140746487315312e+00 -1.809894425966927045e+01 2.168287265172123668e+00 -6.229386899893622598e+00 2.168287265172123668e+00 -4.540083014969715691e+01
-2.555539379156846991e+01 -6.446768450180962340e+00 -6.214245150528779682e+00 -6.446768450180962340e+00 -1.778121114026221150e+01 2.116246871624887671e+00 -6.214245150528779682e+00 2.116246871624887671e+00 -4.445072285663093226e+01
-2.511358453039827054e+01 -6.402898604558318496e+00 -6.192375816978320735e+00 -6.402898604558318496e+00 -1.740594686918428380e+01 2.061058193556248419e+00 -6.192375816978320735e+00 2.061058193556248419e+00 -4.333909732374345936e+01
1.702726443878138651e+00 1.775463742245259491e+00 -9.128139492779604680e+00 1.775463742245259491e+00 -7.060178954972943011e+00 5.255602086297388453e+00 -9.128139492779604680e+00 5.255602086297388453e+00 -1.805467195056067808e+01
1.712794961023824891e+00 1.773679448067542852e+00 -9.233904440517928691e+00 1.773679448067542852e+00 -6.962006361031637169e+00 5.358654178602246354e+00 -9.233904440517928691e+00 5.358654178602246354e+00 -1.791831910263292471e+01
1.754998980451856871e+00 1.769965203044541191e+00 -9.326651323592299647e+00 1.769965203044541191e+00 -6.827474221448493807e+00 5.455333791700972768e+00 -9.326651323592299647e+00 5.455333791700972768e+00 -1.769943354544405878e+01
1.831650801759886926e+00 1.764393835510038144e+00 -9.406070621584134983e+00 1.764393835510038144e+00 -6.654579757044443156e+00 5.545768375177691389e+00 -9.406070621584134983e+00 5.545768375177691389e+00 -1.739612174231567820e+01
1.940729438685399266e+00 1.756856102963357591e+00 -9.471980263658974053e+00 1.756856102963357591e+00 -6.446054030336399343e+00 5.629939721948955977e+00 -9.471980263658974053e+00 5.629939721948955977e+00 -1.701275339327485270e+01
2.080814738719599433e+00 1.747297384154161470e+00 -9.524088936481676981e+00 1.747297384154161470e+00 -6.203918027586876605e+00 5.707665761180304997e+00 -9.524088936481676981e+00 5.707665761180304997e+00 -1.655284246542667503e+01
2.250559377687476381e+00 1.735608436581773217e+00 -9.561996084216433545e+00 1.735608436581773217e+00 -5.930301977559067517e+00 5.778855457454509015e+00 -9.561996084216433545e+00 5.778855457454509015e+00 -1.601999396129346209e+01
2.448342925162329209e+00 1.721734638995854327e+00 -9.585337565194317122e+00 1.721734638995854327e+00 -5.627445351516842109e+00 5.843290325770214011e+00 -9.585337565194317122e+00 5.843290325770214011e+00 -1.541803136839890698e+01
2.672490329467116954e+00 1.705512127645389953e+00 -9.593658202329178764e+00 1.705512127645389953e+00 -5.297696863224744313e+00 5.900806502376405582e+00 -9.593658202329178764e+00 5.900806502376405582e+00 -1.475106948760181602e+01
2.921253710591015906e+00 1.686868074196596012e+00 -9.586539232701758451e+00 1.686868074196596012e+00 -4.943459847697657672e+00 5.951058052687606903e+00 -9.586539232701758451e+00 5.951058052687606903e+00 -1.402307746309343983e+01
-4.825166207745403391e+00 -1.156112404473399735e+01 -1.148477865782677654e+01 -1.156112404473399735e+01 4.504595335750838370e-01 2.096978669677894302e+01 -1.148477865782677654e+01 2.096978669677894302e+01 2.255868427899332396e+00
-4.879380132778522672e+00 -1.149768414583198428e+01 -1.136342719406992785e+01 -1.149768414583198428e+01 5.477219614345679721e-01 2.076357077397660333e+01 -1.136342719406992785e+01 2.076357077397660333e+01 2.285014530023456558e+00
-4.923334919874916338e+00 -1.142456513092606762e+01 -1.121867547046093883e+01 -1.142456513092606762e+01 6.479388760143458548e-01 2.051733333780979507e+01 -1.121867547046093883e+01 2.051733333780979507e+01 2.314577522911794194e+00
-4.956504924157967729e+00 -1.134251015311766508e+01 -1.105119413735962830e+01 -1.134251015311766508e+01 7.502764957859908712e-01 2.023100188553691225e+01 -1.105119413735962830e+01 2.023100188553691225e+01 2.344593657935145625e+00
