-1.083530491118424310e-01 -1.084977127288141606e-03 0.000000000000000000e+00 -1.084977127288141606e-03 2.225468917589193407e-01 -1.554953052925121870e+00 0.000000000000000000e+00 -1.554953052925121870e+00 3.689103062300896352e-01
-7.884167124960497763e-03 -1.913176334451423613e-02 7.365186399074336032e-02 -1.913176334451423613e-02 2.070136358865774517e-01 -1.387089008381524824e+00 7.365186399074336032e-02 -1.387089008381524824e+00 4.793790607401439696e-01
1.069968277027322501e-01 -3.699772004052562929e-02 1.468516541784500029e-01 -3.699772004052562929e-02 2.084421891041735031e-01 -1.220870512480981551e+00 1.468516541784500029e-01 -1.220870512480981551e+00 6.129759110135571953e-01
2.283696023420324073e-01 -5.459243245471500500e-02 2.197259512279701732e-01 -5.459243245471500500e-02 2.195632046588769648e-01 -1.056008237989548570e+00 2.197259512279701732e-01 -1.056008237989548570e+00 7.561928918155919055e-01
3.559448295589963673e-01 -7.180740287435351255e-02 2.921481744744536257e-01 -7.180740287435351255e-02 2.406840927367527583e-01 -8.929361757581406600e-01 2.921481744744536257e-01 -8.929361757581406600e-01 9.096809894226208781e-01
4.888183617475507781e-01 -8.853413358671236022e-02 3.641002409657789207e-01 -8.853413358671236022e-02 2.717686874335580316e-01 -7.318351553079730509e-01 3.641002409657789207e-01 -7.318351553079730509e-01 1.072264811946749052e+00
6.247840787488764258e-01 -1.046822098311842031e-01 4.355279018455815998e-01 -1.046822098311842031e-01 3.109906105850243629e-01 -5.729764209208676462e-01 4.355279018455815998e-01 -5.729764209208676462e-01 1.240508598484896918e+00
7.596467356707924390e-01 -1.200708020865543513e-01 5.066300695871976956e-01 -1.200708020865543513e-01 3.546971058626149920e-01 -4.163418896447029227e-01 5.066300695871976956e-01 -4.163418896447029227e-01 1.408101398746671729e+00
8.967878445600134807e-01 -1.347722421613086752e-01 5.771354999088055271e-01 -1.347722421613086752e-01 4.067940909245672532e-01 -2.624198011867585612e-01 5.771354999088055271e-01 -2.624198011867585612e-01 1.581245665309737758e+00
1.029806040365539799e+00 -1.484248710130177951e-01 6.473696859485912336e-01 -1.484248710130177951e-01 4.614226892835252558e-01 -1.110654919300627791e-01 6.473696859485912336e-01 -1.110654919300627791e-01 1.747482244162402498e+00
-6.171409891409839865e+00 -7.145120248034364074e+00 -1.452631380520308824e+00 -7.145120248034364074e+00 -1.058810145572303973e+01 -3.456088209880165074e+00 -1.452631380520308824e+00 -3.456088209880165074e+00 -3.617042933140097460e+01
-6.225402640605961935e+00 -7.172328322808271039e+00 -1.531328619802076796e+00 -7.172328322808271039e+00 -1.064459778960742398e+01 -3.543621630414623080e+00 -1.531328619802076796e+00 -3.543621630414623080e+00 -3.632883628906638052e+01
-6.228918704396095407e+00 -7.194676497893198963e+00 -1.609639276154039900e+00 -7.194676497893198963e+00 -1.064492914640439913e+01 -3.629479858253258584e+00 -1.609639276154039900e+00 -3.629479858253258584e+00 -3.634873610559587576e+01
-6.178276340591617455e+00 -7.211833416492170912e+00 -1.687765845396571818e+00 -7.211833416492170912e+00 -1.058517447068308570e+01 -3.714178337302477928e+00 -1.687765845396571818e+00 -3.714178337302477928e+00 -3.622302301856542073e+01
-6.074893019935146299e+00 -7.223725443761416010e+00 -1.765137657490436496e+00 -7.223725443761416010e+00 -1.046700895513930263e+01 -3.797588206585681192e+00 -1.765137657490436496e+00 -3.797588206585681192e+00 -3.595401652555384686e+01
-5.919376229887808094e+00 -7.230260536146218442e+00 -1.841478581771487155e+00 -7.230260536146218442e+00 -1.029107690465606062e+01 -3.879691057391923437e+00 -1.841478581771487155e+00 -3.879691057391923437e+00 -3.554317091472566403e+01
-5.712720040840525648e+00 -7.231291423959031128e+00 -1.916383626598975987e+00 -7.231291423959031128e+00 -1.005840920704617503e+01 -3.960413254877432898e+00 -1.916383626598975987e+00 -3.960413254877432898e+00 -3.499284250108157579e+01
-5.458201203341174867e+00 -7.226799698488914458e+00 -1.989539843886869663e+00 -7.226799698488914458e+00 -9.772429882545058177e+00 -4.039699572909379199e+00 -1.989539843886869663e+00 -4.039699572909379199e+00 -3.430660257454456286e+01
-5.151015043833604423e+00 -7.216674907470206790e+00 -2.060247702619331100e+00 -7.216674907470206790e+00 -9.428518344705995702e+00 -4.116942524026642403e+00 -2.060247702619331100e+00 -4.116942524026642403e+00 -3.348537157066176206e+01
-4.798856403492031575e+00 -7.200677737660650557e+00 -2.128286298265042120e+00 -7.200677737660650557e+00 -9.034332617281318534e+00 -4.192418238893368176e+00 -2.128286298265042120e+00 -4.192418238893368176e+00 -3.253459846787234966e+01
-8.161695941229890394e+00 6.798443031376478984e+00 1.419811994874336181e+00 6.798443031376478984e+00 -2.921149977396007102e+01 1.520904368691071973e+01 1.419811994874336181e+00 1.520904368691071973e+01 -3.958293344133545588e+01
-8.142550858726103513e+00 6.745835998440074199e+00 1.293663238006636185e+00 6.745835998440074199e+00 -2.910393684694268757e+01 1.513818637571607972e+01 1.293663238006636185e+00 1.513818637571607972e+01 -3.940803649484028881e+01
-8.064050427934041920e+00 6.687766931254780722e+00 1.165911290198989203e+00 6.687766931254780722e+00 -2.892303725530027947e+01 1.504574191209749934e+01 1.165911290198989203e+00 1.504574191209749934e+01 -3.906745162887710165e+01
-7.937044150331020731e+00 6.624813724229182910e+00 1.036425659165585156e+00 6.624813724229182910e+00 -2.868013518614317547e+01 1.493157980376917315e+01 1.036425659165585156e+00 1.493157980376917315e+01 -3.858134922248104459e+01
-7.759145881262235811e+00 6.556995019118396328e+00 9.056351052740849727e-01 6.556995019118396328e+00 -2.837267671902052513e+01 1.479512215632250971e+01 9.056351052740849727e-01 1.479512215632250971e+01 -3.794434180842367965e+01
-7.532816332402956228e+00 6.484758218045196365e+00 7.736887625654133016e-01 6.484758218045196365e+00 -2.800338355017921543e+01 1.463599613465519944e+01 7.736887625654133016e-01 1.463599613465519944e+01 -3.716276758344434228e+01
-7.259267217835699171e+00 6.407954186968660260e+00 6.409035408765368924e-01 6.407954186968660260e+00 -2.757397072108988922e+01 1.445375433664446518e+01 6.409035408765368924e-01 1.445375433664446518e+01 -3.624087686770939598e+01
-6.941406651358509095e+00 6.327272670828065770e+00 5.074285742483808370e-01 6.327272670828065770e+00 -2.708712264448920237e+01 1.424774430086126031e+01 5.074285742483808370e-01 1.424774430086126031e+01 -3.518385206914100394e+01
-6.579588826318580885e+00 6.242527252072255450e+00 3.734875637423332173e-01 6.242527252072255450e+00 -2.654446115307221632e+01 1.401774232624419447e+01 3.734875637423332173e-01 1.401774232624419447e+01 -3.399771447464151919e+01
-6.178641957290874842e+00 6.154668660212130327e+00 2.391364346237409844e-01 6.154668660212130327e+00 -2.595077717790365668e+01 1.376290953381306359e+01 2.391364346237409844e-01 1.376290953381306359e+01 -3.268995806976743523e+01
-1.609081135485580205e+01 -7.098229590451158977e+00 -1.066533619458194693e+01 -7.098229590451158977e+00 6.537042158754349686e+00 7.351429385181081244e+00 -1.066533619458194693e+01 7.351429385181081244e+00 -1.513940888151523012e+01
-1.604288796736095435e+01 -7.022647562173570890e+00 -1.064481585646986872e+01 -7.022647562173570890e+00 6.379762165128401996e+00 7.253939522620133751e+00 -1.064481585646986872e+01 7.253939522620133751e+00 -1.529471717005567477e+01
-1.595359528612769573e+01 -6.942793506210727550e+00 -1.060585642450262966e+01 -6.942793506210727550e+00 6.243805796871590097e+00 7.139817962532402973e+00 -1.060585642450262966e+01 7.139817962532402973e+00 -1.537822253173241194e+01
-1.582307936338458632e+01 -6.859105579248296891e+00 -1.054862220743735257e+01 -6.859105579248296891e+00 6.130505780569484919e+00 7.009612400774972940e+00 -1.054862220743735257e+01 7.009612400774972940e+00 -1.539029009711683038e+01
-1.565243559084578884e+01 -6.772003681443375278e+00 -1.047314971833118058e+01 -6.772003681443375278e+00 6.039989911922073240e+00 6.863797507090649397e+00 -1.047314971833118058e+01 6.863797507090649397e+00 -1.533091986620892655e+01
-1.544347136483968086e+01 -6.681962482538769343e+00 -1.037960326594123828e+01 -6.681962482538769343e+00 5.972459012743619233e+00 6.703012259979363563e+00 -1.037960326594123828e+01 6.703012259979363563e+00 -1.520120723072287028e+01
-1.519824967309461883e+01 -6.589474908805855513e+00 -1.026800110679609368e+01 -6.589474908805855513e+00 5.927237591477052980e+00 6.527493994312519199e+00 -1.026800110679609368e+01 6.527493994312519199e+00 -1.500316040880130508e+01
-1.491903432515320560e+01 -6.494833064701744263e+00 -1.013841626701002596e+01 -6.494833064701744263e+00 5.903887491436705659e+00 6.337790405947199446e+00 -1.013841626701002596e+01 6.337790405947199446e+00 -1.473904320998684270e+01
-1.460805261750092576e+01 -6.398529876497812019e+00 -9.990848746583033346e+00 -6.398529876497812019e+00 5.901751477594078032e+00 6.133956264469113684e+00 -9.990848746583033346e+00 6.133956264469113684e+00 -1.441192273107915511e+01
-1.426877329056597432e+01 -6.300857448651171033e+00 -9.825134236757991246e+00 -6.300857448651171033e+00 5.919204718906486917e+00 5.916301930863942182e+00 -9.825134236757991246e+00 5.916301930863942182e+00 -1.402554156043498068e+01
-1.416022138139984565e-01 -7.256564960695216726e+00 8.902110727855783168e+00 -7.256564960695216726e+00 8.239058451589322374e+00 1.744625954740985918e+01 8.902110727855783168e+00 1.744625954740985918e+01 1.064172827307845637e+01
-2.368429204889966611e-01 -7.281795835216557933e+00 8.987298648459912442e+00 -7.281795835216557933e+00 8.243554330869674374e+00 1.751517238501911322e+01 8.987298648459912442e+00 1.751517238501911322e+01 1.051805562583450637e+01
-3.385217262934603344e-01 -7.301991324943904793e+00 9.054970623387784912e+00 -7.301991324943904793e+00 8.231685209569542749e+00 1.753918038037619453e+01 9.054970623387784912e+00 1.753918038037619453e+01 1.034902854841035413e+01
-4.400206969267099200e-01 -7.317133446360133853e+00 9.105180603190767386e+00 -7.317133446360133853e+00 8.209349681304749069e+00 1.751799579720717048e+01 9.105180603190767386e+00 1.751799579720717048e+01 1.014770307423614604e+01
-5.493604810248950976e-01 -7.327042364294030108e+00 9.137712785663401505e+00 -7.327042364294030108e+00 8.167879690822772432e+00 1.745210419047431927e+01 9.137712785663401505e+00 1.745210419047431927e+01 9.898937081895653023e+00
-6.585384134689876712e-01 -7.331484293023019738e+00 9.152387335634474042e+00 -7.331484293023019738e+00 8.114684447177635818e+00 1.734125379093793740e+01 9.152387335634474042e+00 1.734125379093793740e+01 9.617207302671610947e+00
-7.743882307651240859e-01 -7.330423265512856723e+00 9.148988450898528413e+00 -7.330423265512856723e+00 8.042606510555016186e+00 1.718609200521439107e+01 9.148988450898528413e+00 1.718609200521439107e+01 9.290698565815254995e+00
-8.966042131222403677e-01 -7.323985166383391032e+00 9.127354279801469517e+00 -7.323985166383391032e+00 7.951430078749456065e+00 1.698683463550914396e+01 9.127354279801469517e+00 1.698683463550914396e+01 8.920094244977194720e+00
-1.024431052821237031e+00 -7.311810325292194435e+00 9.087035234415262508e+00 -7.311810325292194435e+00 7.842144245202635311e+00 1.674385933568174778e+01 9.087035234415262508e+00 1.674385933568174778e+01 8.509656433715207413e+00
-1.161861090663067975e+00 -7.294510181821395989e+00 9.027995347705667584e+00 -7.294510181821395989e+00 7.710055311945863465e+00 1.645752577607462541e+01 9.027995347705667584e+00 1.645752577607462541e+01 8.048451153619474496e+00
1.629346574339227161e+01 2.981907705593914937e+00 1.709446350165648454e+01 2.981907705593914937e+00 4.151893368740641677e+01 1.227550667127375733e-01 1.709446350165648454e+01 1.227550667127375733e-01 4.258624988960827551e+01
1.635152651584485284e+01 2.982012445411928780e+00 1.715512531292309006e+01 2.982012445411928780e+00 4.142056554165466764e+01 3.237158642094717931e-01 1.715512531292309006e+01 3.237158642094717931e-01 4.254126413777114379e+01
1.636519506209571873e+01 2.979393949961572030e+00 1.717596853670793067e+01 2.979393949961572030e+00 4.124034322812476461e+01 5.089133190950567709e-01 1.717596853670793067e+01 5.089133190950567709e-01 4.232214843848527153e+01
1.633361600696441229e+01 2.974279155515207940e+00 1.715708045619269129e+01 2.974279155515207940e+00 4.098002986708659989e+01 6.778586455520922982e-01 1.715708045619269129e+01 6.778586455520922982e-01 4.192923446784102737e+01
1.625692900354162163e+01 2.966650605436501387e+00 1.709833887492301585e+01 2.966650605436501387e+00 4.064187736462749712e+01 8.304645603989000424e-01 1.709833887492301585e+01 8.304645603989000424e-01 4.136657216546831251e+01
1.613529116155437038e+01 2.956735235997815625e+00 1.699962159644455539e+01 2.956735235997815625e+00 4.022944687455992607e+01 9.664168441814371402e-01 1.699962159644455539e+01 9.664168441814371402e-01 4.063814164445165034e+01
1.595945046374473009e+01 2.944655243653501842e+00 1.686129521012036037e+01 2.944655243653501842e+00 3.973772834225555073e+01 1.085401277445660506e+00 1.686129521012036037e+01 1.085401277445660506e+00 3.973352129289864365e+01
1.573729730973643726e+01 2.930689934584931322e+00 1.668292330004204160e+01 2.930689934584931322e+00 3.917775436187853444e+01 1.188185952190341732e+00 1.668292330004204160e+01 1.188185952190341732e+00 3.867111040550711465e+01
1.545640257445847077e+01 2.915013875155460177e+00 1.646551835111706552e+01 2.915013875155460177e+00 3.854231534262222425e+01 1.274648671961130963e+00 1.646551835111706552e+01 1.274648671961130963e+00 3.743903846956879278e+01
1.512629758135012814e+01 2.898185677727832754e+00 1.620843446780100905e+01 2.898185677727832754e+00 3.784436410864772427e+01 1.345959031392520711e+00 1.620843446780100905e+01 1.345959031392520711e+00 3.605383691969358750e+01
-3.309068549058327147e+00 -1.049856534839059563e+01 1.708214840173138127e-01 -1.049856534839059563e+01 -6.014136004211978026e+00 -9.784298057292533102e-01 1.708214840173138127e-01 -9.784298057292533102e-01 3.071463028213624824e+01
-3.546111100609552480e+00 -1.057204005874429953e+01 2.576486712034671833e-01 -1.057204005874429953e+01 -6.129580797149843718e+00 -1.058797281150518410e+00 2.576486712034671833e-01 -1.058797281150518410e+00 3.025604487849200908e+01
-3.823878706499752589e+00 -1.062898656804594033e+01 3.467493882286595275e-01 -1.062898656804594033e+01 -6.282033603578731196e+00 -1.144090737889700948e+00 3.467493882286595275e-01 -1.144090737889700948e+00 2.968336797348075962e+01
-4.141018075158072520e+00 -1.066922443741940896e+01 4.373838357008225097e-01 -1.066922443741940896e+01 -6.471025282420745484e+00 -1.233967342082184393e+00 4.373838357008225097e-01 -1.233967342082184393e+00 2.900029856406283812e+01
-4.495869168924258474e+00 -1.069253714021336243e+01 5.285776436889395580e-01 -1.069253714021336243e+01 -6.696086692597988055e+00 -1.328120347638574339e+00 5.285776436889395580e-01 -1.328120347638574339e+00 2.820986802335697163e+01
-4.887313266766406095e+00 -1.069896076420302755e+01 6.194286178124396303e-01 -1.069896076420302755e+01 -6.957037395234345389e+00 -1.426243008469476603e+00 6.194286178124396303e-01 -1.426243008469476603e+00 2.731440401286502961e+01
-5.314610569292445241e+00 -1.068880205547779916e+01 7.089804320279173844e-01 -1.068880205547779916e+01 -7.254130004756376593e+00 -1.528100754035942810e+00 7.089804320279173844e-01 -1.528100754035942810e+00 2.631664920350394254e+01
-5.777616725401483855e+00 -1.066249406734034899e+01 7.962406725167449073e-01 -1.066249406734034899e+01 -7.588176496106596502e+00 -1.633513145461858995e+00 7.962406725167449073e-01 -1.633513145461858995e+00 2.521790275518174340e+01
-6.275249101836838150e+00 -1.062075855529513468e+01 8.803793204487967428e-01 -1.062075855529513468e+01 -7.958725772094719098e+00 -1.742480182747224937e+00 8.803793204487967428e-01 -1.742480182747224937e+00 2.402189975263398836e+01
-6.807056601408221219e+00 -1.056420901152094238e+01 9.605122253311132452e-01 -1.056420901152094238e+01 -8.366084578810138339e+00 -1.854875558678760195e+00 9.605122253311132452e-01 -1.854875558678760195e+00 2.272968674134213884e+01
-4.053647399528006012e+00 5.481011184454671614e+00 1.464010190905572451e+01 5.481011184454671614e+00 -6.872447474560730463e+00 2.561220348465682140e+00 1.464010190905572451e+01 2.561220348465682140e+00 3.301129854040890166e+01
-3.927765694447660660e+00 5.417826480139698475e+00 1.456600709570523300e+01 5.417826480139698475e+00 -6.761594264045868385e+00 2.567415989855057479e+00 1.456600709570523300e+01 2.567415989855057479e+00 3.331513785181032716e+01
-3.847041725441481486e+00 5.346025679781774009e+00 1.445224572698719534e+01 5.346025679781774009e+00 -6.687228504278931673e+00 2.563044721003078674e+00 1.445224572698719534e+01 2.563044721003078674e+00 3.349233680816534786e+01
-3.813046981724849793e+00 5.265951982175063328e+00 1.429892618146818783e+01 5.265951982175063328e+00 -6.651066189230738779e+00 2.548124605004173926e+00 1.429892618146818783e+01 2.548124605004173926e+00 3.354052914410369368e+01
-3.827497457268582703e+00 5.178093090869166026e+00 1.410626521628136665e+01 5.178093090869166026e+00 -6.654425924794657554e+00 2.522348569253039852e+00 1.410626521628136665e+01 2.522348569253039852e+00 3.345745697282166020e+01
-3.890844729433422966e+00 5.083334097491136738e+00 1.387478666116519044e+01 5.083334097491136738e+00 -6.698246991881028123e+00 2.485427604238802157e+00 1.387478666116519044e+01 2.485427604238802157e+00 3.324292160028051768e+01
-4.004840918379047210e+00 4.982144642496145970e+00 1.360510466133027307e+01 4.982144642496145970e+00 -6.783938311855364667e+00 2.436765627845280946e+00 1.360510466133027307e+01 2.436765627845280946e+00 3.289527928488715958e+01
-4.168185481306520224e+00 4.875662700833262697e+00 1.329779723579835959e+01 4.875662700833262697e+00 -6.910777360940482339e+00 2.375874936522875736e+00 1.329779723579835959e+01 2.375874936522875736e+00 3.241857615979383667e+01
-4.388826179764895308e+00 4.764972058168266855e+00 1.295468875710684564e+01 4.764972058168266855e+00 -7.087542803029197813e+00 2.302303952910844220e+00 1.295468875710684564e+01 2.302303952910844220e+00 3.179903008395070785e+01
-4.661777599691583340e+00 4.651011995411502120e+00 1.257592373001117281e+01 4.651011995411502120e+00 -7.308906025264757744e+00 2.215221774665423027e+00 1.257592373001117281e+01 2.215221774665423027e+00 3.104849044730363872e+01
5.303565313153398364e+01 1.307805324398118429e+01 -8.784023356584470532e-01 1.307805324398118429e+01 4.972805373405336127e+01 -2.322860300380997245e+01 -8.784023356584470532e-01 -2.322860300380997245e+01 7.729702568875434565e+01
5.282073575084486095e+01 1.297908551556450441e+01 -9.305720296657965518e-01 1.297908551556450441e+01 4.964460602213348750e+01 -2.330423121125171093e+01 -9.305720296657965518e-01 -2.330423121125171093e+01 7.693698850430480718e+01
5.246168450391646587e+01 1.285604731249340738e+01 -9.694825639058822775e-01 1.285604731249340738e+01 4.942322905078852102e+01 -2.332051617927355380e+01 -9.694825639058822775e-01 -2.332051617927355380e+01 7.623449102155872481e+01
5.196728783382530992e+01 1.271055353243185593e+01 -9.957119017531745886e-01 1.271055353243185593e+01 4.907104536866265931e+01 -2.327747490679828601e+01 -9.957119017531745886e-01 -2.327747490679828601e+01 7.520428830548787857e+01
5.133929662961758567e+01 1.254518801164218722e+01 -1.009821007659365444e+00 1.254518801164218722e+01 4.858773199622311978e+01 -2.317570235612314633e+01 -1.009821007659365444e+00 -2.317570235612314633e+01 7.384957615357465954e+01
5.058277657028129681e+01 1.236307855191565075e+01 -1.012778820222832055e+00 1.236307855191565075e+01 4.797609375572834978e+01 -2.301647344645653348e+01 -1.012778820222832055e+00 -2.301647344645653348e+01 7.218087689901895487e+01
4.970417024754950575e+01 1.216752294427129044e+01 -1.005911255420300465e+00 1.216752294427129044e+01 4.724053336817800641e+01 -2.280181104960908556e+01 -1.005911255420300465e+00 -2.280181104960908556e+01 7.021065075221744678e+01
4.871213011311649410e+01 1.196227795064315735e+01 -9.907652152246184674e-01 1.196227795064315735e+01 4.638735743392290800e+01 -2.253460498245316401e+01 -9.907652152246184674e-01 -2.253460498245316401e+01 6.795761352714932002e+01
4.761707650664551750e+01 1.175123632434754306e+01 -9.691765832958684213e-01 1.175123632434754306e+01 4.542498041973846057e+01 -2.221868000261393661e+01 -9.691765832958684213e-01 -2.221868000261393661e+01 6.544374483096720496e+01
4.643080668054486893e+01 1.153854580254240858e+01 -9.429302465257974886e-01 1.153854580254240858e+01 4.436275173315284803e+01 -2.185877880954661734e+01 -9.429302465257974886e-01 -2.185877880954661734e+01 6.269617494442570660e+01
-1.082318617625910484e+01 5.994382569842174213e+00 1.544463951602133100e+01 5.994382569842174213e+00 -1.454504203047325106e+01 4.769586815057419216e+00 1.544463951602133100e+01 4.769586815057419216e+00 5.111840105785770305e+00
-1.092339357721234450e+01 6.011144801265324134e+00 1.550548495213702083e+01 6.011144801265324134e+00 -1.469679878286646080e+01 4.819489222361927006e+00 1.550548495213702083e+01 4.819489222361927006e+00 4.762138967689272917e+00
-1.102711445898790465e+01 6.019635713252596609e+00 1.553500185092036290e+01 6.019635713252596609e+00 -1.484637790912500321e+01 4.853105182104641813e+00 1.553500185092036290e+01 4.853105182104641813e+00 4.394284845344124335e+00
-1.112754145249254023e+01 6.019471018839049670e+00 1.553297061981996130e+01 6.019471018839049670e+00 -1.498664265132854467e+01 4.870452993664843966e+00 1.553297061981996130e+01 4.870452993664843966e+00 4.025588951551961614e+00
-1.122687048324019976e+01 6.010705616162534071e+00 1.549928146256011274e+01 6.010705616162534071e+00 -1.511907525919899697e+01 4.871441160146122051e+00 1.549928146256011274e+01 4.871441160146122051e+00 3.652007123491260554e+00
-1.132691318977989425e+01 5.993321205843765043e+00 1.543373308596871496e+01 5.993321205843765043e+00 -1.524534097625110896e+01 4.856106280307039391e+00 1.543373308596871496e+01 4.856106280307039391e+00 3.271983913922973830e+00
-1.142889563052357715e+01 5.967537380434138505e+00 1.533621569377006111e+01 5.967537380434138505e+00 -1.536597048448408209e+01 4.824521551664728847e+00 1.533621569377006111e+01 4.824521551664728847e+00 2.884695850779369852e+00
-1.153230542285132643e+01 5.933335840554371465e+00 1.520627180148208701e+01 5.933335840554371465e+00 -1.548017691058875123e+01 4.776558878564209465e+00 1.520627180148208701e+01 4.776558878564209465e+00 2.492704847160056580e+00
-1.164501129985479899e+01 5.891320465720799149e+00 1.504423079793187945e+01 5.891320465720799149e+00 -1.559562769448465858e+01 4.712657446108272197e+00 1.504423079793187945e+01 4.712657446108272197e+00 2.080804118880932752e+00
-1.176318869126385991e+01 5.841564453450554417e+00 1.484921431291385474e+01 5.841564453450554417e+00 -1.570804078141960503e+01 4.632432967331975071e+00 1.484921431291385474e+01 4.632432967331975071e+00 1.661345746957964886e+00
-1.294668318214203140e+01 -3.704676573246486471e-01 1.838094333126998592e+01 -3.704676573246486471e-01 -1.351739618286818079e+01 -1.375866381853552056e+01 1.838094333126998592e+01 -1.375866381853552056e+01 -2.997547006162724070e+00
-1.290896617752518694e+01 -3.912358813858222151e-01 1.833692791741089678e+01 -3.912358813858222151e-01 -1.366442639512089308e+01 -1.354141460645086426e+01 1.833692791741089678e+01 -1.354141460645086426e+01 -3.161636175226072876e+00
-1.285909305944371361e+01 -4.114532241721636230e-01 1.825649925128539408e+01 -4.114532241721636230e-01 -1.379344278968659232e+01 -1.330255248568362525e+01 1.825649925128539408e+01 -1.330255248568362525e+01 -3.307436085964992944e+00
-1.280215029833522422e+01 -4.309360585920621323e-01 1.813982259727593416e+01 -4.309360585920621323e-01 -1.390826481007078108e+01 -1.304272015105444282e+01 1.813982259727593416e+01 -1.304272015105444282e+01 -3.439592503797235690e+00
-1.272939724463905264e+01 -4.494456694264237773e-01 1.798605327076110783e+01 -4.494456694264237773e-01 -1.399914185770893305e+01 -1.276199105339995832e+01 1.798605327076110783e+01 -1.276199105339995832e+01 -3.539907983944177605e+00
-1.264727920927073512e+01 -4.668167922927988212e-01 1.779581560385239669e+01 -4.668167922927988212e-01 -1.407112367762033855e+01 -1.246168730777976918e+01 1.779581560385239669e+01 -1.246168730777976918e+01 -3.619345063774979554e+00
-1.255840369693114056e+01 -4.828290746812545220e-01 1.756920141009559089e+01 -4.828290746812545220e-01 -1.412580782550201342e+01 -1.214265359881528639e+01 1.756920141009559089e+01 -1.214265359881528639e+01 -3.681429383448567627e+00
-1.246378065662413270e+01 -4.975008793009518815e-01 1.730648613012811765e+01 -4.975008793009518815e-01 -1.416400226055704614e+01 -1.180545917049050075e+01 1.730648613012811765e+01 -1.180545917049050075e+01 -3.725665149817592336e+00
-1.236616449472386847e+01 -5.103731384228641366e-01 1.700732087247591551e+01 -5.103731384228641366e-01 -1.418651494198852170e+01 -1.145083853117185946e+01 1.700732087247591551e+01 -1.145083853117185946e+01 -3.753245938977524343e+00
-1.226542667226622108e+01 -5.217029299752461435e-01 1.667229324383214006e+01 -5.217029299752461435e-01 -1.419466798485603753e+01 -1.107934256213419211e+01 1.667229324383214006e+01 -1.107934256213419211e+01 -3.764814445749000260e+00
2.387860870139455116e+01 9.609207557809478217e+00 -8.909295978504563895e-02 9.609207557809478217e+00 2.165572864646922557e+00 -3.450085603951627888e+00 -8.909295978504563895e-02 -3.450085603951627888e+00 6.646081370471426553e+00
2.394682049872997709e+01 9.735369042729448807e+00 -1.038703978263152278e-01 9.735369042729448807e+00 2.162306836674033228e+00 -3.553456281650943627e+00 -1.038703978263152278e-01 -3.553456281650943627e+00 6.727660681204087112e+00
2.400518067070455785e+01 9.846574618134219747e+00 -1.135435517132332289e-01 9.846574618134219747e+00 2.172961583667557317e+00 -3.653418154198227796e+00 -1.135435517132332289e-01 -3.653418154198227796e+00 6.800352112535114735e+00
2.405468865757228869e+01 9.941539289411508662e+00 -1.176305484661930578e-01 9.941539289411508662e+00 2.198929183124135989e+00 -3.749382265729515940e+00 -1.176305484661930578e-01 -3.749382265729515940e+00 6.865886837761614458e+00
2.409079343674799745e+01 1.001978118358170988e+01 -1.157922922847307717e-01 1.001978118358170988e+01 2.236033402553845750e+00 -3.840831048970416273e+00 -1.157922922847307717e-01 -3.840831048970416273e+00 6.915430518924132741e+00
2.411399472835868707e+01 1.008058641474910822e+01 -1.079395474318822074e-01 1.008058641474910822e+01 2.284845350673256892e+00 -3.927336172383500301e+00 -1.079395474318822074e-01 -3.927336172383500301e+00 6.951481756657664768e+00
2.412084803295753588e+01 1.012325894416538219e+01 -9.400092531807599516e-02 1.012325894416538219e+01 2.342081152362087249e+00 -4.008469304431340419e+00 -9.400092531807599516e-02 -4.008469304431340419e+00 6.966330583288505629e+00
2.410899752708868959e+01 1.014788800756749865e+01 -7.413705026984766799e-02 1.014788800756749865e+01 2.405349289869696872e+00 -4.084212597966542901e+00 -7.413705026984766799e-02 -4.084212597966542901e+00 6.956871595170301070e+00
2.407640863594937031e+01 1.015365263617538538e+01 -4.879410097201818119e-02 1.015365263617538538e+01 2.471919149644981051e+00 -4.154494664399537740e+00 -4.879410097201818119e-02 -4.154494664399537740e+00 6.919053489844878335e+00
2.401940484717664503e+01 1.014108824441082746e+01 -1.809700745633739324e-02 1.014108824441082746e+01 2.538810258073336712e+00 -4.219618905236003137e+00 -1.809700745633739324e-02 -4.219618905236003137e+00 6.847700594568313370e+00
4.691999097369727423e+01 1.079786520877398814e+01 -1.430096692196198482e+01 1.079786520877398814e+01 5.110652623852519838e+01 -2.262283105572396380e+01 -1.430096692196198482e+01 -2.262283105572396380e+01 3.432447196867047978e+01
4.694140143318847436e+01 1.077831055155008677e+01 -1.401398772135004833e+01 1.077831055155008677e+01 5.108740116515946994e+01 -2.260595700177504597e+01 -1.401398772135004833e+01 -2.260595700177504597e+01 3.431000358432730479e+01
4.691246466450213859e+01 1.074335960884936902e+01 -1.368702285521964335e+01 1.074335960884936902e+01 5.101648546185275279e+01 -2.254174280665577967e+01 -1.368702285521964335e+01 -2.254174280665577967e+01 3.415923683346393602e+01
4.683764833976324127e+01 1.069314984750645259e+01 -1.332048472407461226e+01 1.069314984750645259e+01 5.089824680073002838e+01 -2.243044622068108040e+01 -1.332048472407461226e+01 -2.243044622068108040e+01 3.387851237382696468e+01
4.670882473237519861e+01 1.062886691896988189e+01 -1.291672744745772583e+01 1.062886691896988189e+01 5.072491830563556192e+01 -2.227321852859083506e+01 -1.291672744745772583e+01 -2.227321852859083506e+01 3.345403197189195055e+01
4.653491200323362165e+01 1.055092322374350466e+01 -1.247669610985695599e+01 1.055092322374350466e+01 5.050498855360681461e+01 -2.207026593063696396e+01 -1.247669610985695599e+01 -2.207026593063696396e+01 3.290246348135590893e+01
4.630913991073376224e+01 1.046081371365375112e+01 -1.200310568125594202e+01 1.046081371365375112e+01 5.023218562031448897e+01 -2.182303182858292701e+01 -1.200310568125594202e+01 -2.182303182858292701e+01 3.221330787272515295e+01
4.603477329219769842e+01 1.035948347318859319e+01 -1.149803534752822465e+01 1.035948347318859319e+01 4.990948222605713624e+01 -2.153239257349938285e+01 -1.149803534752822465e+01 -2.153239257349938285e+01 3.139500217297414153e+01
4.571157158066485948e+01 1.024834153740283149e+01 -1.096378767815359723e+01 1.024834153740283149e+01 4.953660343716551040e+01 -2.119958536689786399e+01 -1.096378767815359723e+01 -2.119958536689786399e+01 3.044691059799279387e+01
4.533968942632419186e+01 1.012877975799693786e+01 -1.040283707615511766e+01 1.012877975799693786e+01 4.911389292072615831e+01 -2.082584741028990294e+01 -1.040283707615511766e+01 -2.082584741028990294e+01 2.937214333491425577e+01
-4.147620153614720806e+01 4.517153193345051498e+00 -1.319026343485126240e+01 4.517153193345051498e+00 -3.323093346671809911e+01 1.566890230234835535e+00 -1.319026343485126240e+01 1.566890230234835535e+00 -1.932589281063371445e+01
-4.144547671626392571e+01 4.524806054386091958e+00 -1.322168740500249307e+01 4.524806054386091958e+00 -3.337575205194903560e+01 1.419898610387306803e+00 -1.322168740500249307e+01 1.419898610387306803e+00 -1.948102858630516465e+01
-4.138225085689769855e+01 4.529265499338401391e+00 -1.323357295955758950e+01 4.529265499338401391e+00 -3.349432415820218978e+01 1.266633534081444079e+00 -1.323357295955758950e+01 1.266633534081444079e+00 -1.956262131216988109e+01
-4.127913564035213767e+01 4.530531528201980684e+00 -1.322546659564004479e+01 4.530531528201980684e+00 -3.357899692443650252e+01 1.106528122721614826e+00 -1.322546659564004479e+01 1.106528122721614826e+00 -1.955451494825233638e+01
-4.114265017047699757e+01 4.528415181444952253e+00 -1.319733052134347950e+01 4.528415181444952253e+00 -3.363472109038718116e+01 9.406783415927085779e-01 -1.319733052134347950e+01 9.406783415927085779e-01 -1.946867063292037159e+01
-4.097081037218757160e+01 4.523086522646005747e+00 -1.314859785807226622e+01 4.523086522646005747e+00 -3.365866226307606723e+01 7.689708149755991595e-01 -1.314859785807226622e+01 7.689708149755991595e-01 -1.930021321025155601e+01
-4.076573259224088730e+01 4.514432176086015325e+00 -1.307875841509033066e+01 4.514432176086015325e+00 -3.365197309564760531e+01 5.920102133722944249e-01 -1.307875841509033066e+01 5.920102133722944249e-01 -1.905144798653479299e+01
-4.052898519475153449e+01 4.502641101296857684e+00 -1.298739648142754710e+01 4.502641101296857684e+00 -3.361472917191454712e+01 4.100799760806106975e-01 -1.298739648142754710e+01 4.100799760806106975e-01 -1.872445351662073065e+01
-4.026427178654430605e+01 4.487656610418969905e+00 -1.287386959467552927e+01 4.487656610418969905e+00 -3.355004832415286842e+01 2.234824383515520707e-01 -1.287386959467552927e+01 2.234824383515520707e-01 -1.832346249402342764e+01
-3.997059088210025379e+01 4.469497599405539034e+00 -1.273732743694082714e+01 4.469497599405539034e+00 -3.345479382413340375e+01 3.267110306162454569e-02 -1.273732743694082714e+01 3.267110306162454569e-02 -1.784673649104961157e+01
2.534241281326245598e+00 4.520268611398551850e-01 -2.328950497309953960e+00 4.520268611398551850e-01 2.948694212398966119e+00 -1.279525283824910709e+01 -2.328950497309953960e+00 -1.279525283824910709e+01 -1.048509835121346789e+01
2.482140694617845700e+00 4.242217910805460290e-01 -2.272942366598424080e+00 4.242217910805460290e-01 3.018306385195467012e+00 -1.264738124250103191e+01 -2.272942366598424080e+00 -1.264738124250103191e+01 -1.046932345134898235e+01
2.455203967670343435e+00 3.947343062421115323e-01 -2.213949306440059051e+00 3.947343062421115323e-01 3.115488451791829316e+00 -1.247962820758888292e+01 -2.213949306440059051e+00 -1.247962820758888292e+01 -1.039953037373751954e+01
2.452526576408939007e+00 3.637814924025031815e-01 -2.151953226353362947e+00 3.637814924025031815e-01 3.238485635482943881e+00 -1.229168619532722673e+01 -2.151953226353362947e+00 -1.229168619532722673e+01 -1.027722062834325278e+01
2.476098473798190813e+00 3.316527972656567180e-01 -2.087207393079278273e+00 3.316527972656567180e-01 3.387913012639673482e+00 -1.208406173919795457e+01 -2.087207393079278273e+00 -1.208406173919795457e+01 -1.009859521405202543e+01
2.525503578763690804e+00 2.987643019059794125e-01 -2.019946982877253827e+00 2.987643019059794125e-01 3.562142439927380888e+00 -1.185689956305303383e+01 -2.019946982877253827e+00 -1.185689956305303383e+01 -9.868574741830739683e+00
2.594772032411768237e+00 2.651160063234713204e-01 -1.950117724302801614e+00 2.651160063234713204e-01 3.754263353414605042e+00 -1.160992830967002298e+01 -1.950117724302801614e+00 -1.160992830967002298e+01 -9.594540128129752432e+00
2.689113893413262790e+00 2.312506249630115196e-01 -1.877791979281905332e+00 2.312506249630115196e-01 3.968454654326914355e+00 -1.134370878397529658e+01 -1.877791979281905332e+00 -1.134370878397529658e+01 -9.269110456498712125e+00
2.804096993801661331e+00 1.975118769730235257e-01 -1.803114471666532603e+00 1.975118769730235257e-01 4.198656031363159791e+00 -1.105820480500586633e+01 -1.803114471666532603e+00 -1.105820480500586633e+01 -8.905021425910776500e+00
2.936247961129737405e+00 1.637912194645315123e-01 -1.725813844234243666e+00 1.637912194645315123e-01 4.440905669075721818e+00 -1.075254802964992074e+01 -1.725813844234243666e+00 -1.075254802964992074e+01 -8.501223788439183693e+00
-2.887642977169942338e+00 -6.136973478564903495e+00 1.097243120772406577e+01 -6.136973478564903495e+00 4.714449040718231743e+01 8.673025154770302336e+00 1.097243120772406577e+01 8.673025154770302336e+00 4.132222359512687149e+01
-2.980936301514128584e+00 -6.223494945844135984e+00 1.100935102065740878e+01 -6.223494945844135984e+00 4.690450282849602814e+01 8.719706995420656526e+00 1.100935102065740878e+01 8.719706995420656526e+00 4.089791837959995036e+01
-3.093525021183648693e+00 -6.305759817253970390e+00 1.102806597109145947e+01 -6.305759817253970390e+00 4.655160992383588336e+01 8.728360901072491629e+00 1.102806597109145947e+01 8.728360901072491629e+00 4.029010463223236371e+01
-3.225989581069784951e+00 -6.382800684642268685e+00 1.102829463120014708e+01 -6.382800684642268685e+00 4.608822141896266089e+01 8.699127585638850135e+00 1.102829463120014708e+01 8.699127585638850135e+00 3.950602911954555907e+01
-3.374812133346586585e+00 -6.454019513878619385e+00 1.100942137761392559e+01 -6.454019513878619385e+00 4.552228764996299759e+01 8.632693029445789534e+00 1.100942137761392559e+01 8.632693029445789534e+00 3.855246369860450528e+01
-3.545251860513849884e+00 -6.518360950615240235e+00 1.097086576544151804e+01 -6.518360950615240235e+00 4.485496950661947579e+01 8.530059819123707143e+00 1.097086576544151804e+01 8.530059819123707143e+00 3.743107934712651996e+01
-3.739014918767159301e+00 -6.574998300613030366e+00 1.091192422511773152e+01 -6.574998300613030366e+00 4.409198349164923769e+01 8.392511969129074600e+00 1.091192422511773152e+01 8.392511969129074600e+00 3.614924595630696302e+01
-3.957877821258619644e+00 -6.623315940502449983e+00 1.083206907946867403e+01 -6.623315940502449983e+00 4.323938030331294158e+01 8.221650100222696267e+00 1.083206907946867403e+01 8.221650100222696267e+00 3.471413993571079004e+01
-4.204901095596808247e+00 -6.662821371587864583e+00 1.073061434816828275e+01 -6.662821371587864583e+00 4.230349206769728454e+01 8.019409028708848197e+00 1.073061434816828275e+01 8.019409028708848197e+00 3.313258591012031928e+01
-4.483110090912039603e+00 -6.693039684412772417e+00 1.060724342491222671e+01 -6.693039684412772417e+00 4.129119617730199820e+01 7.787987409478746237e+00 1.060724342491222671e+01 7.787987409478746237e+00 3.141293876812219565e+01
-5.326502974963460701e-01 1.110795845164964746e+01 1.655302566770440009e+01 1.110795845164964746e+01 3.228091887555621042e+01 5.583255883257710828e+00 1.655302566770440009e+01 5.583255883257710828e+00 1.413314195005489182e+01
-4.625782977389425454e-01 1.114411432367059085e+01 1.640994866972181754e+01 1.114411432367059085e+01 3.232199862985336125e+01 5.335995224550080351e+00 1.640994866972181754e+01 5.335995224550080351e+00 1.425551020128015089e+01
-3.841339205371612775e-01 1.117001358892846419e+01 1.623336438621343447e+01 1.117001358892846419e+01 3.232996216508708187e+01 5.065928280786956783e+00 1.623336438621343447e+01 5.065928280786956783e+00 1.432844409651216999e+01
-3.029343023504998955e-01 1.118546071419208232e+01 1.602314838694122301e+01 1.118546071419208232e+01 3.230045442292642832e+01 4.773392791185843365e+00 1.602314838694122301e+01 4.773392791185843365e+00 1.434268247089210035e+01
-2.192460794033015969e-01 1.119029571772683873e+01 1.577960285962610776e+01 1.119029571772683873e+01 3.223423976054785101e+01 4.459793039861613018e+00 1.577960285962610776e+01 4.459793039861613018e+00 1.429923854207244105e+01
-1.345979660484676044e-01 1.118423418756010257e+01 1.550290556175098367e+01 1.118423418756010257e+01 3.213119374771333270e+01 4.126426656439405427e+00 1.550290556175098367e+01 4.126426656439405427e+00 1.419741905586990072e+01
-5.110527633245436074e-02 1.116734722668503110e+01 1.519339423253335042e+01 1.116734722668503110e+01 3.199104974819852742e+01 3.774680149285802866e+00 1.519339423253335042e+01 3.774680149285802866e+00 1.403622857038026872e+01
3.068094154776216526e-02 1.113956373210846529e+01 1.485106887197320980e+01 1.113956373210846529e+01 3.181508761588028023e+01 3.405851148025943687e+00 1.485106887197320980e+01 3.405851148025943687e+00 1.381716024845986190e+01
1.044502969493919381e-01 1.110123921879619679e+01 1.447665828575043179e+01 1.110123921879619679e+01 3.160026769780107969e+01 3.021770554733651082e+00 1.447665828575043179e+01 3.021770554733651082e+00 1.353242831235786170e+01
1.702383413690140290e-01 1.105255144423112057e+01 1.407021580110988701e+01 1.105255144423112057e+01 3.134858087776935065e+01 2.623718223285772755e+00 1.407021580110988701e+01 2.623718223285772755e+00 1.318594342669796404e+01
1.690951209180714798e+01 4.343358085924240441e+00 2.941290794189201030e+00 4.343358085924240441e+00 -1.320726739705436081e+01 -1.915105755713702962e+01 2.941290794189201030e+00 -1.915105755713702962e+01 1.496874810644761844e+01
1.695405362529344373e+01 4.257662481854331382e+00 3.141475437001793658e+00 4.257662481854331382e+00 -1.317231166284586230e+01 -1.894159342818145930e+01 3.141475437001793658e+00 -1.894159342818145930e+01 1.506262407305910322e+01
1.697176573185372561e+01 4.166219001901684038e+00 3.336506811781587256e+00 4.166219001901684038e+00 -1.313414864993163533e+01 -1.870632692222249815e+01 3.336506811781587256e+00 -1.870632692222249815e+01 1.510801247227106892e+01
1.696082855109879972e+01 4.069874511791969240e+00 3.525502015963521085e+00 4.069874511791969240e+00 -1.309492255025539542e+01 -1.844560038923436451e+01 3.525502015963521085e+00 -1.844560038923436451e+01 1.510111141752784292e+01
