1.300996073331210701e+00 -2.215523293922385395e-01 -1.735764491187690606e+00 -2.215523293922385395e-01 9.987214456687344699e-02 1.003242183699101675e+00 -1.735764491187690606e+00 1.003242183699101675e+00 4.473360695809008303e-01
1.011976249573771192e+00 -6.654526380700602484e-02 -1.870699479918092711e+00 -6.654526380700602484e-02 4.063239341694090817e-02 1.117815768340729488e+00 -1.870699479918092711e+00 1.117815768340729488e+00 -2.795624397979111844e-02
7.358134047746962558e-01 8.661734066183664205e-02 -2.006520533302446729e+00 8.661734066183664205e-02 -7.594839891016991890e-03 1.234288062955111620e+00 -2.006520533302446729e+00 1.234288062955111620e+00 -4.836647203929321237e-01
4.732489399709659539e-01 2.372664147857951322e-01 -2.143137236580145100e+00 2.372664147857951322e-01 -4.506271668670082386e-02 1.352532486877397355e+00 -2.143137236580145100e+00 1.352532486877397355e+00 -9.182523087281974083e-01
2.250061732474391285e-01 3.842084837248524454e-01 -2.280368760229973368e+00 3.842084837248524454e-01 -7.282004819315578137e-02 1.472567123059708827e+00 -2.280368760229973368e+00 1.472567123059708827e+00 -1.331972170315287141e+00
-8.390489784361630440e-03 5.265755657771781229e-01 -2.417925777017988054e+00 5.265755657771781229e-01 -9.220497286737057430e-02 1.593994146555373526e+00 -2.417925777017988054e+00 1.593994146555373526e+00 -1.724625392680865676e+00
-2.278090308262668562e-01 6.632465179112410070e-01 -2.555663623327217859e+00 6.632465179112410070e-01 -1.051523665863424023e-01 1.716903972124998345e+00 -2.555663623327217859e+00 1.716903972124998345e+00 -2.098183017606172651e+00
-4.331771180697906454e-01 7.936246027070327225e-01 -2.693383386684326197e+00 7.936246027070327225e-01 -1.136332711313113725e-01 1.840862608917668730e+00 -2.693383386684326197e+00 1.840862608917668730e+00 -2.453675773362132606e+00
-6.257063093070713844e-01 9.166248430372651024e-01 -2.831193564802041429e+00 9.166248430372651024e-01 -1.192932351453311890e-01 1.966285964832177768e+00 -2.831193564802041429e+00 1.966285964832177768e+00 -2.793617190293629093e+00
-8.054689363465949992e-01 1.031957911667994443e+00 -2.969003742919757105e+00 1.031957911667994443e+00 -1.245553742126786628e-01 2.092667717209124589e+00 -2.969003742919757105e+00 2.092667717209124589e+00 -3.119960227229780614e+00
-9.031197941403254958e+01 3.754638486442670509e+00 3.286778196465862578e+01 3.754638486442670509e+00 -5.497885534615409853e+01 3.541435889324125696e+01 3.286778196465862578e+01 3.541435889324125696e+01 -1.036768857088000146e+02
-9.030399077803737384e+01 3.740581756098202426e+00 3.289274900605533958e+01 3.740581756098202426e+00 -5.495517547628601562e+01 3.543358474099436961e+01 3.289274900605533958e+01 3.543358474099436961e+01 -1.036129766208385377e+02
-9.021200909197516182e+01 3.723582919402566471e+00 3.290980913663329233e+01 3.723582919402566471e+00 -5.485303943705346796e+01 3.542733276499813400e+01 3.290980913663329233e+01 3.542733276499813400e+01 -1.032761258749239346e+02
-9.003413424549414401e+01 3.703723701532183998e+00 3.291841071145163511e+01 3.703723701532183998e+00 -5.467228377810359774e+01 3.539562339654666800e+01 3.291841071145163511e+01 3.539562339654666800e+01 -1.026646581049395763e+02
-8.976752628871366824e+01 3.681331003192740425e+00 3.291804294815774057e+01 3.681331003192740425e+00 -5.441143744626082679e+01 3.533718989540541600e+01 3.291804294815774057e+01 3.533718989540541600e+01 -1.017763462998279635e+02
-8.942115455974598603e+01 3.656527412148868450e+00 3.290819506439897424e+01 3.656527412148868450e+00 -5.408057306951909027e+01 3.525213441804492476e+01 3.290819506439897424e+01 3.525213441804492476e+01 -1.006305593264009701e+02
-8.898061499624682824e+01 3.629598966518041259e+00 3.288747773217616555e+01 3.629598966518041259e+00 -5.366767704694444063e+01 3.513876116705443309e+01 3.288747773217616555e+01 3.513876116705443309e+01 -9.920617122655367837e+01
-8.846270212197077853e+01 3.600729547947207898e+00 3.285486938678405977e+01 3.600729547947207898e+00 -5.318948260840915765e+01 3.499717229890448777e+01 3.285486938678405977e+01 3.499717229890448777e+01 -9.754222620332137694e+01
-8.786522978844857334e+01 3.570348213612579702e+00 3.280863336822368836e+01 3.570348213612579702e+00 -5.264598975391323421e+01 3.482659142441907107e+01 3.280863336822368836e+01 3.482659142441907107e+01 -9.564685591175798152e+01
-8.719718776508653946e+01 3.538332375749525305e+00 3.274805458120138013e+01 3.538332375749525305e+00 -5.204804750062660190e+01 3.462793795183293355e+01 3.274805458120138013e+01 3.462793795183293355e+01 -9.355027823584528335e+01
-3.432404176383941063e+01 4.289266501719875180e+01 -2.729772167775655944e+01 4.289266501719875180e+01 7.014405705864361096e+01 -3.930829122011879662e+01 -2.729772167775655944e+01 -3.930829122011879662e+01 -3.787053609909484209e+01
-3.442410865695480737e+01 4.276088253412500961e+01 -2.719970331178956613e+01 4.276088253412500961e+01 7.006290246080902762e+01 -3.898310582573044769e+01 -2.719970331178956613e+01 -3.898310582573044769e+01 -3.809739219035974145e+01
-3.445326358797765209e+01 4.263191677588032746e+01 -2.708154719233691310e+01 4.263191677588032746e+01 6.997359033522275240e+01 -3.855885951137993573e+01 -2.708154719233691310e+01 -3.855885951137993573e+01 -3.826334117980152882e+01
-3.441070177838533795e+01 4.250596893709534640e+01 -2.694396664581634582e+01 4.250596893709534640e+01 6.987853501745256324e+01 -3.803829584021244870e+01 -2.694396664581634582e+01 -3.803829584021244870e+01 -3.836499933954113573e+01
-3.429516118913109324e+01 4.238342311661039474e+01 -2.678745551359399713e+01 4.238342311661039474e+01 6.977989477717267164e+01 -3.742582280368124970e+01 -2.678745551359399713e+01 -3.742582280368124970e+01 -3.839676980076238522e+01
-3.410748317957943954e+01 4.226506580252709711e+01 -2.661243447535213491e+01 4.226506580252709711e+01 6.967953523732177246e+01 -3.672690923765573956e+01 -2.661243447535213491e+01 -3.672690923765573956e+01 -3.835585412905717817e+01
-3.384812501025457721e+01 4.215084212358254234e+01 -2.641906814487946420e+01 4.215084212358254234e+01 6.957957808673218381e+01 -3.594918224767953063e+01 -2.641906814487946420e+01 -3.594918224767953063e+01 -3.823669203645129500e+01
-3.351908033704199852e+01 4.204097156482834663e+01 -2.620761258806953720e+01 4.204097156482834663e+01 6.948240108012971916e+01 -3.510098226571399493e+01 -2.620761258806953720e+01 -3.510098226571399493e+01 -3.803653995979953351e+01
-3.312269033382560934e+01 4.193635035689194268e+01 -2.597856164628848674e+01 4.193635035689194268e+01 6.939003445424181393e+01 -3.419238731371244455e+01 -2.597856164628848674e+01 -3.419238731371244455e+01 -3.775397124626639567e+01
-3.266385683342479496e+01 4.183646636798621898e+01 -2.573255548427019335e+01 4.183646636798621898e+01 6.930469135000556946e+01 -3.323535932698788287e+01 -2.573255548427019335e+01 -3.323535932698788287e+01 -3.738790676101478283e+01
2.170608667370117359e+02 1.709370923902360317e+01 8.735787569540008235e+01 1.709370923902360317e+01 2.422238019647531928e+02 2.922163740731761905e+01 8.735787569540008235e+01 2.922163740731761905e+01 2.582593280885579361e+02
2.165478468283310178e+02 1.703211466279243780e+01 8.685951558847321508e+01 1.703211466279243780e+01 2.417839786510569127e+02 2.902380323634427128e+01 8.685951558847321508e+01 2.902380323634427128e+01 2.571730835963292634e+02
2.152399057532921915e+02 1.687564103030020846e+01 8.587094458577405476e+01 1.687564103030020846e+01 2.405513848604813916e+02 2.863741065718393841e+01 8.587094458577405476e+01 2.863741065718393841e+01 2.543644879645135859e+02
2.131762679914381238e+02 1.663382745406537211e+01 8.441729795617793286e+01 1.663382745406537211e+01 2.385595537922478684e+02 2.807321311723088186e+01 8.441729795617793286e+01 2.807321311723088186e+01 2.498987495128882017e+02
2.104250387095993062e+02 1.632338201153590518e+01 8.255049948853148578e+01 1.632338201153590518e+01 2.358695533231233981e+02 2.735292233884308644e+01 8.255049948853148578e+01 2.735292233884308644e+01 2.439121663583579789e+02
2.071088218386110498e+02 1.596800617860123772e+01 8.035599154036205505e+01 1.596800617860123772e+01 2.325960868919801499e+02 2.651171014179719521e+01 8.035599154036205505e+01 2.651171014179719521e+01 2.366536039977618771e+02
2.034074706149603458e+02 1.559665379525221418e+01 7.795408104761946788e+01 1.559665379525221418e+01 2.289119411841603267e+02 2.559795972409712661e+01 7.795408104761946788e+01 2.559795972409712661e+01 2.284980431885356893e+02
1.995418915722609654e+02 1.523824944039834151e+01 7.548563085589842103e+01 1.523824944039834151e+01 2.250337213543198800e+02 2.466719398759495618e+01 7.548563085589842103e+01 2.466719398759495618e+01 2.199154607887016937e+02
1.957328303081794161e+02 1.491627513181895637e+01 7.308546139749584825e+01 1.491627513181895637e+01 2.211810464484936745e+02 2.377107337140522958e+01 7.308546139749584825e+01 2.377107337140522958e+01 2.113841876950060623e+02
1.921441488782475346e+02 1.464501027721040849e+01 7.085728857523902491e+01 1.464501027721040849e+01 2.175222847287405727e+02 2.294829565560667461e+01 7.085728857523902491e+01 2.294829565560667461e+01 2.032864614130582481e+02
-6.765966601773030220e+01 1.088673695352461479e+01 3.990264632720479199e+01 1.088673695352461479e+01 2.012606271287114623e+01 1.322452516809009637e+01 3.990264632720479199e+01 1.322452516809009637e+01 -1.023731854955766920e+02
-6.745026200924046123e+01 1.085584860033461752e+01 4.008059896412466827e+01 1.085584860033461752e+01 2.034923155002956108e+01 1.322027340860008593e+01 4.008059896412466827e+01 1.322027340860008593e+01 -1.016972333943723186e+02
-6.714632915619871767e+01 1.082822187086298449e+01 4.026418178484411214e+01 1.082822187086298449e+01 2.065650368449725960e+01 1.319557825758960057e+01 4.026418178484411214e+01 1.319557825758960057e+01 -1.007571480152609951e+02
-6.673746132578931167e+01 1.080356554870629004e+01 4.045294825754452006e+01 1.080356554870629004e+01 2.105267447971731443e+01 1.315042030063175282e+01 4.045294825754452006e+01 1.315042030063175282e+01 -9.954223200902357860e+01
-6.623468591248861514e+01 1.078110305678873715e+01 4.064610239072320752e+01 1.078110305678873715e+01 2.152879388489111889e+01 1.308567318693681436e+01 4.064610239072320752e+01 1.308567318693681436e+01 -9.807300642488810638e+01
-6.563408120206385377e+01 1.076062083641447664e+01 4.084108148003004146e+01 1.076062083641447664e+01 2.208426005278493065e+01 1.300143398863926514e+01 4.084108148003004146e+01 1.300143398863926514e+01 -9.634900531660912293e+01
-6.494428661448331752e+01 1.074211888758350852e+01 4.103551696538379900e+01 1.074211888758350852e+01 2.270996761718496870e+01 1.289880932807211700e+01 4.103551696538379900e+01 1.289880932807211700e+01 -9.439317653677652231e+01
-6.416753480883990335e+01 1.072476238993934849e+01 4.122579776338202606e+01 1.072476238993934849e+01 2.340034463757236693e+01 1.277919704397181455e+01 4.122579776338202606e+01 1.277919704397181455e+01 -9.222114869904085310e+01
-6.331326119660462837e+01 1.070853192905510198e+01 4.140823513291465474e+01 1.070853192905510198e+01 2.414422781848248079e+01 1.264436384918580636e+01 4.140823513291465474e+01 1.264436384918580636e+01 -8.986334421034658249e+01
-6.239125064893258354e+01 1.069315570295423434e+01 4.157869380105304913e+01 1.069315570295423434e+01 2.493060917986581870e+01 1.249675596150286339e+01 4.157869380105304913e+01 1.249675596150286339e+01 -8.735348593021041097e+01
1.266082594890379056e+02 4.227995951412037812e+01 -6.365004373730290865e+01 4.227995951412037812e+01 1.356731283367120682e+02 -8.466806699943417414e+01 -6.365004373730290865e+01 -8.466806699943417414e+01 9.025023925450651063e+01
1.261206107482499590e+02 4.210196329275957794e+01 -6.338492652663298799e+01 4.210196329275957794e+01 1.351459875402931630e+02 -8.412151048411058696e+01 -6.338492652663298799e+01 -8.412151048411058696e+01 8.900589308059036853e+01
1.253955424074121083e+02 4.178291711016112231e+01 -6.281171972162616868e+01 4.178291711016112231e+01 1.344228688276606647e+02 -8.324802871021810802e+01 -6.281171972162616868e+01 -8.324802871021810802e+01 8.712886838508890719e+01
1.244450744883524322e+02 4.133353586513960920e+01 -6.194800220139030955e+01 4.133353586513960920e+01 1.335136492408797722e+02 -8.206281588765473600e+01 -6.194800220139030955e+01 -8.206281588765473600e+01 8.464737838277558524e+01
1.232906367887001977e+02 4.076941658333795715e+01 -6.082097208502173658e+01 4.076941658333795715e+01 1.324357626453902128e+02 -8.058999262322568313e+01 -6.082097208502173658e+01 -8.058999262322568313e+01 8.161633491599658896e+01
1.219629560934770893e+02 4.011387424007154578e+01 -5.947058869441549689e+01 4.011387424007154578e+01 1.312149086857172051e+02 -7.886632793812631803e+01 -5.947058869441549689e+01 -7.886632793812631803e+01 7.811140289427572725e+01
1.205060359946570685e+02 3.939391360287913812e+01 -5.794665616827227694e+01 3.939391360287913812e+01 1.298882914240606397e+02 -7.693959577970296948e+01 -5.794665616827227694e+01 -7.693959577970296948e+01 7.423916736371621994e+01
1.189614470771148689e+02 3.864364510903970995e+01 -5.630930684099220684e+01 3.864364510903970995e+01 1.284918259122367488e+02 -7.487081467699458415e+01 -5.630930684099220684e+01 -7.487081467699458415e+01 7.011307735071449088e+01
1.173903528835575827e+02 3.789318326364272593e+01 -5.461910808797995998e+01 3.789318326364272593e+01 1.270780070981220859e+02 -7.272340394087977700e+01 -5.461910808797995998e+01 -7.272340394087977700e+01 6.587637413416045717e+01
1.158275889196050485e+02 3.717505946624710589e+01 -5.293628891941445858e+01 3.717505946624710589e+01 1.256755154627543050e+02 -7.056508495439280182e+01 -5.293628891941445858e+01 -7.056508495439280182e+01 6.164023485964933258e+01
2.678435153108897993e+01 2.928327875797117130e+01 2.486093359601247954e+01 2.928327875797117130e+01 9.601544309454411064e+01 3.150699306953512036e+01 2.486093359601247954e+01 3.150699306953512036e+01 1.356587789466790923e+02
2.642932149769953654e+01 2.910714047743165622e+01 2.477147932485486237e+01 2.910714047743165622e+01 9.518506971937269157e+01 3.125407656414504487e+01 2.477147932485486237e+01 3.125407656414504487e+01 1.343530118613297475e+02
2.587505087950765414e+01 2.889720500322842511e+01 2.460252693546689784e+01 2.889720500322842511e+01 9.387322484758209384e+01 3.082069009616615318e+01 2.460252693546689784e+01 3.082069009616615318e+01 1.322492918583175197e+02
2.512901098857510007e+01 2.865855954334960387e+01 2.435380779640366100e+01 2.865855954334960387e+01 9.211454514610140620e+01 3.022093681645662855e+01 2.435380779640366100e+01 3.022093681645662855e+01 1.293881487068943272e+02
2.420684960656834050e+01 2.839803741017529859e+01 2.402643001237544595e+01 2.839803741017529859e+01 8.996052390502831031e+01 2.947548455680983182e+01 2.402643001237544595e+01 2.947548455680983182e+01 1.258409712135471068e+02
2.312745488195814758e+01 2.812467133604085845e+01 2.362482600222339002e+01 2.812467133604085845e+01 8.748075345806182668e+01 2.861253961894212949e+01 2.362482600222339002e+01 2.861253961894212949e+01 1.217041476986053681e+02
2.191188080423995643e+01 2.784922336820829969e+01 2.315854897170737914e+01 2.784922336820829969e+01 8.476042355217145996e+01 2.766730951160305452e+01 2.315854897170737914e+01 2.766730951160305452e+01 1.171014836792456322e+02
2.060099293197188075e+01 2.758116276511098874e+01 2.263915007295888060e+01 2.758116276511098874e+01 8.190346097760981081e+01 2.667750337387294124e+01 2.263915007295888060e+01 2.667750337387294124e+01 1.121997824932964818e+02
1.923451514007113872e+01 2.732932078550058819e+01 2.208289829786073000e+01 2.732932078550058819e+01 7.901157631520884195e+01 2.568081355536680377e+01 2.208289829786073000e+01 2.568081355536680377e+01 1.071640845847293093e+02
1.783917625730704160e+01 2.710293163529614091e+01 2.150733863765911025e+01 2.710293163529614091e+01 7.617152073221170383e+01 2.471152414424227928e+01 2.150733863765911025e+01 2.471152414424227928e+01 1.021379734608526348e+02
3.572175014978512309e+01 -2.037200690304814898e+01 3.177017647500789010e+01 -2.037200690304814898e+01 -1.477663234858328245e+01 4.270406709510658061e+01 3.177017647500789010e+01 4.270406709510658061e+01 2.340082728418462210e+01
3.573276632928931917e+01 -2.032418626086110791e+01 3.176268259759638823e+01 -2.032418626086110791e+01 -1.491714704278113679e+01 4.259043691075908811e+01 3.176268259759638823e+01 4.259043691075908811e+01 2.318431353105816939e+01
3.567495385055360657e+01 -2.025706484088042103e+01 3.168454499811151237e+01 -2.025706484088042103e+01 -1.507753758450205162e+01 4.241072762031549104e+01 3.168454499811151237e+01 4.241072762031549104e+01 2.283459925185491812e+01
3.554881589959124000e+01 -2.017110988726124532e+01 3.153617700792127110e+01 -2.017110988726124532e+01 -1.525704919472616616e+01 4.216477748541436910e+01 3.153617700792127110e+01 4.216477748541436910e+01 2.235209777794289110e+01
3.535390320317611668e+01 -2.006704023716535445e+01 3.131720123751574647e+01 -2.006704023716535445e+01 -1.545381289683286496e+01 4.185219114561677145e+01 3.131720123751574647e+01 4.185219114561677145e+01 2.173975634168536075e+01
3.509023373223725883e+01 -1.994613182655490036e+01 3.102813884383721188e+01 -1.994613182655490036e+01 -1.566833187683539208e+01 4.147271700791606719e+01 3.102813884383721188e+01 4.147271700791606719e+01 2.099872508254116710e+01
3.475852632393645791e+01 -1.980895972515929770e+01 3.067017590820259798e+01 -1.980895972515929770e+01 -1.589925831505542320e+01 4.102651681067364109e+01 3.067017590820259798e+01 4.102651681067364109e+01 2.013500629081112692e+01
3.436138676298514127e+01 -1.965730305495394248e+01 3.024480401772259341e+01 -1.965730305495394248e+01 -1.614623279291206615e+01 4.051405779804466079e+01 3.024480401772259341e+01 4.051405779804466079e+01 1.915474602422840888e+01
3.390140286316569984e+01 -1.949216818796531925e+01 2.975466489896671263e+01 -1.949216818796531925e+01 -1.640787154886890420e+01 3.993652605134606404e+01 2.975466489896671263e+01 3.993652605134606404e+01 1.806563584042400095e+01
3.338319315324253012e+01 -1.931560381010448069e+01 2.920297534823389540e+01 -1.931560381010448069e+01 -1.668327603647372825e+01 3.929580851812748676e+01 2.920297534823389540e+01 3.929580851812748676e+01 1.687755975037230627e+01
1.296175217804839690e+02 -2.116578332613996949e+01 -4.312028622904394126e+01 -2.116578332613996949e+01 7.424228611033802849e+01 -1.010767083042490277e+01 -4.312028622904394126e+01 -1.010767083042490277e+01 1.841516510715425170e+02
1.289045132223392329e+02 -2.096705197664939035e+01 -4.282213278825172864e+01 -2.096705197664939035e+01 7.384487176840517009e+01 -1.007678679557828616e+01 -4.282213278825172864e+01 -1.007678679557828616e+01 1.829467707371219660e+02
1.276371233434848591e+02 -2.065780865278072653e+01 -4.236199935467576694e+01 -2.065780865278072653e+01 7.305489490838540689e+01 -1.001314892001751211e+01 -4.236199935467576694e+01 -1.001314892001751211e+01 1.807035356236046368e+02
1.258464779640089404e+02 -2.024922383269093018e+01 -4.174883198225127501e+01 -2.024922383269093018e+01 7.188581490872179813e+01 -9.913485043474381087e+00 -4.174883198225127501e+01 -9.913485043474381087e+00 1.774685941635824804e+02
1.235850444813152791e+02 -1.975830307836494626e+01 -4.099947504280221722e+01 -1.975830307836494626e+01 7.036364786139893113e+01 -9.774813147970492722e+00 -4.099947504280221722e+01 -9.774813147970492722e+00 1.733223157713275100e+02
1.209322574067421954e+02 -1.920770972643866870e+01 -4.013900972537939538e+01 -1.920770972643866870e+01 6.853307567904458608e+01 -9.595037761412912758e+00 -4.013900972537939538e+01 -9.595037761412912758e+00 1.683940071939898075e+02
1.179939219619666773e+02 -1.862528131771589912e+01 -3.920141491592053029e+01 -1.862528131771589912e+01 6.645775235623561628e+01 -9.374900358542218370e+00 -3.920141491592053029e+01 -9.374900358542218370e+00 1.628645721492539167e+02
1.148948476886470900e+02 -1.804054788969090239e+01 -3.822642398911084882e+01 -1.804054788969090239e+01 6.421807954527626805e+01 -9.118543526495974660e+00 -3.822642398911084882e+01 -9.118543526495974660e+00 1.569568399156792111e+02
1.117636643352573032e+02 -1.748102460284550475e+01 -3.725451179437617100e+01 -1.748102460284550475e+01 6.190211543111805526e+01 -8.833462607760445451e+00 -3.725451179437617100e+01 -8.833462607760445451e+00 1.509083886715559402e+02
1.087149458682325047e+02 -1.696826258170471746e+01 -3.632091450090997142e+01 -1.696826258170471746e+01 5.959311473191481667e+01 -8.529377369043620760e+00 -3.632091450090997142e+01 -8.529377369043620760e+00 1.449421444095400773e+02
-5.818605681553108866e+01 -3.236295716742636586e+01 -2.283387393448330371e+01 -3.236295716742636586e+01 1.204184548734368043e+01 -1.654685463297476389e+01 -2.283387393448330371e+01 -1.654685463297476389e+01 2.823978077641573847e+01
-5.821184828483364271e+01 -3.232390735810022875e+01 -2.293123812573647768e+01 -3.232390735810022875e+01 1.182775955649994160e+01 -1.642386632874472596e+01 -2.293123812573647768e+01 -1.642386632874472596e+01 2.794261172744381128e+01
-5.823968522033899120e+01 -3.227451864687630945e+01 -2.299654428304762632e+01 -3.227451864687630945e+01 1.148510677723671414e+01 -1.623315449805477684e+01 -2.299654428304762632e+01 -1.623315449805477684e+01 2.747648717012079089e+01
-5.826899117248089510e+01 -3.221518153184787536e+01 -2.302984819185862975e+01 -3.221518153184787536e+01 1.101853593637853379e+01 -1.597721089064287625e+01 -2.302984819185862975e+01 -1.597721089064287625e+01 2.684631622333337830e+01
-5.830008225876341754e+01 -3.214676998493794002e+01 -2.303200522894521995e+01 -3.214676998493794002e+01 1.043420202768109384e+01 -1.565969875052676130e+01 -2.303200522894521995e+01 -1.565969875052676130e+01 2.606054108395495206e+01
-5.833256798109330532e+01 -3.207026954895329851e+01 -2.300318275063306928e+01 -3.207026954895329851e+01 9.740119559629903279e+00 -1.528569455291883017e+01 -2.300318275063306928e+01 -1.528569455291883017e+01 2.512903577520082976e+01
-5.836767561919224079e+01 -3.198722362111971051e+01 -2.294475679782224375e+01 -3.198722362111971051e+01 8.945567510726743166e+00 -1.486099998377611087e+01 -2.294475679782224375e+01 -1.486099998377611087e+01 2.406368259619453909e+01
-5.840458698657909054e+01 -3.189859914909666827e+01 -2.285752696184656330e+01 -3.189859914909666827e+01 8.062353799505947549e+00 -1.439260681848271162e+01 -2.285752696184656330e+01 -1.439260681848271162e+01 2.288021304155032354e+01
-5.844454795812283976e+01 -3.180647878938157547e+01 -2.274333416228855498e+01 -3.180647878938157547e+01 7.103160316424863119e+00 -1.388782294992680733e+01 -2.274333416228855498e+01 -1.388782294992680733e+01 2.159320570674994144e+01
-5.848763291441267853e+01 -3.171160634786635057e+01 -2.260357303519556993e+01 -3.171160634786635057e+01 6.082212349166582044e+00 -1.335490462350878715e+01 -2.260357303519556993e+01 -1.335490462350878715e+01 2.022097681188208540e+01
4.231770424302855815e+01 2.179164902488429334e+01 -1.259067451334633381e+00 2.179164902488429334e+01 -4.470141847328550000e+01 2.538622467223145218e+00 -1.259067451334633381e+00 2.538622467223145218e+00 -5.348057164440238864e+01
4.244786053548848770e+01 2.185492871522129477e+01 -1.200571282857270328e+00 2.185492871522129477e+01 -4.450336583567054305e+01 2.612655811353132851e+00 -1.200571282857270328e+00 2.612655811353132851e+00 -5.301556882176775076e+01
4.262245908336529254e+01 2.189228839176071872e+01 -1.145597863036230235e+00 2.189228839176071872e+01 -4.422935161255582415e+01 2.680385289466542087e+00 -1.145597863036230235e+00 2.680385289466542087e+00 -5.238534908715157457e+01
4.284214881404303554e+01 2.190354264667855233e+01 -1.094295518130726785e+00 2.190354264667855233e+01 -4.387800378604360674e+01 2.742330043470621259e+00 -1.094295518130726785e+00 2.742330043470621259e+00 -5.158980119585943669e+01
4.310464921128630778e+01 2.188783860398431003e+01 -1.046664248140759979e+00 2.188783860398431003e+01 -4.345091686342045278e+01 2.798230502411746645e+00 -1.046664248140759979e+00 2.798230502411746645e+00 -5.063611897146319762e+01
4.340879220580379183e+01 2.184497231507158332e+01 -1.003037787149560156e+00 2.184497231507158332e+01 -4.294896226145922924e+01 2.848383318808344722e+00 -1.003037787149560156e+00 2.848383318808344722e+00 -4.952576713577260392e+01
4.375298329030894706e+01 2.177427631177389955e+01 -9.632307273331105479e-01 2.177427631177389955e+01 -4.237354907962247808e+01 2.893029522831637390e+00 -9.632307273331105479e-01 2.893029522831637390e+00 -4.826527204419303274e+01
4.413340306362702137e+01 2.167571351252646394e+01 -9.273543133858213050e-01 2.167571351252646394e+01 -4.172842255595532635e+01 2.932187655264027804e+00 -9.273543133858213050e-01 2.932187655264027804e+00 -4.686206855046759046e+01
4.454771538717540125e+01 2.154922829498206838e+01 -8.950933520068635740e-01 2.154922829498206838e+01 -4.101606715529962344e+01 2.966451021142368916e+00 -8.950933520068635740e-01 2.966451021142368916e+00 -4.532479665919545653e+01
4.499241605308017711e+01 2.139472795522870285e+01 -8.665220063258440852e-01 2.139472795522870285e+01 -4.023995000396445931e+01 2.996116272985088980e+00 -8.665220063258440852e-01 2.996116272985088980e+00 -4.366144744759175467e+01
3.031880239289521217e+00 1.170330065264958419e+00 -5.337498460645475262e+01 1.170330065264958419e+00 1.067370710842890276e+02 -8.101049790509491644e-02 -5.337498460645475262e+01 -8.101049790509491644e-02 1.000475036552124237e+02
3.058325673865035732e+00 1.015381685678452550e+00 -5.326831452022122448e+01 1.015381685678452550e+00 1.061372483107871858e+02 -1.875780824542265246e-01 -5.326831452022122448e+01 -1.875780824542265246e-01 9.933214439977632537e+01
3.024568452468901381e+00 8.655754739260742570e-01 -5.310877064845072937e+01 8.655754739260742570e-01 1.051042363353917182e+02 -2.930352320890116102e-01 -5.310877064845072937e+01 -2.930352320890116102e-01 9.801521984220357808e+01
2.930984414610590783e+00 7.229956309239818912e-01 -5.289339752590971244e+01 7.229956309239818912e-01 1.036591505050892863e+02 -3.974844484938514499e-01 -5.289339752590971244e+01 -3.974844484938514499e-01 9.611651280758356108e+01
2.774361840845531724e+00 5.920838963295613766e-01 -5.261978636301472534e+01 5.920838963295613766e-01 1.018332367500082114e+02 -4.979531828211106737e-01 -5.261978636301472534e+01 -4.979531828211106737e-01 9.368062861224491655e+01
2.559279139743645182e+00 4.745998823917001452e-01 -5.228445210249614661e+01 4.745998823917001452e-01 9.967480753072959487e+01 -5.927843245063030286e-01 -5.228445210249614661e+01 -5.927843245063030286e-01 9.075960394463531600e+01
2.288128017274293047e+00 3.743532350473102177e-01 -5.188713849014296642e+01 3.743532350473102177e-01 9.724452676080488800e+01 -6.789369902455255623e-01 -5.188713849014296642e+01 -6.789369902455255623e-01 8.744213692898993884e+01
1.963693102530375434e+00 2.916002085073945982e-01 -5.142940013483526229e+01 2.916002085073945982e-01 9.461332560583971940e+01 -7.537119690162131791e-01 -5.142940013483526229e+01 -7.537119690162131791e-01 8.381320146167739438e+01
1.582267251259381391e+00 2.294158533039898085e-01 -5.091755797377778947e+01 2.294158533039898085e-01 9.186030119896371104e+01 -8.150592271303414016e-01 -5.091755797377778947e+01 -8.150592271303414016e-01 7.997466713337843203e+01
1.165034144904228963e+00 1.852888781692660358e-01 -5.035765960635021088e+01 1.852888781692660358e-01 8.907287039335702161e+01 -8.617658279891624584e-01 -5.035765960635021088e+01 -8.617658279891624584e-01 7.604875011912743332e+01
6.381854283325780841e+01 1.765351175923330729e+01 -2.102318559667749387e+00 1.765351175923330729e+01 1.316616866804106110e+02 -1.718972255517291714e+01 -2.102318559667749387e+00 -1.718972255517291714e+01 3.104478612979901442e+01
6.380191492491128713e+01 1.760029249569310039e+01 -2.132869437178668282e+00 1.760029249569310039e+01 1.313789790490819769e+02 -1.709343999606463171e+01 -2.132869437178668282e+00 -1.709343999606463171e+01 3.064329350052188516e+01
6.377338860310722879e+01 1.753456081409573386e+01 -2.163536477721948792e+00 1.753456081409573386e+01 1.310007024315581248e+02 -1.694015457750495557e+01 -2.163536477721948792e+00 -1.694015457750495557e+01 3.010265415319530646e+01
6.373120482764131367e+01 1.745691412432191925e+01 -2.194850712302668150e+00 1.745691412432191925e+01 1.305291966832051855e+02 -1.673167512385494149e+01 -2.194850712302668150e+00 -1.673167512385494149e+01 2.942761417742714869e+01
6.367436791537901541e+01 1.736799962040909762e+01 -2.227061061704457945e+00 1.736799962040909762e+01 1.299685441048747236e+02 -1.647024192216725780e+01 -2.227061061704457945e+00 -1.647024192216725780e+01 2.862358345158165562e+01
6.360095287892691118e+01 1.726859725414597690e+01 -2.260466230867673953e+00 1.726859725414597690e+01 1.293231091076396808e+02 -1.615874245353202454e+01 -2.260466230867673953e+00 -1.615874245353202454e+01 2.769628715368233074e+01
6.350923386751851751e+01 1.715955335619689848e+01 -2.295398114170490445e+00 1.715955335619689848e+01 1.285982185962697883e+02 -1.580054544588770504e+01 -2.295398114170490445e+00 -1.580054544588770504e+01 2.665236317129264521e+01
6.339690421522552555e+01 1.704176404138293677e+01 -2.331972874645268590e+00 1.704176404138293677e+01 1.277993820174427100e+02 -1.539938471098875716e+01 -2.331972874645268590e+00 -1.539938471098875716e+01 2.549864852860299891e+01
6.326182320330868691e+01 1.691605904564952567e+01 -2.370273485886551512e+00 1.691605904564952567e+01 1.269326896329979775e+02 -1.495937573912453900e+01 -2.370273485886551512e+00 -1.495937573912453900e+01 2.424282658046810823e+01
6.310193308662334744e+01 1.678330129437991403e+01 -2.410366326769973977e+00 1.678330129437991403e+01 1.260048457093746492e+02 -1.448471699417895131e+01 -2.410366326769973977e+00 -1.448471699417895131e+01 2.289287938668306666e+01
7.569424686834643978e+01 -2.941412073935718396e+01 6.265094872758196232e+01 -2.941412073935718396e+01 1.592320358652036703e+02 -6.782827368412189628e+01 6.265094872758196232e+01 -6.782827368412189628e+01 2.008792911898134719e+02
7.489881822362868036e+01 -2.915908973708182117e+01 6.228999953084972674e+01 -2.915908973708182117e+01 1.586924559381589859e+02 -6.761658159792538925e+01 6.228999953084972674e+01 -6.761658159792538925e+01 1.994604427393324215e+02
7.368521633797392667e+01 -2.882196652233004386e+01 6.168841753629597946e+01 -2.882196652233004386e+01 1.573151666702441105e+02 -6.689327224455897181e+01 6.168841753629597946e+01 -6.689327224455897181e+01 1.965991763945538651e+02
7.208249415845389763e+01 -2.841714929955571378e+01 6.086178743738308583e+01 -2.841714929955571378e+01 1.551452867110506020e+02 -6.568339016228205196e+01 6.086178743738308583e+01 -6.568339016228205196e+01 1.923680924558865968e+02
7.013065560501561890e+01 -2.796581850092317367e+01 5.983539427689913737e+01 -2.796581850092317367e+01 1.522657901229935931e+02 -6.404008685194605732e+01 5.983539427689913737e+01 -6.404008685194605732e+01 1.869065232136470627e+02
6.790998108935232835e+01 -2.749301866469181377e+01 5.864566647413059286e+01 -2.749301866469181377e+01 1.488232082986164073e+02 -6.204769923496229467e+01 5.864566647413059286e+01 -6.204769923496229467e+01 1.804546364902345204e+02
6.550745308269148381e+01 -2.702793100701537199e+01 5.734652514442081639e+01 -2.702793100701537199e+01 1.450025854223312081e+02 -5.982574202847906264e+01 5.734652514442081639e+01 -5.982574202847906264e+01 1.733317581652740387e+02
6.303901080152076730e+01 -2.659644984882146446e+01 5.599888206808191171e+01 -2.659644984882146446e+01 1.410272860667960515e+02 -5.750915430675446771e+01 5.599888206808191171e+01 -5.750915430675446771e+01 1.659233047628882503e+02
6.061721036529026208e+01 -2.621832862873722547e+01 5.466364902542596127e+01 -2.621832862873722547e+01 1.371123533479744765e+02 -5.522735957352085023e+01 5.466364902542596127e+01 -5.522735957352085023e+01 1.586081831512886708e+02
5.832839289981745168e+01 -2.590331579699422804e+01 5.339028978119705471e+01 -2.590331579699422804e+01 1.334233345498155643e+02 -5.308063218362732982e+01 5.339028978119705471e+01 -5.308063218362732982e+01 1.516856290651329289e+02
3.096882922301374563e+01 3.070787413525741272e+01 1.869889547733625790e+01 3.070787413525741272e+01 1.436325006272214750e+02 1.010728968326302990e+01 1.869889547733625790e+01 1.010728968326302990e+01 7.431417854310321047e+01
3.110062203114690504e+01 3.069893366810639179e+01 1.884590539343223980e+01 3.069893366810639179e+01 1.433402455799792676e+02 9.879832211722453295e+00 1.884590539343223980e+01 9.879832211722453295e+00 7.407251954739166422e+01
3.118796223724424621e+01 3.066983136535035825e+01 1.894295191675313461e+01 3.066983136535035825e+01 1.427390033263015425e+02 9.621141376354461983e+00 1.894295191675313461e+01 9.621141376354461983e+00 7.337897571105980887e+01
3.122796957907648263e+01 3.062078366287937925e+01 1.898848669823926016e+01 3.062078366287937925e+01 1.418377809289978586e+02 9.336161904801246081e+00 1.898848669823926016e+01 9.336161904801246081e+00 7.224443542426924125e+01
3.121841310208451148e+01 3.055262300642446149e+01 1.898136096278183516e+01 3.055262300642446149e+01 1.406510795927023594e+02 9.029971716021949035e+00 1.898136096278183516e+01 9.029971716021949035e+00 7.068822807689397791e+01
3.115707850062385376e+01 3.046673125589907016e+01 1.892082550922294359e+01 3.046673125589907016e+01 1.391998769498364368e+02 8.707915111609644043e+00 1.892082550922294359e+01 8.707915111609644043e+00 6.873810740960581711e+01
3.104151838424535370e+01 3.036532271694769847e+01 1.880689698647721642e+01 3.036532271694769847e+01 1.375115438160356121e+02 8.375536180132842290e+00 1.880689698647721642e+01 8.375536180132842290e+00 6.643100071503226900e+01
3.087218227364374101e+01 3.025061169521482185e+01 1.864060762725109299e+01 3.025061169521482185e+01 1.356213592413800200e+02 8.038312414501573855e+00 1.864060762725109299e+01 8.038312414501573855e+00 6.381352495410975934e+01
3.064510772713942188e+01 3.012686031284319554e+01 1.842472115137152500e+01 3.012686031284319554e+01 1.335691474296410490e+02 7.701588116308911047e+00 1.842472115137152500e+01 7.701588116308911047e+00 6.093975580152456217e+01
3.036319165587631730e+01 2.999696548097673698e+01 1.816303351137190703e+01 2.999696548097673698e+01 1.314009426297434686e+02 7.370357959940897707e+00 1.816303351137190703e+01 7.370357959940897707e+00 5.787139413485898132e+01
2.537858958344272864e+01 1.047641223538729349e+01 -7.176705806426134870e+01 1.047641223538729349e+01 -2.906529122365787998e+01 -4.158055382604100458e+01 -7.176705806426134870e+01 -4.158055382604100458e+01 1.017376656182145354e+02
2.483425222145180911e+01 1.045709431162632264e+01 -7.151052898727907348e+01 1.045709431162632264e+01 -2.959018475363240697e+01 -4.134384630584140297e+01 -7.151052898727907348e+01 -4.134384630584140297e+01 1.006751618244675370e+02
2.393710194086551368e+01 1.030197534094233092e+01 -7.094939186663569330e+01 1.030197534094233092e+01 -3.028570195660186926e+01 -4.091171118632807691e+01 -7.094939186663569330e+01 -4.091171118632807691e+01 9.903720334274592574e+01
2.270769776110542892e+01 1.002017467840683373e+01 -7.009934926047209558e+01 1.002017467840683373e+01 -3.114527761639052272e+01 -4.029368152112607504e+01 -7.009934926047209558e+01 -4.029368152112607504e+01 9.684323400506609403e+01
2.117904563198662515e+01 9.624930677733122053e+00 -6.898502522617074817e+01 9.624930677733122053e+00 -3.215268755494214048e+01 -3.950551382905720743e+01 -6.898502522617074817e+01 -3.950551382905720743e+01 9.414138673878780139e+01
1.939881082163439885e+01 9.135849052980287155e+00 -6.764158414078259796e+01 9.135849052980287155e+00 -3.328535822074831430e+01 -3.856855855286287493e+01 -6.764158414078259796e+01 -3.856855855286287493e+01 9.099348249732484817e+01
1.742501904890619713e+01 8.576492634806486492e+00 -6.611625958698574834e+01 8.576492634806486492e+00 -3.451855763506478780e+01 -3.751287179180246767e+01 -6.611625958698574834e+01 -3.751287179180246767e+01 8.748240488653439684e+01
1.532758536935032545e+01 7.974435331149874351e+00 -6.446455911852913800e+01 7.974435331149874351e+00 -3.581663577471256588e+01 -3.637379779186323958e+01 -6.446455911852913800e+01 -3.637379779186323958e+01 8.372111159842656036e+01
1.318135324737033010e+01 7.357952538800245357e+00 -6.274503007418555001e+01 7.357952538800245357e+00 -3.714421241991713885e+01 -3.518925292482182954e+01 -6.274503007418555001e+01 -3.518925292482182954e+01 7.982727289114313862e+01
1.105220867434091225e+01 6.751776236501861206e+00 -6.101636368787681164e+01 6.751776236501861206e+00 -3.846374892366811338e+01 -3.399668590322046668e+01 -6.101636368787681164e+01 -3.399668590322046668e+01 7.591478177516312087e+01
4.573255705977398833e+01 -3.793744018910135196e+01 2.208667743212270906e+01 -3.793744018910135196e+01 8.628259501025412703e+01 -2.065741305147938789e+01 2.208667743212270906e+01 -2.065741305147938789e+01 -9.578653943905047541e+00
4.562863431884949250e+01 -3.779510523718656145e+01 2.190481263550483249e+01 -3.779510523718656145e+01 8.631541905268046833e+01 -2.064138790347448094e+01 2.190481263550483249e+01 -2.064138790347448094e+01 -9.686686138019647174e+00
4.554355660175908582e+01 -3.762451994388543142e+01 2.167289504291884938e+01 -3.762451994388543142e+01 8.635224938210805590e+01 -2.057338419064251411e+01 2.167289504291884938e+01 -2.057338419064251411e+01 -9.773964733806009164e+00
4.547763340706938351e+01 -3.742690510909964985e+01 2.139254092465710144e+01 -3.742690510909964985e+01 8.639179642117595392e+01 -2.045477746216845816e+01 2.139254092465710144e+01 -2.045477746216845816e+01 -9.839681596117962670e+00
4.543143214881919789e+01 -3.720379103129747733e+01 2.106574482703780049e+01 -3.720379103129747733e+01 8.643393980933046805e+01 -2.028677132358915713e+01 2.106574482703780049e+01 -2.028677132358915713e+01 -9.882014122285420754e+00
4.540529671430476100e+01 -3.695703470187862649e+01 2.069486237804020234e+01 -3.695703470187862649e+01 8.647797457761433293e+01 -2.007094765646732526e+01 2.069486237804020234e+01 -2.007094765646732526e+01 -9.899500791299354674e+00
4.539943343590383051e+01 -3.668881980517424779e+01 2.028254150984536963e+01 -3.668881980517424779e+01 8.652340208944798405e+01 -1.980912906347305125e+01 2.028254150984536963e+01 -1.980912906347305125e+01 -9.891109941271036377e+00
4.541349842632014600e+01 -3.640146758043396602e+01 1.983155051518806644e+01 -3.640146758043396602e+01 8.656955176460373025e+01 -1.950327570219491946e+01 1.983155051518806644e+01 -1.950327570219491946e+01 -9.856428907444973575e+00
4.544730254754078658e+01 -3.609750559928516367e+01 1.934486401918078613e+01 -3.609750559928516367e+01 8.661587338340760311e+01 -1.915564003442332108e+01 1.934486401918078613e+01 -1.915564003442332108e+01 -9.795492078550793735e+00
4.550000327568996283e+01 -3.577970215446260482e+01 1.882549103566564952e+01 -3.577970215446260482e+01 8.666142125579493438e+01 -1.876856049377269642e+01 1.882549103566564952e+01 -1.876856049377269642e+01 -9.708987229180976897e+00
-7.228078729841564609e+01 -3.528961633574827772e+01 -1.210088102531534915e+01 -3.528961633574827772e+01 2.334096066442495676e+00 1.160664641229020022e+00 -1.210088102531534915e+01 1.160664641229020022e+00 -9.653878957023779606e+01
-7.231303611667607356e+01 -3.528932351960184377e+01 -1.203847214397237586e+01 -3.528932351960184377e+01 2.308718667085015053e+00 1.233263524467843375e+00 -1.203847214397237586e+01 1.233263524467843375e+00 -9.662729813076612118e+01
-7.224440001195229399e+01 -3.529307156627618269e+01 -1.197393546529865915e+01 -3.529307156627618269e+01 2.366442490085069128e+00 1.300650280300168937e+00 -1.197393546529865915e+01 1.300650280300168937e+00 -9.643552307592928230e+01
-7.207606976990648207e+01 -3.530089951792415093e+01 -1.190613876686133032e+01 -3.530089951792415093e+01 2.506076749780498769e+00 1.364406115916731776e+00 -1.190613876686133032e+01 1.364406115916731776e+00 -9.596432333309014950e+01
