-2.155668722400323034e+00 -9.811809821109095109e-02 -8.671318030808043975e-01 -9.811809821109095109e-02 -2.043192760204785241e+00 1.502132749778310794e+00 -8.671318030808043975e-01 1.502132749778310794e+00 -1.099805148027746399e-01
-2.160442621760390480e+00 -1.285697895836447960e-02 -8.293384331469340065e-01 -1.285697895836447960e-02 -1.954604377761708811e+00 1.578840632677582567e+00 -8.293384331469340065e-01 1.578840632677582567e+00 -5.605715157655398982e-03
-2.151762804742085589e+00 6.969169747614163690e-02 -7.936607686112757687e-01 6.969169747614163690e-02 -1.852471864179651595e+00 1.659309769618119601e+00 -7.936607686112757687e-01 1.659309769618119601e+00 1.189134931507803278e-01
-2.129701603153893341e+00 1.491301061457550869e-01 -7.600988094738291290e-01 1.491301061457550869e-01 -1.737428122782865847e+00 1.743449745839315002e+00 -7.600988094738291290e-01 1.743449745839315002e+00 2.613529070115918618e-01
-2.095199330506130497e+00 2.249880902953176609e-01 -7.287068045909589342e-01 2.249880902953176609e-01 -1.610992121549554179e+00 1.831097814772075338e+00 -7.287068045909589342e-01 1.831097814772075338e+00 4.197234016914176413e-01
-2.049521793447299789e+00 2.968497420260355901e-01 -6.994847539626649624e-01 2.968497420260355901e-01 -1.475080653404593045e+00 1.922018898038821533e+00 -6.994847539626649624e-01 1.922018898038821533e+00 5.914933638932519111e-01
-1.994224125859847208e+00 3.643895681997224023e-01 -6.723964916847043893e-01 3.643895681997224023e-01 -1.331863672602558335e+00 2.016014083166217663e+00 -6.723964916847043893e-01 2.016014083166217663e+00 7.738056871819027904e-01
-1.931132705908042091e+00 4.273724904387990464e-01 -6.474601007091985716e-01 4.273724904387990464e-01 -1.183800460631969864e+00 2.112848291776684206e+00 -6.474601007091985716e-01 2.112848291776684206e+00 9.632788595106550611e-01
-1.862073911756152000e+00 4.855995962699293234e-01 -6.245670833234187036e-01 4.855995962699293234e-01 -1.033332216029226203e+00 2.212340694349006931e+00 -6.245670833234187036e-01 2.212340694349006931e+00 1.156657949497644999e+00
-1.789018785185416904e+00 5.388900561718985571e-01 -6.036451077188791370e-01 5.388900561718985571e-01 -8.830086350434541709e-01 2.314310461361970717e+00 -6.036451077188791370e-01 2.314310461361970717e+00 1.350398698527064179e+00
4.422994615530882356e+00 8.716450287841768230e+00 -2.737326027640151427e+00 8.716450287841768230e+00 4.060717779282897766e+01 1.641013261253227995e+01 -2.737326027640151427e+00 1.641013261253227995e+01 5.188912209123398611e+01
4.429801403172726637e+00 8.551984999806547805e+00 -2.486717254872789606e+00 8.551984999806547805e+00 4.037313978586323060e+01 1.643532997552522801e+01 -2.486717254872789606e+00 1.643532997552522801e+01 5.159756760360308192e+01
4.386843398903499391e+00 8.381430349048029527e+00 -2.236650925336526097e+00 8.381430349048029527e+00 4.002963323522811834e+01 1.642010656871698870e+01 -2.236650925336526097e+00 1.642010656871698870e+01 5.109659503243079115e+01
4.293648152167081733e+00 8.206798624971904488e+00 -1.987109540862615598e+00 8.206798624971904488e+00 3.958029776002261713e+01 1.636517981702611024e+01 -1.987109540862615598e+00 1.636517981702611024e+01 5.039008897117852825e+01
4.149480739876180380e+00 8.030242102333819076e+00 -1.738478061163450272e+00 8.030242102333819076e+00 3.902954289877050797e+01 1.627165210508353610e+01 -1.738478061163450272e+00 1.627165210508353610e+01 4.948401629538835778e+01
3.953676231618480141e+00 7.854018044901887485e+00 -1.491228936795148119e+00 7.854018044901887485e+00 3.838272309110778480e+01 1.614090578822012745e+01 -1.491228936795148119e+00 1.614090578822012745e+01 4.838528878171460690e+01
3.705167239100530807e+00 7.680418712781722945e+00 -1.245992101832532839e+00 7.680418712781722945e+00 3.764587520525150666e+01 1.597456819612918011e+01 -1.245992101832532839e+00 1.597456819612918011e+01 4.710202558045500609e+01
3.403183842897547162e+00 7.511596380728971845e+00 -1.003397490350428134e+00 7.511596380728971845e+00 3.682570103983105270e+01 1.577461662187889146e+01 -1.003397490350428134e+00 1.577461662187889146e+01 4.564344822653822575e+01
3.047376079634627644e+00 7.349685825330535494e+00 -7.641800254361281741e-01 7.349685825330535494e+00 3.592991728726300238e+01 1.554334332557486853e+01 -7.641800254361281741e-01 1.554334332557486853e+01 4.402042308275495941e+01
2.637778945649261964e+00 7.196611845148376041e+00 -5.291971173581430099e-01 7.196611845148376041e+00 3.496708055206372734e+01 1.528318055267267894e+01 -5.291971173581430099e-01 1.528318055267267894e+01 4.224537384891424097e+01
3.244507710923652866e+01 -5.114369808220263103e+00 2.104972805915803846e+01 -5.114369808220263103e+00 4.582690075992420731e+01 1.631291385018614903e+01 2.104972805915803846e+01 1.631291385018614903e+01 2.600106249497559219e+01
3.252273689135832058e+01 -5.039270428805984636e+00 2.084624524398394385e+01 -5.039270428805984636e+00 4.599953764248009236e+01 1.648709043437019517e+01 2.084624524398394385e+01 1.648709043437019517e+01 2.628827739869267077e+01
3.257169594313035788e+01 -4.961506846574430085e+00 2.059286917604994116e+01 -4.961506846574430085e+00 4.612788647820331533e+01 1.662910628454568851e+01 2.059286917604994116e+01 1.662910628454568851e+01 2.646966809050531921e+01
3.259136606393064284e+01 -4.881909462403710265e+00 2.028996315574019604e+01 -4.881909462403710265e+00 4.621090926599624993e+01 1.673833860005404262e+01 2.028996315574019604e+01 1.673833860005404262e+01 2.654257036759625876e+01
3.258079575275299788e+01 -4.801447077318290901e+00 1.993809808365842073e+01 -4.801447077318290901e+00 4.624717010434048348e+01 1.681406078012690131e+01 1.993809808365842073e+01 1.681406078012690131e+01 2.650515042802632593e+01
3.253899890855468868e+01 -4.721036592287753741e+00 1.953794866051806878e+01 -4.721036592287753741e+00 4.623519849168103235e+01 1.685551162395933744e+01 1.953794866051806878e+01 1.685551162395933744e+01 2.635581667011246765e+01
3.246481643010999107e+01 -4.641594908281679643e+00 1.909015498699603341e+01 -4.641594908281679643e+00 4.617357582651779069e+01 1.686205103087447554e+01 1.909015498699603341e+01 1.686205103087447554e+01 2.609292559211676021e+01
3.235727951639445621e+01 -4.563969726196477339e+00 1.859537446378747561e+01 -4.563969726196477339e+00 4.606110840758845626e+01 1.683303890019542592e+01 1.859537446378747561e+01 1.683303890019542592e+01 2.571538729288667824e+01
3.221498686592625660e+01 -4.488956846873669804e+00 1.805431639164245183e+01 -4.488956846873669804e+00 4.589644683346611487e+01 1.676800813142826030e+01 1.805431639164245183e+01 1.676800813142826030e+01 2.522185237099528976e+01
3.203705617777240633e+01 -4.417300171099898698e+00 1.746756897118295981e+01 -4.417300171099898698e+00 4.567860500310799665e+01 1.666649162407903617e+01 1.746756897118295981e+01 1.666649162407903617e+01 2.461161152569253829e+01
-2.909848954343286564e+01 -1.097019731684114774e+01 3.601150085827316438e+00 -1.097019731684114774e+01 -3.718835318794354805e+01 2.762810074249648640e+00 3.601150085827316438e+00 2.762810074249648640e+00 -1.759111935648968483e+01
-2.919406086859534710e+01 -1.093788913435259325e+01 3.653925755651553420e+00 -1.093788913435259325e+01 -3.719885945554744211e+01 2.609895953989679995e+00 3.653925755651553420e+00 2.609895953989679995e+00 -1.773777482359741953e+01
-2.925918469193615223e+01 -1.089644670131753479e+01 3.696928153286116903e+00 -1.089644670131753479e+01 -3.717014107111316434e+01 2.456944244221289431e+00 3.696928153286116903e+00 2.456944244221289431e+00 -1.780071845544975773e+01
-2.929352270787948598e+01 -1.084613314429492803e+01 3.730533173815224757e+00 -1.084613314429492803e+01 -3.710242357169125427e+01 2.303560255106047894e+00 3.730533173815224757e+00 2.303560255106047894e+00 -1.777991266253827973e+01
-2.929724406921324587e+01 -1.078717400033530005e+01 3.754909970026775845e+00 -1.078717400033530005e+01 -3.699632718417066712e+01 2.149687602381322726e+00 3.754909970026775845e+00 2.149687602381322726e+00 -1.767562057142193765e+01
-2.927087502905533967e+01 -1.071990757501445124e+01 3.770340463233933903e+00 -1.071990757501445124e+01 -3.685297959380405075e+01 1.995326286047113706e+00 3.770340463233933903e+00 1.995326286047113706e+00 -1.748928937817496987e+01
-2.921539291462472931e+01 -1.064469096866238651e+01 3.777068985241439858e+00 -1.064469096866238651e+01 -3.667384679141986936e+01 1.840325948069734041e+00 3.777068985241439858e+00 1.840325948069734041e+00 -1.722285494248110282e+01
-2.913173746363196770e+01 -1.056182489734648122e+01 3.775415046870879809e+00 -1.056182489734648122e+01 -3.646052633112602592e+01 1.684686588449183509e+00 3.775415046870879809e+00 1.684686588449183509e+00 -1.687851625058300797e+01
-2.902099877182128296e+01 -1.047161007713411074e+01 3.765660569435416605e+00 -1.047161007713411074e+01 -3.621474733030995452e+01 1.528220259643352508e+00 3.765660569435416605e+00 1.528220259643352508e+00 -1.645882938905337411e+01
-2.888441729297059624e+01 -1.037430963458422717e+01 3.747993500477160733e+00 -1.037430963458422717e+01 -3.593837046963851378e+01 1.370832987881187126e+00 3.747993500477160733e+00 1.370832987881187126e+00 -1.596650080249856885e+01
-1.639767105833887584e+01 -7.941554892445371827e+00 -4.867310733173081161e+00 -7.941554892445371827e+00 3.173795924159865112e-01 -6.024410103032010078e+00 -4.867310733173081161e+00 -6.024410103032010078e+00 -2.400352473368496220e+01
-1.630716113420409741e+01 -7.999613027805435372e+00 -4.807312445748650909e+00 -7.999613027805435372e+00 3.599531179038518713e-01 -6.047033008235363383e+00 -4.807312445748650909e+00 -6.047033008235363383e+00 -2.384035062374329428e+01
-1.616838535163789103e+01 -8.053772555715406511e+00 -4.742518688127394633e+00 -8.053772555715406511e+00 4.341913893478680508e-01 -6.056532432022209811e+00 -4.742518688127394633e+00 -6.056532432022209811e+00 -2.358011400061927532e+01
-1.598167317042477187e+01 -8.103777229676216720e+00 -4.673002673594758072e+00 -8.103777229676216720e+00 5.400578001053113475e-01 -6.053182924212975102e+00 -4.673002673594758072e+00 -6.053182924212975102e+00 -2.322407779348687384e+01
-1.574841564298824714e+01 -8.149370803188801915e+00 -4.598874222078912943e+00 -8.149370803188801915e+00 6.768202173217041651e-01 -6.037185821342641923e+00 -4.598874222078912943e+00 -6.037185821342641923e+00 -2.277434688430272303e+01
-1.547013194500135924e+01 -8.190223816468645168e+00 -4.520206546865308539e+00 -8.190223816468645168e+00 8.436000815716735435e-01 -6.008724156624829504e+00 -4.520206546865308539e+00 -6.008724156624829504e+00 -2.223352034470021010e+01
-1.514876222852847043e+01 -8.225970203088509791e+00 -4.437091164560753143e+00 -8.225970203088509791e+00 1.039262586930779442e+00 -5.967926053309072998e+00 -4.437091164560753143e+00 -5.967926053309072998e+00 -2.160487446920312493e+01
-1.478631985891939493e+01 -8.256243896621151990e+00 -4.349546378486608411e+00 -8.256243896621151990e+00 1.262672927474581819e+00 -5.914883028002179799e+00 -4.349546378486608411e+00 -5.914883028002179799e+00 -2.089164894569252695e+01
-1.438505614470165028e+01 -8.280697133960700285e+00 -4.257535582000151031e+00 -8.280697133960700285e+00 1.512458354100935098e+00 -5.849704900632321625e+00 -4.257535582000151031e+00 -5.849704900632321625e+00 -2.009757765172625454e+01
-1.394707596783186254e+01 -8.299000455322637748e+00 -4.161022168458657688e+00 -8.299000455322637748e+00 1.787319330993142108e+00 -5.772355064556776050e+00 -4.161022168458657688e+00 -5.772355064556776050e+00 -1.922628464493397260e+01
2.083219843742874389e+01 1.131121017006812401e+01 1.713260454852082404e+01 1.131121017006812401e+01 -1.071484761859949408e+01 2.112087363215909264e+01 1.713260454852082404e+01 2.112087363215909264e+01 -4.704429860486453868e-02
2.059856129123841839e+01 1.126526411188227961e+01 1.717350950314395774e+01 1.126526411188227961e+01 -1.090622951456953160e+01 2.108227318202176548e+01 1.717350950314395774e+01 2.108227318202176548e+01 -6.056705891183497004e-01
2.035720045423236257e+01 1.120259239223301151e+01 1.717026879371078607e+01 1.120259239223301151e+01 -1.107606069280898353e+01 2.100789890053049547e+01 1.717026879371078607e+01 2.100789890053049547e+01 -1.161524272672344260e+00
2.011117659643080557e+01 1.112368111753530009e+01 1.712353056210794122e+01 1.112368111753530009e+01 -1.122180259759519672e+01 2.089800284286340926e+01 1.712353056210794122e+01 2.089800284286340926e+01 -1.708772072287140453e+00
1.986102983607260342e+01 1.102925044544095812e+01 1.703385293051558591e+01 1.102925044544095812e+01 -1.134399534716703606e+01 2.075289107602253225e+01 1.703385293051558591e+01 2.075289107602253225e+01 -2.245685609598380594e+00
1.960739031110309227e+01 1.092011055330828029e+01 1.690192004870293729e+01 1.092011055330828029e+01 -1.144317905976336291e+01 2.057285166306859381e+01 1.690192004870293729e+01 2.057285166306859381e+01 -2.771040616597977735e+00
1.935049207275911698e+01 1.079714363426073831e+01 1.672848808220440731e+01 1.079714363426073831e+01 -1.152055999945096509e+01 2.035810065129713564e+01 1.672848808220440731e+01 2.035810065129713564e+01 -3.284044919868934542e+00
1.909038913286455852e+01 1.066132190112828759e+01 1.651418716896533212e+01 1.066132190112828759e+01 -1.157754247365088673e+01 2.010883608406240342e+01 1.651418716896533212e+01 2.010883608406240342e+01 -3.784734527293841744e+00
1.882699147171294385e+01 1.051358155885828438e+01 1.625984549028530068e+01 1.051358155885828438e+01 -1.161581885284489424e+01 1.982511197318829232e+01 1.625984549028530068e+01 1.982511197318829232e+01 -4.273163450696586096e+00
1.856010104595002019e+01 1.035498483998715713e+01 1.596614719593354081e+01 1.035498483998715713e+01 -1.163726154692770898e+01 1.950698233049867980e+01 1.596614719593354081e+01 1.950698233049867980e+01 -4.749961828022505550e+00
-3.260104065104938886e+00 1.162979605190091981e+01 -1.263647828550957541e+01 1.162979605190091981e+01 2.499568986216753608e+00 5.305240564000700765e+00 -1.263647828550957541e+01 5.305240564000700765e+00 -1.413293554025153043e+01
-3.307970542950220416e+00 1.153779671773104099e+01 -1.272008603344607103e+01 1.153779671773104099e+01 2.464298949909704550e+00 5.050665574294217031e+00 -1.272008603344607103e+01 5.050665574294217031e+00 -1.423053530670243738e+01
-3.324699342288044868e+00 1.144052319005378671e+01 -1.278710997705525365e+01 1.144052319005378671e+01 2.456269851202601107e+00 4.793390052516947719e+00 -1.278710997705525365e+01 4.793390052516947719e+00 -1.425909932377330414e+01
-3.309982348721074885e+00 1.133846482702963776e+01 -1.283726012631609947e+01 1.133846482702963776e+01 2.475862301998037918e+00 4.532979013637356225e+00 -1.283726012631609947e+01 4.532979013637356225e+00 -1.421906257649567173e+01
-3.264490164172928033e+00 1.123209286244275518e+01 -1.287001087431550062e+01 1.123209286244275518e+01 2.522387575996083431e+00 4.269378084526498363e+00 -1.287001087431550062e+01 4.269378084526498363e+00 -1.411160314932994986e+01
-3.189183380588246131e+00 1.112187853007730531e+01 -1.288467349475352997e+01 1.112187853007730531e+01 2.595066325015234376e+00 4.002496643302807300e+00 -1.288467349475352997e+01 4.002496643302807300e+00 -1.393844285802596694e+01
-3.085457574943208048e+00 1.100829306371744920e+01 -1.288050488820131001e+01 1.100829306371744920e+01 2.692702340218767532e+00 3.732135321826827834e+00 -1.288050488820131001e+01 3.732135321826827834e+00 -1.370193787150454412e+01
-2.954798946095562151e+00 1.089178957277103876e+01 -1.285658071146682602e+01 1.089178957277103876e+01 2.814008790888388400e+00 3.458076627582791662e+00 -1.285658071146682602e+01 3.458076627582791662e+00 -1.340480684621278407e+01
-2.798911185418824221e+00 1.077276679351698263e+01 -1.281197662135806503e+01 1.077276679351698263e+01 2.957535726918976149e+00 3.179939948668104588e+00 -1.281197662135806503e+01 3.179939948668104588e+00 -1.305004030424249173e+01
-2.619534233039138460e+00 1.065158721348156057e+01 -1.274562327967250042e+01 1.065158721348156057e+01 3.121833198205411719e+00 2.897272175674916905e+00 -1.274562327967250042e+01 2.897272175674916905e+00 -1.264082813582493792e+01
-1.271357770561805545e+01 -7.072136939745384154e+00 -6.192373612827878127e+00 -7.072136939745384154e+00 -2.861717501767974170e+01 2.706759440431282027e+00 -6.192373612827878127e+00 2.706759440431282027e+00 -5.605729247373478330e+00
-1.289771464554637959e+01 -7.040582219829905064e+00 -5.793727391319563047e+00 -7.040582219829905064e+00 -2.880181077343811324e+01 2.386796797447571894e+00 -5.793727391319563047e+00 2.386796797447571894e+00 -6.109847304945884794e+00
-1.306962136030839794e+01 -7.003134083255739384e+00 -5.385751466323357661e+00 -7.003134083255739384e+00 -2.895982454360034453e+01 2.067222122331674683e+00 -5.385751466323357661e+00 2.067222122331674683e+00 -6.573635178926084066e+00
-1.322785682639509375e+01 -6.960180497890699591e+00 -4.968538211141122929e+00 -6.960180497890699591e+00 -2.909003394990262237e+01 1.748035415083590838e+00 -4.968538211141122929e+00 1.748035415083590838e+00 -6.994321670258266010e+00
-1.337214392390088413e+01 -6.912072482281854668e+00 -4.543306953357413747e+00 -6.912072482281854668e+00 -2.919240204302420949e+01 1.430160408721923293e+00 -4.543306953357413747e+00 1.430160408721923293e+00 -7.370613552716388739e+00
-1.350279672205209458e+01 -6.859216478957390173e+00 -4.111240071236042404e+00 -6.859216478957390173e+00 -2.926766780937998291e+01 1.114446937623786882e+00 -4.111240071236042404e+00 1.114446937623786882e+00 -7.702381503677845132e+00
-1.362033251133914113e+01 -6.802000455785119470e+00 -3.673335196437099270e+00 -6.802000455785119470e+00 -2.931668108334705636e+01 8.015785642229473762e-01 -3.673335196437099270e+00 8.015785642229473762e-01 -7.989773320425613612e+00
-1.372549027817690792e+01 -6.740701532670624552e+00 -3.230608435281048685e+00 -6.740701532670624552e+00 -2.934064271784961875e+01 4.923496989154040326e-01 -3.230608435281048685e+00 4.923496989154040326e-01 -8.233583413355692215e+00
-1.381923070490474181e+01 -6.675652253500600430e+00 -2.783780299522401247e+00 -6.675652253500600430e+00 -2.934073509115147971e+01 1.871667842293417428e-01 -2.783780299522401247e+00 1.871667842293417428e-01 -8.434883312769658303e+00
-1.390260684716384709e+01 -6.607074314199513410e+00 -2.333423503632690021e+00 -6.607074314199513410e+00 -2.931841770142202819e+01 -1.135452626466819104e-01 -2.333423503632690021e+00 -1.135452626466819104e-01 -8.595058618195421829e+00
-2.748977076377755324e+01 -1.289518137559278577e+00 2.536365282895378659e-01 -1.289518137559278577e+00 -3.882194831267696600e+01 -3.401995653793186136e+00 2.536365282895378659e-01 -3.401995653793186136e+00 -2.721101705091220069e+01
-2.735696012263847621e+01 -1.308727609807896375e+00 1.789246631580375738e-02 -1.308727609807896375e+00 -3.870721828155838296e+01 -3.483913422814227001e+00 1.789246631580375738e-02 -3.483913422814227001e+00 -2.686938571194020753e+01
-2.718322822572982034e+01 -1.326036830639168107e+00 -2.184536555129310831e-01 -1.326036830639168107e+00 -3.854067347416879841e+01 -3.557063695196818642e+00 -2.184536555129310831e-01 -3.557063695196818642e+00 -2.641095476109806839e+01
-2.696949697720455319e+01 -1.341445800053093773e+00 -4.558533820879172582e-01 -1.341445800053093773e+00 -3.832274662102899754e+01 -3.621465285311431082e+00 -4.558533820879172582e-01 -3.621465285311431082e+00 -2.583986335988891270e+01
-2.671704575425454919e+01 -1.354728745604047990e+00 -6.941938271863421495e-01 -1.354728745604047990e+00 -3.805469828496037366e+01 -3.676911235082906959e+00 -6.941938271863421495e-01 -3.676911235082906959e+00 -2.515895247825352499e+01
-2.642745496399918181e+01 -1.365829224180624468e+00 -9.332492183625803461e-01 -1.365829224180624468e+00 -3.773799598685950940e+01 -3.723175772065621558e+00 -9.332492183625803461e-01 -3.723175772065621558e+00 -2.437196617591519399e+01
-2.610247434289205515e+01 -1.374615535189541937e+00 -1.173019555616631848e+00 -1.374615535189541937e+00 -3.737448353503233278e+01 -3.760051938184417519e+00 -1.173019555616631848e+00 -3.760051938184417519e+00 -2.348313768622938724e+01
-2.574421110042566951e+01 -1.380993606778456284e+00 -1.413448395837090699e+00 -1.380993606778456284e+00 -3.696632458208275551e+01 -3.787370404105077082e+00 -1.413448395837090699e+00 -3.787370404105077082e+00 -2.249718941618376888e+01
-2.535469718861064692e+01 -1.384869367095023396e+00 -1.654573367764893943e+00 -1.384869367095023396e+00 -3.651579566683750500e+01 -3.804961840493380709e+00 -1.654573367764893943e+00 -3.804961840493380709e+00 -2.141916361706397609e+01
-2.493626558938512261e+01 -1.386129929916431136e+00 -1.896507357622854828e+00 -1.386129929916431136e+00 -3.602539910056891159e+01 -3.812713361126514933e+00 -1.896507357622854828e+00 -3.812713361126514933e+00 -2.025440357008313796e+01
-2.694367952640865482e+01 -2.403984164113845523e+00 7.744495307387862404e+00 -2.403984164113845523e+00 -2.347885820127185141e+01 -1.740697960094309593e+01 7.744495307387862404e+00 -1.740697960094309593e+01 7.095870959725446570e-01
-2.689716899384216120e+01 -2.348587095807685099e+00 7.614109977161575671e+00 -2.348587095807685099e+00 -2.350561056982425967e+01 -1.713509613274926480e+01 7.614109977161575671e+00 -1.713509613274926480e+01 7.150043578430733682e-01
-2.684019498286821204e+01 -2.289238394698707602e+00 7.464411737321520413e+00 -2.289238394698707602e+00 -2.352664884023925396e+01 -1.682937333013130754e+01 7.464411737321520413e+00 -1.682937333013130754e+01 7.279909445189984840e-01
-2.677283170255352118e+01 -2.226624494654069419e+00 7.295734528667932928e+00 -2.226624494654069419e+00 -2.354171328078332692e+01 -1.648986684988926754e+01 7.295734528667932928e+00 -1.648986684988926754e+01 7.471368837326479717e-01
-2.669585834809864622e+01 -2.161320515940845954e+00 7.108672023734572853e+00 -2.161320515940845954e+00 -2.355123059359011606e+01 -1.611730023042365900e+01 7.108672023734572853e+00 -1.611730023042365900e+01 7.718485029502653028e-01
-2.661044371230441996e+01 -2.094031444692874278e+00 6.904003417721993330e+00 -2.094031444692874278e+00 -2.355590576479344733e+01 -1.571223003973487664e+01 6.904003417721993330e+00 -1.571223003973487664e+01 8.010312184377368361e-01
-2.651803487197187081e+01 -2.025462267043990128e+00 6.682507905830751938e+00 -2.025462267043990128e+00 -2.355666640772732379e+01 -1.527515718902327890e+01 6.682507905830751938e+00 -1.527515718902327890e+01 8.332008488606712504e-01
-2.642039429243559212e+01 -1.956336521394709038e+00 6.445001787794763182e+00 -1.956336521394709038e+00 -2.355451434479245876e+01 -1.480652693268918441e+01 6.445001787794763182e+00 -1.480652693268918441e+01 8.665763766177986271e-01
-2.631934009583022060e+01 -1.887414850678906797e+00 6.192282811081261329e+00 -1.887414850678906797e+00 -2.355072968238975761e+01 -1.430654334566606956e+01 6.192282811081261329e+00 -1.430654334566606956e+01 8.990428433076111947e-01
-2.621685737469048760e+01 -1.819420793297099381e+00 5.925148723157483310e+00 -1.819420793297099381e+00 -2.354657397465345881e+01 -1.377539195062073496e+01 5.925148723157483310e+00 -1.377539195062073496e+01 9.286151563953605192e-01
-5.552277637049764181e+00 1.353397336111676985e+01 2.108002455777051054e+01 1.353397336111676985e+01 2.607865165093031834e+01 1.769767309609042982e+01 2.108002455777051054e+01 1.769767309609042982e+01 1.524936048662855015e+01
-5.571636047675286640e+00 1.347311480015487284e+01 2.101593662139550744e+01 1.347311480015487284e+01 2.590906483710949004e+01 1.750308984606097695e+01 2.101593662139550744e+01 1.750308984606097695e+01 1.498464091201944015e+01
-5.590940932741476743e+00 1.339957068163099585e+01 2.090588807140636263e+01 1.339957068163099585e+01 2.570909334744049701e+01 1.726814832429426261e+01 2.090588807140636263e+01 1.726814832429426261e+01 1.465827773491154318e+01
-5.609942506304777865e+00 1.331380489372602938e+01 2.074962912185950970e+01 1.331380489372602938e+01 2.548082467873732426e+01 1.699436508830472192e+01 2.074962912185950970e+01 1.699436508830472192e+01 1.427455300005152417e+01
-5.629390126195856325e+00 1.321635269203330587e+01 2.054719545646118561e+01 1.321635269203330587e+01 2.522572186295508700e+01 1.668377410934702354e+01 2.054719545646118561e+01 1.668377410934702354e+01 1.383608945984670768e+01
-5.650764666222930721e+00 1.310787422511793388e+01 2.029874765188938213e+01 1.310787422511793388e+01 2.494478404386800463e+01 1.633849856794138589e+01 2.029874765188938213e+01 1.633849856794138589e+01 1.334486755999242114e+01
-5.675921679109555029e+00 1.298920806007613216e+01 2.000451765223454359e+01 1.298920806007613216e+01 2.463870705374741021e+01 1.596076869572668677e+01 2.000451765223454359e+01 1.596076869572668677e+01 1.280260011838733547e+01
-5.707020029082169543e+00 1.286133549882901406e+01 1.966484445270578263e+01 1.286133549882901406e+01 2.430818672486463328e+01 1.555290393360737333e+01 1.966484445270578263e+01 1.555290393360737333e+01 1.221096426922388822e+01
-5.746165054807882200e+00 1.272529136885702172e+01 1.928012057407154245e+01 1.272529136885702172e+01 2.395399025690344885e+01 1.511720588063477066e+01 1.928012057407154245e+01 1.511720588063477066e+01 1.157167283040074146e+01
-5.795783248309797742e+00 1.258223539061237339e+01 1.885091695563137293e+01 1.258223539061237339e+01 2.357649232877919587e+01 1.465599397771332590e+01 1.885091695563137293e+01 1.465599397771332590e+01 1.088602825719500622e+01
1.579084481324724898e+01 8.609451239981373405e+00 3.882957907791364516e+00 8.609451239981373405e+00 -9.637906487215307294e+00 1.294370669214575820e+01 3.882957907791364516e+00 1.294370669214575820e+01 2.306575549459232732e+01
1.570211196802628706e+01 8.614253421427095603e+00 3.970221428838637046e+00 8.614253421427095603e+00 -9.641812739286827139e+00 1.281320561949949699e+01 3.970221428838637046e+00 1.281320561949949699e+01 2.293389260929728124e+01
1.557383280022804684e+01 8.603896477861320946e+00 4.040444373188588401e+00 8.603896477861320946e+00 -9.654140727475846617e+00 1.266019880097328532e+01 4.040444373188588401e+00 1.266019880097328532e+01 2.272241743981064843e+01
1.540647319312711616e+01 8.578577513746374450e+00 4.093304206266505041e+00 8.578577513746374450e+00 -9.675607195281724415e+00 1.248438162057988876e+01 4.093304206266505041e+00 1.248438162057988876e+01 2.243210048539424051e+01
1.520042735564814862e+01 8.538583226481996746e+00 4.128442556322705848e+00 8.538583226481996746e+00 -9.707233502191055408e+00 1.228584367125673182e+01 4.128442556322705848e+00 1.228584367125673182e+01 2.206364057095993303e+01
1.495598198519087951e+01 8.484397417930262364e+00 4.145644400307384458e+00 8.484397417930262364e+00 -9.750471053790041864e+00 1.206463870876626387e+01 4.145644400307384458e+00 1.206463870876626387e+01 2.161746774260734938e+01
1.467362088361738515e+01 8.416593482890656119e+00 4.144802226695634140e+00 8.416593482890656119e+00 -9.807004197302187976e+00 1.182099967474577795e+01 4.144802226695634140e+00 1.182099967474577795e+01 2.109406580219855343e+01
1.435361282973992481e+01 8.335977757799962973e+00 4.125933954074940679e+00 8.335977757799962973e+00 -9.878786058763250111e+00 1.155501616213269500e+01 4.125933954074940679e+00 1.155501616213269500e+01 2.049370352854581157e+01
1.399645954400804726e+01 8.243392416269930578e+00 4.089218768320143305e+00 8.243392416269930578e+00 -9.967805601383957992e+00 1.126699278691424411e+01 4.089218768320143305e+00 1.126699278691424411e+01 1.981675721198628182e+01
1.360264482828382704e+01 8.139805062024697335e+00 4.034889611068535942e+00 8.139805062024697335e+00 -1.007614138131246051e+01 1.095707289779029558e+01 4.034889611068535942e+00 1.095707289779029558e+01 1.906376441014448631e+01
-2.819461892319068852e+01 6.206622437577752116e+00 -5.188213722798885819e+00 6.206622437577752116e+00 -1.225727236928847219e+01 1.050400949179777221e+01 -5.188213722798885819e+00 1.050400949179777221e+01 6.159882271338127602e+00
-2.819808252242327029e+01 6.198018709696827777e+00 -5.391718601112994946e+00 6.198018709696827777e+00 -1.232540210312927975e+01 1.036587083729847869e+01 -5.391718601112994946e+00 1.036587083729847869e+01 6.045951964666531175e+00
-2.818964460514390424e+01 6.183243142757852695e+00 -5.587614615155538367e+00 6.183243142757852695e+00 -1.239994318023039455e+01 1.021553589188447120e+01 -5.587614615155538367e+00 1.021553589188447120e+01 5.926586754943815372e+00
-2.816959994575536896e+01 6.162498394162734705e+00 -5.776251809529806991e+00 6.162498394162734705e+00 -1.248026920498591785e+01 1.005328100655834689e+01 -5.776251809529806991e+00 1.005328100655834689e+01 5.800920742361836524e+00
-2.813883286746598245e+01 6.136023968113723193e+00 -5.957611760835627379e+00 6.136023968113723193e+00 -1.256625121359464003e+01 9.879290415321838381e+00 -5.957611760835627379e+00 9.879290415321838381e+00 5.668806539719207116e+00
-2.809885408908995430e+01 6.104114639013593191e+00 -6.131657622272654429e+00 6.104114639013593191e+00 -1.265814713365898569e+01 9.693840469177549934e+00 -6.131657622272654429e+00 9.693840469177549934e+00 5.529322977007264051e+00
-2.805106378904045172e+01 6.067102028065462171e+00 -6.298370970440713812e+00 6.067102028065462171e+00 -1.275608592898017157e+01 9.496986438325993873e+00 -6.298370970440713812e+00 9.496986438325993873e+00 5.381659424618381315e+00
-2.799710164993289752e+01 6.025336179872624598e+00 -6.457825498940498399e+00 6.025336179872624598e+00 -1.286063872496356630e+01 9.288654629166483545e+00 -6.457825498940498399e+00 9.288654629166483545e+00 5.224673631741817204e+00
-2.793873631818392766e+01 5.979130292238025390e+00 -6.610021207772008189e+00 5.979130292238025390e+00 -1.297217398961263690e+01 9.068660807697284554e+00 -6.610021207772008189e+00 9.068660807697284554e+00 5.057057536965267275e+00
-2.787777328701052681e+01 5.928889679965475779e+00 -6.755050213936110381e+00 5.928889679965475779e+00 -1.309129969513309888e+01 8.836710199515620090e+00 -6.755050213936110381e+00 8.836710199515620090e+00 4.877410961875561668e+00
-7.457178984715425507e+00 1.045495820576441837e+01 1.868129826647188807e+01 1.045495820576441837e+01 -2.828157347162498780e+01 -5.675216426507877721e+00 1.868129826647188807e+01 -5.675216426507877721e+00 -1.890716860360148388e+01
-7.597675327041310211e+00 1.039090459562795132e+01 1.863253690101869253e+01 1.039090459562795132e+01 -2.833532746835325611e+01 -5.736459370148748071e+00 1.863253690101869253e+01 -5.736459370148748071e+00 -1.918372339378652569e+01
-7.715427460225206424e+00 1.032015716133750161e+01 1.854943732712917992e+01 1.032015716133750161e+01 -2.834858567807260954e+01 -5.792524770245099930e+00 1.854943732712917992e+01 -5.792524770245099930e+00 -1.938651667968913017e+01
-7.809251945742651912e+00 1.024295628884335052e+01 1.843196256234945452e+01 1.024295628884335052e+01 -2.832092280256332728e+01 -5.843301679435266571e+00 1.843196256234945452e+01 -5.843301679435266571e+00 -1.951466088241595287e+01
-7.879093309912809318e+00 1.015948689041494113e+01 1.828016808036035101e+01 1.015948689041494113e+01 -2.825283810495291448e+01 -5.888272343364794104e+00 1.828016808036035101e+01 -5.888272343364794104e+00 -1.956802656337837831e+01
-7.925284394820688583e+00 1.007002633445644690e+01 1.809409086361576158e+01 1.007002633445644690e+01 -2.814542256763111183e+01 -5.926789569090619381e+00 1.809409086361576158e+01 -5.926789569090619381e+00 -1.954731638920030434e+01
-7.948472393409351966e+00 9.974833498145093458e+00 1.787361996475401682e+01 9.974833498145093458e+00 -2.800002605016487678e+01 -5.958150689988843673e+00 1.787361996475401682e+01 -5.958150689988843673e+00 -1.945378776331397574e+01
-7.949378463529643390e+00 9.874148767431163876e+00 1.761864443641345090e+01 9.874148767431163876e+00 -2.781816483316368149e+01 -5.981449635939174669e+00 1.761864443641345090e+01 -5.981449635939174669e+00 -1.928897545755579657e+01
-7.928945657755741117e+00 9.768175545811047300e+00 1.732886841896294072e+01 9.768175545811047300e+00 -2.760146614459866043e+01 -5.995706371913543720e+00 1.732886841896294072e+01 -5.995706371913543720e+00 -1.905474708584719323e+01
-7.888117028661826957e+00 9.657135728008078956e+00 1.700395907031749232e+01 9.657135728008078956e+00 -2.735159419489482957e+01 -5.999811424295268480e+00 1.700395907031749232e+01 -5.999811424295268480e+00 -1.875306271824429416e+01
4.218178337489698748e+01 -7.946686151723506342e+00 3.414146974209673502e+00 -7.946686151723506342e+00 4.540752415897883765e+01 -3.978179951604661202e+00 3.414146974209673502e+00 -3.978179951604661202e+00 3.425045838450264313e+01
4.198191645254706117e+01 -7.922063619078439700e+00 3.295329937754231331e+00 -7.922063619078439700e+00 4.531171449950298324e+01 -3.818107715651096967e+00 3.295329937754231331e+00 -3.818107715651096967e+00 3.386395507025410012e+01
4.173818258962292305e+01 -7.890791456193564812e+00 3.165670739331560846e+00 -7.890791456193564812e+00 4.516595529194672309e+01 -3.641059162702886542e+00 3.165670739331560846e+00 -3.641059162702886542e+00 3.334952799079791674e+01
4.145140654646437639e+01 -7.853178948196317677e+00 3.025736401675288789e+00 -7.853178948196317677e+00 4.497031526633838183e+01 -3.447446672929940448e+00 3.025736401675288789e+00 -3.447446672929940448e+00 3.270891257934913909e+01
4.112249899594665692e+01 -7.809621292749528543e+00 2.876317320111076992e+00 -7.809621292749528543e+00 4.472463978011424501e+01 -3.238026276643761303e+00 2.876317320111076992e+00 -3.238026276643761303e+00 3.194435974433521253e+01
4.075207850832460821e+01 -7.760599600051426350e+00 2.717997699879631579e+00 -7.760599600051426350e+00 4.442865391316103540e+01 -3.013674281705408742e+00 2.717997699879631579e+00 -3.013674281705408742e+00 3.105758773646407178e+01
4.034055746376816387e+01 -7.706629345314398805e+00 2.551447658757057813e+00 -7.706629345314398805e+00 4.408201401533715824e+01 -2.775284178483022224e+00 2.551447658757057813e+00 -2.775284178483022224e+00 3.005045226650033285e+01
3.988831387743306323e+01 -7.648294733779152921e+00 2.377148306941583300e+00 -7.648294733779152921e+00 4.368439361900811235e+01 -2.523801004865979358e+00 2.377148306941583300e+00 -2.523801004865979358e+00 2.892468876765902053e+01
3.939438552892284662e+01 -7.586386160771350973e+00 2.195340199532323400e+00 -7.586386160771350973e+00 4.323428066355087651e+01 -2.259912061137464345e+00 2.195340199532323400e+00 -2.259912061137464345e+00 2.768103608774456603e+01
3.886188245201892499e+01 -7.521006721333468370e+00 2.006899644390337301e+00 -7.521006721333468370e+00 4.273457899266191617e+01 -1.984974765356766202e+00 2.006899644390337301e+00 -1.984974765356766202e+00 2.632454588383837546e+01
-2.644026445868572850e+01 -4.710205319392121837e+00 1.171084511598939493e+01 -4.710205319392121837e+00 -1.541171018107403512e+01 -6.461504572469776164e+00 1.171084511598939493e+01 -6.461504572469776164e+00 4.160737946278915800e+00
-2.651223894653081814e+01 -4.860132181281176855e+00 1.177051327638186606e+01 -4.860132181281176855e+00 -1.545894286215156299e+01 -6.319824979503243512e+00 1.177051327638186606e+01 -6.319824979503243512e+00 3.982010219092198433e+00
-2.657127979787772531e+01 -5.004284109897860766e+00 1.180588243639187240e+01 -5.004284109897860766e+00 -1.550696890466906375e+01 -6.158348251069449830e+00 1.180588243639187240e+01 -6.158348251069449830e+00 3.799942993751170839e+00
-2.661770066724923112e+01 -5.141646340609651311e+00 1.181671274256082071e+01 -5.141646340609651311e+00 -1.555597281128699727e+01 -5.977092837434442529e+00 1.181671274256082071e+01 -5.977092837434442529e+00 3.613872060678181786e+00
-2.665212886369089773e+01 -5.271222559050068313e+00 1.180250603770547002e+01 -5.271222559050068313e+00 -1.560648963972069403e+01 -5.776372393121002702e+00 1.180250603770547002e+01 -5.776372393121002702e+00 3.423465315084404104e+00
-2.667578210476175471e+01 -5.391979550320540326e+00 1.176269036357840037e+01 -5.391979550320540326e+00 -1.565958950540082206e+01 -5.556352970523541046e+00 1.176269036357840037e+01 -5.556352970523541046e+00 3.227744892869404580e+00
-2.669004416041524053e+01 -5.502939450320635473e+00 1.169669376193218291e+01 -5.502939450320635473e+00 -1.571649012588640382e+01 -5.317292873366701755e+00 1.169669376193218291e+01 -5.317292873366701755e+00 3.025456175942061954e+00
-2.669659400486154155e+01 -5.603308897610378203e+00 1.160387047345521694e+01 -5.603308897610378203e+00 -1.577861217166297969e+01 -5.059247452448623505e+00 1.160387047345521694e+01 -5.059247452448623505e+00 2.815030891688473424e+00
-2.669701836098059644e+01 -5.692239179951657846e+00 1.148351938803775418e+01 -5.692239179951657846e+00 -1.584741321374817069e+01 -4.782382760163716995e+00 1.148351938803775418e+01 -4.782382760163716995e+00 2.594956118292874425e+00
-2.669316225537700049e+01 -5.769066087766821838e+00 1.133495784583609733e+01 -5.769066087766821838e+00 -1.592440617395774893e+01 -4.486643445713847100e+00 1.133495784583609733e+01 -4.486643445713847100e+00 2.363257677288352898e+00
4.815140157952344513e-01 1.212273725287352377e+01 -1.191064833577403270e+01 1.212273725287352377e+01 -1.223103485849558325e+01 1.497937969345740150e+01 -1.191064833577403270e+01 1.497937969345740150e+01 -2.864775751966861606e+01
6.101632181436302815e-01 1.224651379569968235e+01 -1.195809265217476458e+01 1.224651379569968235e+01 -1.217518245667865706e+01 1.489200155089698008e+01 -1.195809265217476458e+01 1.489200155089698008e+01 -2.839452577066331429e+01
7.807612562285810576e-01 1.236450176555957370e+01 -1.199066253424445705e+01 1.236450176555957370e+01 -1.206963259138868771e+01 1.478800873846186015e+01 -1.199066253424445705e+01 1.478800873846186015e+01 -2.802669493154103364e+01
9.928318550591915814e-01 1.247591347689133201e+01 -1.200835798198310833e+01 1.247591347689133201e+01 -1.191440358089455387e+01 1.466767603018525357e+01 -1.200835798198310833e+01 1.466767603018525357e+01 -2.754631664841639704e+01
1.244799643511731002e+00 1.257992460759533238e+01 -1.201106908577743582e+01 1.257992460759533238e+01 -1.171041133864028438e+01 1.453133315490700816e+01 -1.201106908577743582e+01 1.453133315490700816e+01 -2.695663325488126461e+01
1.534906067773662564e+00 1.267565588076530325e+01 -1.199857602640087251e+01 1.267565588076530325e+01 -1.145888318864087907e+01 1.437921825012257493e+01 -1.199857602640087251e+01 1.437921825012257493e+01 -2.626158317874497428e+01
1.861062845192598347e+00 1.276209979161281716e+01 -1.197067730289573184e+01 1.276209979161281716e+01 -1.116128459240678517e+01 1.421144122544523469e+01 -1.197067730289573184e+01 1.421144122544523469e+01 -2.546556280453886245e+01
2.220906919082942466e+00 1.283832210842495769e+01 -1.192706150469104287e+01 1.283832210842495769e+01 -1.081928251240613648e+01 1.402803871741275010e+01 -1.192706150469104287e+01 1.402803871741275010e+01 -2.457346311005404260e+01
2.612001959683575958e+00 1.290326037160665607e+01 -1.186736226640919512e+01 1.290326037160665607e+01 -1.043459886591371166e+01 1.382893745294959942e+01 -1.186736226640919512e+01 1.382893745294959942e+01 -2.359044984711484716e+01
3.031691818006813754e+00 1.295588875810059726e+01 -1.179117658613481368e+01 1.295588875810059726e+01 -1.000924866250637102e+01 1.361380770321592948e+01 -1.179117658613481368e+01 1.361380770321592948e+01 -2.252209176946097458e+01
6.895036830053093091e+00 7.840301119571623012e+00 5.784084717368928708e+00 7.840301119571623012e+00 -4.608167899155354519e+00 3.000098463944002702e+00 5.784084717368928708e+00 3.000098463944002702e+00 2.066960081743824773e+01
6.988471837591244018e+00 7.800198563022107123e+00 5.806631186046722348e+00 7.800198563022107123e+00 -4.628847462783395095e+00 2.967858449815564903e+00 5.806631186046722348e+00 2.967858449815564903e+00 2.075879938659426571e+01
7.051874805242491995e+00 7.750564020112791219e+00 5.812931990589640385e+00 7.750564020112791219e+00 -4.661661909234834589e+00 2.934954248313657477e+00 5.812931990589640385e+00 2.934954248313657477e+00 2.077867115476808735e+01
7.084150721391117678e+00 7.691846266096020734e+00 5.802987130997683707e+00 7.691846266096020734e+00 -4.706808699620704139e+00 2.901493565498841853e+00 5.802987130997683707e+00 2.901493565498841853e+00 2.072821086539445901e+01
