2.200170867571258349e+00 0.000000000000000000e+00 1.808295212146902902e-05 0.000000000000000000e+00 1.464050052610496921e+00 8.273493084135724596e-01 1.808295212146902902e-05 8.273493084135724596e-01 -2.892549021350185878e-01
2.371958912725213864e+00 -1.743196584509614303e-02 -1.806486916934756104e-01 -1.743196584509614303e-02 1.464375545748683560e+00 7.275856615594278320e-01 -1.806486916934756104e-01 7.275856615594278320e-01 -5.381486551349183578e-02
2.552824599844147002e+00 -3.439377493503409378e-02 -3.601943233075415862e-01 -3.439377493503409378e-02 1.475876303297937620e+00 6.292144020186363207e-01 -3.601943233075415862e-01 6.292144020186363207e-01 1.970860951718909626e-01
2.741267043901975953e+00 -5.077692955708503625e-02 -5.385826459858336079e-01 -5.077692955708503625e-02 1.497955587838251557e+00 5.322174468390765689e-01 -5.385826459858336079e-01 5.322174468390765689e-01 4.605547075816947555e-01
2.935749193968375526e+00 -6.654526380700602484e-02 -7.155785813507724580e-01 -6.654526380700602484e-02 1.530215574422952196e+00 4.366852107813555817e-01 -7.155785813507724580e-01 4.366852107813555817e-01 7.344571833655860749e-01
3.134517003687562919e+00 -8.157219701994677941e-02 -8.909651339769004696e-01 -8.157219701994677941e-02 1.571842530206573940e+00 3.426538597497166272e-01 -8.909651339769004696e-01 3.426538597497166272e-01 1.016243826274437989e+00
3.335780260799513286e+00 -9.578539738742145038e-02 -1.064615723199367592e+00 -9.578539738742145038e-02 1.621986556439407590e+00 2.501957255526455204e-01 -1.064615723199367592e+00 2.501957255526455204e-01 1.303256442346394373e+00
3.537513674666621810e+00 -1.091306160530655933e-01 -1.236530349018173824e+00 -1.091306160530655933e-01 1.679345680568707255e+00 1.592384763816562798e-01 -1.236530349018173824e+00 1.592384763816562798e-01 1.592601759242020298e+00
3.737782369411891015e+00 -1.216078530168792221e-01 -1.406709011433318723e+00 -1.216078530168792221e-01 1.742708344802334608e+00 6.972786338038457210e-02 -1.406709011433318723e+00 6.972786338038457210e-02 1.881404587574002196e+00
3.934705718014689158e+00 -1.331990253267408830e-01 -1.575242125205410071e+00 -1.331990253267408830e-01 1.810881074300273008e+00 -1.835419640329106344e-02 -1.575242125205410071e+00 -1.835419640329106344e-02 2.166518493673204482e+00
-3.292740001765925228e+01 -8.029653620232631184e+00 -1.185171168219384619e+01 -8.029653620232631184e+00 -1.219090091928514674e+01 -1.119423573072473133e+01 -1.185171168219384619e+01 -1.119423573072473133e+01 -2.851956651818797539e+01
-3.269281687590064678e+01 -8.056183745215133030e+00 -1.190441670145083819e+01 -8.056183745215133030e+00 -1.201481866623003114e+01 -1.127358305308254494e+01 -1.190441670145083819e+01 -1.127358305308254494e+01 -2.792300328496621376e+01
-3.241124979891933577e+01 -8.077908907462960642e+00 -1.194410905898279829e+01 -8.077908907462960642e+00 -1.180792482334323168e+01 -1.133701977899208124e+01 -1.194410905898279829e+01 -1.133701977899208124e+01 -2.722781678938877903e+01
-3.208339055177827959e+01 -8.094660839798635266e+00 -1.197065788031835432e+01 -8.094660839798635266e+00 -1.157092985204076641e+01 -1.138454590845333492e+01 -1.197065788031835432e+01 -1.138454590845333492e+01 -2.643916722489835536e+01
-3.171009916671792794e+01 -8.106233882338571561e+00 -1.198372663110254699e+01 -8.106233882338571561e+00 -1.130458160644476351e+01 -1.141591838887661758e+01 -1.198372663110254699e+01 -1.141591838887661758e+01 -2.556191564328878485e+01
-3.129455402375732831e+01 -8.112534553317502173e+00 -1.198297877698041880e+01 -8.112534553317502173e+00 -1.101174062857236713e+01 -1.143093156037834568e+01 -1.198297877698041880e+01 -1.143093156037834568e+01 -2.459843648139781180e+01
-3.083845649102431707e+01 -8.113375889204895941e+00 -1.196811517630311705e+01 -8.113375889204895941e+00 -1.069394001937393668e+01 -1.142937976307492853e+01 -1.196811517630311705e+01 -1.142937976307492853e+01 -2.355488083937995114e+01
-3.034425579076886592e+01 -8.108608319176328294e+00 -1.193878059836263539e+01 -8.108608319176328294e+00 -1.035329246674448633e+01 -1.141103864072973018e+01 -1.193878059836263539e+01 -1.141103864072973018e+01 -2.243648369609010018e+01
-2.981477507230201596e+01 -8.098138361466531876e+00 -1.189463850880400919e+01 -8.098138361466531876e+00 -9.992191103874825231e+00 -1.137573992616527363e+01 -1.189463850880400919e+01 -1.137573992616527363e+01 -2.124874177932590058e+01
-2.925266921775731888e+01 -8.081872534310241107e+00 -1.183535237327228806e+01 -8.081872534310241107e+00 -9.612860796778287309e+00 -1.132325926314491937e+01 -1.183535237327228806e+01 -1.132325926314491937e+01 -1.999741356582773832e+01
-2.968941221510861084e+01 -1.878548229041504758e+00 -1.368172278191464031e+00 -1.878548229041504758e+00 -2.841768148765785185e+01 -1.127422159087610076e+01 -1.368172278191464031e+00 -1.127422159087610076e+01 -4.752689941122820017e+01
-2.958984927247457009e+01 -1.912145756329753921e+00 -1.446774601323600917e+00 -1.912145756329753921e+00 -2.822398493253151130e+01 -1.126027937375254240e+01 -1.446774601323600917e+00 -1.126027937375254240e+01 -4.707340846294333403e+01
-2.943107447150031675e+01 -1.944097458801518075e+00 -1.526947079165717813e+00 -1.944097458801518075e+00 -2.797416007590503639e+01 -1.123404076432191090e+01 -1.526947079165717813e+00 -1.123404076432191090e+01 -4.645446482678515565e+01
-2.921274729670657422e+01 -1.974289831297039166e+00 -1.608670794191188635e+00 -1.974289831297039166e+00 -2.766856635078433158e+01 -1.119518416463155930e+01 -1.608670794191188635e+00 -1.119518416463155930e+01 -4.567580051332140556e+01
-2.893526501615249913e+01 -2.002609368656559585e+00 -1.691794406187002942e+00 -2.002609368656559585e+00 -2.730807396339419668e+01 -1.114350148188860068e+01 -1.691794406187002942e+00 -1.114350148188860068e+01 -4.474197464646901778e+01
-2.860072747529360271e+01 -2.028829060560565001e+00 -1.776071987307019651e+00 -2.028829060560565001e+00 -2.689563404788833623e+01 -1.107846302534749583e+01 -1.776071987307019651e+00 -1.107846302534749583e+01 -4.365580593769531248e+01
-2.821070482883987296e+01 -2.052873236902549525e+00 -1.861144104545339850e+00 -2.052873236902549525e+00 -2.643336536724889285e+01 -1.099978503210885528e+01 -1.861144104545339850e+00 -1.099978503210885528e+01 -4.242503165539041987e+01
-2.776742934493319837e+01 -2.074571639942877077e+00 -1.946594572316185268e+00 -2.074571639942877077e+00 -2.592420013810293256e+01 -1.090712698669340064e+01 -1.946594572316185268e+00 -1.090712698669340064e+01 -4.105689721225220268e+01
-2.727319004429536164e+01 -2.093697259362032437e+00 -2.031950452453898937e+00 -2.093697259362032437e+00 -2.537107057707752844e+01 -1.080005378598873200e+01 -2.031950452453898937e+00 -1.080005378598873200e+01 -3.955946147462346119e+01
-2.673203527762438370e+01 -2.110155507526884300e+00 -2.116738806792824779e+00 -2.110155507526884300e+00 -2.477861147819611887e+01 -1.067826274956883026e+01 -2.116738806792824779e+00 -1.067826274956883026e+01 -3.794303449451550136e+01
2.607682398948788816e+01 6.178087194404914939e+00 -1.390008425502914768e+01 6.178087194404914939e+00 -1.010060056240804016e+01 2.004409976907485458e+01 -1.390008425502914768e+01 2.004409976907485458e+01 3.533056373524878779e+01
2.595997617116108103e+01 6.048679128939920879e+00 -1.376292206828681053e+01 6.048679128939920879e+00 -1.007771339799265320e+01 1.997743933938413363e+01 -1.376292206828681053e+01 1.997743933938413363e+01 3.521271538514425714e+01
2.578157778186549010e+01 5.910266277475430208e+00 -1.359408233079624040e+01 5.910266277475430208e+00 -1.007126354135412427e+01 1.988126322225061671e+01 -1.359408233079624040e+01 1.988126322225061671e+01 3.497587522004637606e+01
2.554354055196212059e+01 5.764045704816930460e+00 -1.339422610819629256e+01 5.764045704816930460e+00 -1.008182272493686682e+01 1.975548208447986553e+01 -1.339422610819629256e+01 1.975548208447986553e+01 3.462066857231621952e+01
2.524779407845086254e+01 5.611303808964350992e+00 -1.316437179890357534e+01 5.611303808964350992e+00 -1.011049868035193278e+01 1.959995299296077675e+01 -1.316437179890357534e+01 1.959995299296077675e+01 3.414954317148141882e+01
2.489651809127603954e+01 5.453398454473171064e+00 -1.290578793427913062e+01 5.453398454473171064e+00 -1.015882793854367705e+01 1.941465808105445490e+01 -1.290578793427913062e+01 1.941465808105445490e+01 3.356476808068075712e+01
2.449230325307639333e+01 5.291705372537758301e+00 -1.262002891190620346e+01 5.291705372537758301e+00 -1.022857929676200328e+01 1.919963308203868735e+01 -1.262002891190620346e+01 1.919963308203868735e+01 3.286952356163624955e+01
2.403774022649067277e+01 5.127689627546919482e+00 -1.230877419584025390e+01 5.127689627546919482e+00 -1.032193248495123328e+01 1.895507452894123901e+01 -1.230877419584025390e+01 1.895507452894123901e+01 3.206720427573662136e+01
2.353572340701871468e+01 4.962709084056134756e+00 -1.197382831660896407e+01 4.962709084056134756e+00 -1.044097789986125058e+01 1.868107175495654459e+01 -1.197382831660896407e+01 1.868107175495654459e+01 3.116061528528726043e+01
2.298939732310478590e+01 4.798228806454210904e+00 -1.161715660448999721e+01 4.798228806454210904e+00 -1.058809180446414366e+01 1.837803569277902582e+01 -1.161715660448999721e+01 1.837803569277902582e+01 3.015472351589900057e+01
1.551355183484638367e+01 -1.502129233919971441e+01 -1.322093143772497115e+01 -1.502129233919971441e+01 2.340966385664901495e+01 1.173022023461635222e+01 -1.322093143772497115e+01 1.173022023461635222e+01 -1.791436093556720621e+01
1.559789931809565466e+01 -1.503257801815015604e+01 -1.320089980472259938e+01 -1.503257801815015604e+01 2.339966592553443547e+01 1.162165593789814189e+01 -1.320089980472259938e+01 1.162165593789814189e+01 -1.783285722878880719e+01
1.571699810752671667e+01 -1.503105776028836793e+01 -1.316273238969843895e+01 -1.503105776028836793e+01 2.342275595964699519e+01 1.149792483333528104e+01 -1.316273238969843895e+01 1.149792483333528104e+01 -1.767553736817375309e+01
1.586927428911795701e+01 -1.501666002406791556e+01 -1.310617879723995749e+01 -1.501666002406791556e+01 2.347793237733656113e+01 1.135890172322149994e+01 -1.310617879723995749e+01 1.135890172322149994e+01 -1.744444028779550493e+01
1.605299298036827693e+01 -1.498927749716913560e+01 -1.303091709038819168e+01 -1.498927749716913560e+01 2.356394320154049282e+01 1.120442563907731959e+01 -1.303091709038819168e+01 1.120442563907731959e+01 -1.714210571255257065e+01
1.626620467413727056e+01 -1.494892806497864868e+01 -1.293660744679756291e+01 -1.494892806497864868e+01 2.367937548671665837e+01 1.103419252933038130e+01 -1.293660744679756291e+01 1.103419252933038130e+01 -1.677187820974088339e+01
1.650649484323268013e+01 -1.489566538365627046e+01 -1.282283850257605806e+01 -1.489566538365627046e+01 2.382231549649786828e+01 1.084780891547528014e+01 -1.282283850257605806e+01 1.084780891547528014e+01 -1.633776410596092177e+01
1.677160992894174285e+01 -1.482950733858861803e+01 -1.268919889383166577e+01 -1.482950733858861803e+01 2.399067064065083343e+01 1.064475612130035032e+01 -1.268919889383166577e+01 1.064475612130035032e+01 -1.584419897709177327e+01
1.705868826940697858e+01 -1.475065066902838851e+01 -1.253516994435271670e+01 -1.475065066902838851e+01 2.418197273582347862e+01 1.042433661672782641e+01 -1.253516994435271670e+01 1.042433661672782641e+01 -1.529484932738834679e+01
1.736563727439510529e+01 -1.465916691652202175e+01 -1.236026874870076142e+01 -1.465916691652202175e+01 2.439420073332896166e+01 1.018590652783978001e+01 -1.236026874870076142e+01 1.018590652783978001e+01 -1.469502711667358774e+01
1.411271393562535792e+01 1.098703799549786808e+00 1.359912588984913739e+01 1.098703799549786808e+00 2.217514596738393706e+01 -4.632816394740277843e+00 1.359912588984913739e+01 -4.632816394740277843e+00 2.860743960154912102e+01
1.406088995332262925e+01 1.161016389874876431e+00 1.355257274260655009e+01 1.161016389874876431e+00 2.204606357050840160e+01 -4.630481662431759737e+00 1.355257274260655009e+01 -4.630481662431759737e+00 2.836391994682421469e+01
1.398423290919292761e+01 1.219402384953820473e+00 1.348493625512340088e+01 1.219402384953820473e+00 2.188512622751436609e+01 -4.616703204338303834e+00 1.348493625512340088e+01 -4.616703204338303834e+00 2.803219339798883425e+01
1.388325573684948822e+01 1.273189664879621263e+00 1.339619874003371081e+01 1.273189664879621263e+00 2.169323599406648384e+01 -4.591463333093937393e+00 1.339619874003371081e+01 -4.591463333093937393e+00 2.761172933406376373e+01
1.375746319004505125e+01 1.321812233941122905e+00 1.328620101104372253e+01 1.321812233941122905e+00 2.147019830913903959e+01 -4.554673611868792271e+00 1.328620101104372253e+01 -4.554673611868792271e+00 2.710367743383729078e+01
1.360600627521287898e+01 1.364810220623011272e+00 1.315474850712772259e+01 1.364810220623011272e+00 2.121569480014451869e+01 -4.506263291198973953e+00 1.315474850712772259e+01 -4.506263291198973953e+00 2.650812613413928176e+01
1.342787681249247633e+01 1.401812190239839717e+00 1.300148748096624196e+01 1.401812190239839717e+00 2.092915947137175436e+01 -4.446214683718509697e+00 1.300148748096624196e+01 -4.446214683718509697e+00 2.582452712662455596e+01
1.322188974836361197e+01 1.432570519667977882e+00 1.282609955997175177e+01 1.432570519667977882e+00 2.061004401447556589e+01 -4.374510102061424099e+00 1.282609955997175177e+01 -4.374510102061424099e+00 2.505376477959179482e+01
1.298678927984215825e+01 1.457032146809504436e+00 1.262805412316504672e+01 1.457032146809504436e+00 2.025751712325519804e+01 -4.291096484129796274e+00 1.262805412316504672e+01 -4.291096484129796274e+00 2.419422954273739990e+01
1.272135497867593124e+01 1.475090947468578273e+00 1.240696204849470519e+01 1.475090947468578273e+00 1.987101280199949471e+01 -4.196097641485444285e+00 1.240696204849470519e+01 -4.196097641485444285e+00 2.324654047387044287e+01
-3.742630637132375426e+01 6.468532989807161293e+00 -1.144199432701973151e+01 6.468532989807161293e+00 -4.418471951205739856e+01 1.028941615880803440e+01 -1.144199432701973151e+01 1.028941615880803440e+01 -3.887410061195750899e+01
-3.740383430050903968e+01 6.436364459500481416e+00 -1.142581443603313751e+01 6.436364459500481416e+00 -4.407802020731246984e+01 1.018891340805797263e+01 -1.142581443603313751e+01 1.018891340805797263e+01 -3.868579422111353239e+01
-3.733144554473567922e+01 6.401288903862876190e+00 -1.139865669938897064e+01 6.401288903862876190e+00 -4.391868844394448246e+01 1.007865682231599180e+01 -1.139865669938897064e+01 1.007865682231599180e+01 -3.836093414038269600e+01
-3.720910185367038991e+01 6.363516699727505888e+00 -1.136023423958747358e+01 6.363516699727505888e+00 -4.370639909412037838e+01 9.958378649248981418e+00 -1.136023423958747358e+01 9.958378649248981418e+00 -3.790024712609773161e+01
-3.703756823397917231e+01 6.323277349094179378e+00 -1.131045143079538740e+01 6.323277349094179378e+00 -4.344205104067273737e+01 9.828002388190338223e+00 -1.131045143079538740e+01 9.828002388190338223e+00 -3.730637245125645762e+01
-3.681847032482737347e+01 6.280723853296103165e+00 -1.124900227034630085e+01 6.280723853296103165e+00 -4.312719342210027662e+01 9.687470663640107560e+00 -1.124900227034630085e+01 9.687470663640107560e+00 -3.658231276702304058e+01
-3.655286001038077615e+01 6.236181340166343290e+00 -1.117558075557380270e+01 6.236181340166343290e+00 -4.276297374840205379e+01 9.536783475598294757e+00 -1.117558075557380270e+01 9.536783475598294757e+00 -3.573290674056015348e+01
-3.624437107230303923e+01 6.189592434204944205e+00 -1.108988088381147463e+01 6.189592434204944205e+00 -4.235287279990851061e+01 9.375730447231735099e+00 -1.108988088381147463e+01 9.375730447231735099e+00 -3.476113789786531072e+01
-3.589520290475901731e+01 6.141205762578367811e+00 -1.099144365105970245e+01 6.141205762578367811e+00 -4.189912822111779178e+01 9.204368954040383244e+00 -1.099144365105970245e+01 9.204368954040383244e+00 -3.367385304859951134e+01
-3.550778440391334101e+01 6.091193451786472757e+00 -1.087988655398546634e+01 6.091193451786472757e+00 -4.140422628369451274e+01 9.022622495357635941e+00 -1.087988655398546634e+01 9.022622495357635941e+00 -3.247677061759135597e+01
7.024108380826737630e+01 -1.307487658480129689e+01 4.774776130604416191e-01 -1.307487658480129689e+01 7.018792310861466888e+01 6.361797545338837345e+00 4.774776130604416191e-01 6.361797545338837345e+00 8.722991064195768729e+01
7.028136769377233861e+01 -1.313336504543083016e+01 7.138865680036209360e-01 -1.313336504543083016e+01 7.031513801570065425e+01 6.259434388514623748e+00 7.138865680036209360e-01 6.259434388514623748e+00 8.743291670676407534e+01
7.017902123839320438e+01 -1.316264267863573068e+01 9.486420798850285774e-01 -1.316264267863573068e+01 7.029344283855679976e+01 6.147618213781696817e+00 9.486420798850285774e-01 6.147618213781696817e+00 8.728382290663847698e+01
6.993454548548199057e+01 -1.316259257430052543e+01 1.179990496972483260e+00 -1.316259257430052543e+01 7.012183549047900044e+01 6.027083884723064777e+00 1.179990496972483260e+00 6.027083884723064777e+00 8.677994030892489263e+01
6.954915964052869981e+01 -1.313353205988151373e+01 1.406044555973255505e+00 -1.313353205988151373e+01 6.980013225557151202e+01 5.898716577927355154e+00 1.406044555973255505e+00 5.898716577927355154e+00 8.592223759743730227e+01
6.902446704225988583e+01 -1.307634631196731512e+01 1.624783382034069357e+00 -1.307634631196731512e+01 6.932841664105967538e+01 5.763284559867711820e+00 1.624783382034069357e+00 5.763284559867711820e+00 8.471377113662319402e+01
6.836489357361870134e+01 -1.299247165483381927e+01 1.834436621977674431e+00 -1.299247165483381927e+01 6.870989532439659797e+01 5.621489291237010022e+00 1.834436621977674431e+00 5.621489291237010022e+00 8.316058684959736524e+01
6.757513234066934160e+01 -1.288392896333429860e+01 2.033066908176136334e+00 -1.288392896333429860e+01 6.794795869893120255e+01 5.474266052959078088e+00 2.033066908176136334e+00 5.474266052959078088e+00 8.127302293085710971e+01
6.666214784600535381e+01 -1.275342387156983293e+01 2.218853783117000322e+00 -1.275342387156983293e+01 6.704868609066835461e+01 5.322399812952131271e+00 2.218853783117000322e+00 5.322399812952131271e+00 7.906539251882605868e+01
6.563500897429884162e+01 -1.260402944543301018e+01 2.390160505183562378e+00 -1.260402944543301018e+01 6.602041152069720908e+01 5.166892657920273635e+00 2.390160505183562378e+00 5.166892657920273635e+00 7.655795446637220891e+01
-2.616796160006556704e+01 2.765005352535901295e+00 1.832494849912662005e+01 2.765005352535901295e+00 -2.100252523149621098e+01 8.976726051598099332e+00 1.832494849912662005e+01 8.976726051598099332e+00 -4.583360767470289687e+01
-2.611262274453000742e+01 2.703647314889064290e+00 1.838260097778620050e+01 2.703647314889064290e+00 -2.090956648776516857e+01 9.025142847705689420e+00 1.838260097778620050e+01 9.025142847705689420e+00 -4.561524303367220057e+01
-2.600076000698072676e+01 2.641424019813730872e+00 1.842366308575157419e+01 2.641424019813730872e+00 -2.076091149956070581e+01 9.064455630869971969e+00 1.842366308575157419e+01 9.064455630869971969e+00 -4.524171516377922586e+01
-2.583263672663510135e+01 2.578786905968247556e+00 1.844824768268732385e+01 2.578786905968247556e+00 -2.055731266464673723e+01 9.094664401090946981e+00 1.844824768268732385e+01 9.094664401090946981e+00 -4.471462291027227565e+01
-2.560874196203967301e+01 2.516187412010959523e+00 1.845614785920837519e+01 2.516187412010959523e+00 -2.029967286033995677e+01 9.115599868871735012e+00 1.845614785920837519e+01 9.115599868871735012e+00 -4.403637394599586941e+01
-2.533033597944897863e+01 2.454039356712017117e+00 1.844711908604146089e+01 2.454039356712017117e+00 -1.998960974183276207e+01 9.127111554659554926e+00 1.844711908604146089e+01 9.127111554659554926e+00 -4.321037287083169076e+01
-2.499785140757727575e+01 2.392869418506157420e+00 1.842067230464003202e+01 2.392869418506157420e+00 -1.962808261627414552e+01 9.128992549069327112e+00 1.842067230464003202e+01 9.128992549069327112e+00 -4.224102121169860879e+01
-2.461375234910136811e+01 2.332884506778455602e+00 1.837614916696067624e+01 2.332884506778455602e+00 -1.921808226477564574e+01 9.120941892995494626e+00 1.837614916696067624e+01 9.120941892995494626e+00 -4.113144141931685738e+01
-2.418125530446196692e+01 2.274554870131355155e+00 1.831306061445684463e+01 2.274554870131355155e+00 -1.876318257671583112e+01 9.102846726773465846e+00 1.831306061445684463e+01 9.102846726773465846e+00 -3.989039892763598516e+01
-2.370079290237332259e+01 2.218200277614517546e+00 1.823044733997955902e+01 2.218200277614517546e+00 -1.826422999957910775e+01 9.074330851521288821e+00 1.823044733997955902e+01 9.074330851521288821e+00 -3.852205073430158677e+01
-2.551433048510252277e+01 1.025156011179595705e-01 -1.438268602854103762e+01 1.025156011179595705e-01 1.304375460350361315e+01 -4.142996915587904283e+00 -1.438268602854103762e+01 -4.142996915587904283e+00 -1.319674026914622900e+01
-2.550288083344084811e+01 8.084370045274402727e-02 -1.441302302558380788e+01 8.084370045274402727e-02 1.300328695467059426e+01 -3.970959029580262811e+00 -1.441302302558380788e+01 -3.970959029580262811e+00 -1.324596461157009486e+01
-2.544722636664378612e+01 6.023432746173178198e-02 -1.442809992689189968e+01 6.023432746173178198e-02 1.296303913914947969e+01 -3.788570658470469255e+00 -1.442809992689189968e+01 -3.788570658470469255e+00 -1.324449905615740164e+01
-2.534809986241767987e+01 4.085235712885093573e-02 -1.442782513525201793e+01 4.085235712885093573e-02 1.292319435136685613e+01 -3.596143232783720389e+00 -1.442782513525201793e+01 -3.596143232783720389e+00 -1.319344276946766747e+01
-2.520658216787940020e+01 2.289930332334693883e-02 -1.441197881735226360e+01 2.289930332334693883e-02 1.288362435522411076e+01 -3.394299613570411100e+00 -1.441197881735226360e+01 -3.394299613570411100e+00 -1.309343693199394565e+01
-2.502401060234301866e+01 6.375166045219786935e-03 -1.438023122322477398e+01 6.375166045219786935e-03 1.284414595629466227e+01 -3.183571064667643391e+00 -1.438023122322477398e+01 -3.183571064667643391e+00 -1.294556239085309990e+01
-2.480223542951706861e+01 -8.610138049578448804e-03 -1.433212436680308777e+01 -8.610138049578448804e-03 1.280442940461064971e+01 -2.964617086011128944e+00 -1.433212436680308777e+01 -2.964617086011128944e+00 -1.275141293755643623e+01
-2.454303363533943738e+01 -2.200165063307173499e-02 -1.426718194257807681e+01 -2.200165063307173499e-02 1.276412663076155773e+01 -2.738005580323287891e+00 -1.426718194257807681e+01 -2.738005580323287891e+00 -1.251238084974601250e+01
-2.424893330289702931e+01 -3.376273281994272152e-02 -1.418474445061402633e+01 -3.376273281994272152e-02 1.272259645425433661e+01 -2.504341089211855831e+00 -1.418474445061402633e+01 -2.504341089211855831e+00 -1.223092093273809056e+01
-2.392194957088229401e+01 -4.393002349550876456e-02 -1.408418902986054455e+01 -4.393002349550876456e-02 1.267936256957985819e+01 -2.264191515399252008e+00 -1.408418902986054455e+01 -2.264191515399252008e+00 -1.190879185302790333e+01
8.540599110677854711e+00 -1.504549848471237405e+00 -3.054811243654246278e-01 -1.504549848471237405e+00 -1.900909184623399995e+01 1.530989407089325960e+00 -3.054811243654246278e-01 1.530989407089325960e+00 -1.419526371587343050e+01
8.585743834210401104e+00 -1.504769263895453957e+00 -2.932304298466699710e-01 -1.504769263895453957e+00 -1.887252402927791195e+01 1.387930550500166893e+00 -2.932304298466699710e-01 1.387930550500166893e+00 -1.393105097587939234e+01
8.650361676642159381e+00 -1.505226379362571532e+00 -2.821133816863671817e-01 -1.505226379362571532e+00 -1.869746708999051421e+01 1.248364056079786844e+00 -2.821133816863671817e-01 1.248364056079786844e+00 -1.360088561628961301e+01
8.733593260894952692e+00 -1.505848056397851797e+00 -2.720202721724080952e-01 -1.505848056397851797e+00 -1.848549350557868820e+01 1.112454485396348725e+00 -2.720202721724080952e-01 1.112454485396348725e+00 -1.320831485312892006e+01
8.834579209890597085e+00 -1.506652579619978782e+00 -2.629145320674232678e-01 -1.506652579619978782e+00 -1.823784663011299756e+01 9.804943923488077528e-01 -2.629145320674232678e-01 9.804943923488077528e-01 -1.275604480996265622e+01
8.951856754134317029e+00 -1.507585095172899070e+00 -2.546315998032503414e-01 -1.507585095172899070e+00 -1.795635492546191259e+01 8.527397615987495350e-01 -2.546315998032503414e-01 8.527397615987495350e-01 -1.224733014891669569e+01
9.083816847181857668e+00 -1.508554179963188524e+00 -2.470434830490963185e-01 -1.508554179963188524e+00 -1.764306626891811547e+01 7.292820162395977635e-01 -2.470434830490963185e-01 7.292820162395977635e-01 -1.168608377838956969e+01
9.228466465596586232e+00 -1.509468410897424118e+00 -2.399307663807447033e-01 -1.509468410897424118e+00 -1.730019309934246152e+01 6.101577255087220486e-01 -2.399307663807447033e-01 6.101577255087220486e-01 -1.107512152965872154e+01
9.384032001366087172e+00 -1.510163226407442938e+00 -2.330740343739790277e-01 -1.510163226407442938e+00 -1.693009413254527828e+01 4.952937509313833919e-01 -2.330740343739790277e-01 4.952937509313833919e-01 -1.041936196515033508e+01
9.548264446392138893e+00 -1.510510634162452570e+00 -2.261990177485286302e-01 -1.510510634162452570e+00 -1.653505494586215363e+01 3.844889617020499362e-01 -2.261990177485286302e-01 3.844889617020499362e-01 -9.723321385679538409e+00
-9.890630360781946351e+00 -1.262094557284984120e+01 2.519778532176556229e+00 -1.262094557284984120e+01 5.569357685543512737e+00 1.179845431175139225e+01 2.519778532176556229e+00 1.179845431175139225e+01 -2.499641752892442526e+01
-9.991195299586092204e+00 -1.262376395330040246e+01 2.333033375569182777e+00 -1.262376395330040246e+01 5.516869924944733050e+00 1.164349829048574847e+01 2.333033375569182777e+00 1.164349829048574847e+01 -2.523334449848920968e+01
-1.004869758124626067e+01 -1.261920696153293520e+01 2.144513005301390773e+00 -1.261920696153293520e+01 5.497781802802289342e+00 1.147146727597091953e+01 2.144513005301390773e+00 1.147146727597091953e+01 -2.537537989249448245e+01
-1.006332021748002248e+01 -1.260742100692149315e+01 1.954144216686152014e+00 -1.260742100692149315e+01 5.511690693337531144e+00 1.128221485883285169e+01 1.954144216686152014e+00 1.128221485883285169e+01 -2.542314595077998618e+01
-1.003641749499738367e+01 -1.258857080001189033e+01 1.761890407379952617e+00 -1.258857080001189033e+01 5.556949491092336046e+00 1.107568613555627302e+01 1.761890407379952617e+00 1.107568613555627302e+01 -2.537957086082681357e+01
-9.966927945836447478e+00 -1.256267464197588168e+01 1.567678372695765487e+00 -1.256267464197588168e+01 5.634198737078197183e+00 1.085180790145415664e+01 1.567678372695765487e+00 1.085180790145415664e+01 -2.524218396444778989e+01
-9.856846397718713959e+00 -1.252998874921806305e+01 1.371416606774806146e+00 -1.252998874921806305e+01 5.741004375451446151e+00 1.061050695183947390e+01 1.371416606774806146e+00 1.061050695183947390e+01 -2.501490171239888838e+01
-9.707929763132847611e+00 -1.249064122994073678e+01 1.172958700243019070e+00 -1.249064122994073678e+01 5.875316674975310072e+00 1.035172838319695643e+01 1.172958700243019070e+00 1.035172838319695643e+01 -2.470107321911162757e+01
-9.521404220586555667e+00 -1.244488830054849338e+01 9.721033402110784705e-01 -1.244488830054849338e+01 6.035397024332885607e+00 1.007536238849606036e+01 9.721033402110784705e-01 1.007536238849606036e+01 -2.430338875683426636e+01
-9.298825369679180497e+00 -1.239294957510242234e+01 7.684845032438465395e-01 -1.239294957510242234e+01 6.219104186428613623e+00 9.781317461878002106e+00 7.684845032438465395e-01 9.781317461878002106e+00 -2.382393465914708486e+01
2.167575506331384183e+00 4.145988479069680821e+00 1.147281714436583400e+01 4.145988479069680821e+00 -3.193087319066519569e+01 4.457251215825658974e+00 1.147281714436583400e+01 4.457251215825658974e+00 -2.836499057045240235e+01
2.275109043919371299e+00 4.131978501351142086e+00 1.151037501840864508e+01 4.131978501351142086e+00 -3.174592292851860975e+01 4.501211000216676084e+00 1.151037501840864508e+01 4.501211000216676084e+00 -2.794960864829414504e+01
2.411553237514620474e+00 4.112791326568402184e+00 1.152733544176592240e+01 4.112791326568402184e+00 -3.150556366840175215e+01 4.546970742009942335e+00 1.152733544176592240e+01 4.546970742009942335e+00 -2.742763955790372421e+01
2.577056537212162546e+00 4.088593961078370143e+00 1.152375408322330230e+01 4.088593961078370143e+00 -3.120983252283838283e+01 4.594641778776730412e+00 1.152375408322330230e+01 4.594641778776730412e+00 -2.680166261968230046e+01
2.770320004680478121e+00 4.059442073666683193e+00 1.149972372409017929e+01 4.059442073666683193e+00 -3.086045522418322307e+01 4.644112772945768519e+00 1.149972372409017929e+01 4.644112772945768519e+00 -2.607455405422109251e+01
2.990508608135017621e+00 4.025428445642734054e+00 1.145542992698534412e+01 4.025428445642734054e+00 -3.045908327974350271e+01 4.695123936850751356e+00 1.145542992698534412e+01 4.695123936850751356e+00 -2.525134260848927781e+01
3.234876020817710085e+00 3.986849977196587069e+00 1.139118814836073312e+01 3.986849977196587069e+00 -3.000868569141984565e+01 4.747341257777859980e+00 1.139118814836073312e+01 4.747341257777859980e+00 -2.433434781522171164e+01
3.501882072992610340e+00 3.943780893375755436e+00 1.130731384466829326e+01 3.943780893375755436e+00 -2.951195311718467096e+01 4.800208047870729189e+00 1.130731384466829326e+01 4.800208047870729189e+00 -2.333034271000417093e+01
3.789225788186739940e+00 3.896518094370301721e+00 1.120427092245498990e+01 3.896518094370301721e+00 -2.897207723408114788e+01 4.853167619272992894e+00 1.120427092245498990e+01 4.853167619272992894e+00 -2.224498695270971282e+01
4.094773196284029915e+00 3.845172917751499053e+00 1.108250473200591735e+01 3.845172917751499053e+00 -2.839260228812814546e+01 4.905384940200101518e+00 1.108250473200591735e+01 4.905384940200101518e+00 -2.108423710340145618e+01
-1.257415458977973799e+01 -1.035550469908399496e+00 1.898898330981078075e+01 -1.035550469908399496e+00 2.727362019211655308e+01 -1.780023513847326200e+01 1.898898330981078075e+01 -1.780023513847326200e+01 2.503086896574005138e+01
-1.258441200347720468e+01 -1.085151879501393690e+00 1.889672038415787014e+01 -1.085151879501393690e+00 2.730910869160481980e+01 -1.772029186878216578e+01 1.889672038415787014e+01 -1.772029186878216578e+01 2.505509582921081702e+01
-1.258765779347587710e+01 -1.133300753238627667e+00 1.876861030818810860e+01 -1.133300753238627667e+00 2.728186916117395810e+01 -1.759350880087816549e+01 1.876861030818810860e+01 -1.759350880087816549e+01 2.498811778697298891e+01
-1.258462719397435414e+01 -1.179315654545794345e+00 1.860488620494008671e+01 -1.179315654545794345e+00 2.719211679132112636e+01 -1.742080049437414146e+01 1.860488620494008671e+01 -1.742080049437414146e+01 2.482839264046366168e+01
-1.257646788762409606e+01 -1.222533079390015542e+00 1.840594259032523539e+01 -1.222533079390015542e+00 2.704013850270918695e+01 -1.720326083429727504e+01 1.840594259032523539e+01 -1.720326083429727504e+01 2.457644043338428119e+01
-1.256499106110944730e+01 -1.262253658655555055e+00 1.817240710329357967e+01 -1.262253658655555055e+00 2.682650813666387180e+01 -1.694237822158618201e+01 1.817240710329357967e+01 -1.694237822158618201e+01 2.423236876098342307e+01
-1.255231275431904869e+01 -1.297867685933822068e+00 1.790497911296085221e+01 -1.297867685933822068e+00 2.655222991550521527e+01 -1.663992797784235123e+01 1.790497911296085221e+01 -1.663992797784235123e+01 2.379745083370255188e+01
-1.254105111830154939e+01 -1.328783387357654888e+00 1.760460904402280136e+01 -1.328783387357654888e+00 2.621845152188467765e+01 -1.629802614295441998e+01 1.760460904402280136e+01 -1.629802614295441998e+01 2.327177631424881454e+01
-1.253400362951989955e+01 -1.354462786684179854e+00 1.727221145609230746e+01 -1.354462786684179854e+00 2.582693034486232264e+01 -1.591882462189387759e+01 1.727221145609230746e+01 -1.591882462189387759e+01 2.265699499643369919e+01
-1.253425468509990637e+01 -1.374529300543384513e+00 1.690891609927941275e+01 -1.374529300543384513e+00 2.537958516637106143e+01 -1.550483397046081002e+01 1.690891609927941275e+01 -1.550483397046081002e+01 2.195506152727297078e+01
3.690160442770158511e+01 8.340727395831349256e+00 -1.038907077173987759e+01 8.340727395831349256e+00 -8.058003211103516250e+00 1.632075731843724142e+01 -1.038907077173987759e+01 1.632075731843724142e+01 3.803283848275168566e+01
3.685983048693771735e+01 8.358569644223905470e+00 -1.023598250518363884e+01 8.358569644223905470e+00 -7.993256265941669270e+00 1.646026417203795233e+01 -1.023598250518363884e+01 1.646026417203795233e+01 3.805510134791015986e+01
3.674274627982436670e+01 8.359315290425385570e+00 -1.006068463391188672e+01 8.359315290425385570e+00 -7.949511688788175157e+00 1.657852010889648398e+01 -1.006068463391188672e+01 1.657852010889648398e+01 3.794218920882890700e+01
3.655118621996795980e+01 8.343106362283689847e+00 -9.864224613302893019e+00 8.343106362283689847e+00 -7.927461865401552288e+00 1.667490375717826723e+01 -9.864224613302893019e+00 1.667490375717826723e+01 3.769344518671137223e+01
3.628625102318972040e+01 8.310013873722768452e+00 -9.647827433544804876e+00 8.310013873722768452e+00 -7.928225265084019924e+00 1.674859845675787540e+01 -9.647827433544804876e+00 1.674859845675787540e+01 3.730988122997386114e+01
3.594950299581655884e+01 8.260499415248299115e+00 -9.412771345268726719e+00 8.260499415248299115e+00 -7.953275426757550726e+00 1.679889406839579991e+01 -9.412771345268726719e+00 1.679889406839579991e+01 3.679275783576649417e+01
3.554296603468107207e+01 8.195095591289911496e+00 -9.160370106067748708e+00 8.195095591289911496e+00 -8.004121396306091540e+00 1.682495617848562475e+01 -9.160370106067748708e+00 1.682495617848562475e+01 3.614436520313667245e+01
3.506910787364053306e+01 8.114477034125131993e+00 -8.891919720053959253e+00 8.114477034125131993e+00 -8.082591782271366654e+00 1.682616341519278080e+01 -8.891919720053959253e+00 1.682616341519278080e+01 3.536670947543598942e+01
3.453066254876703312e+01 8.019602431727294700e+00 -8.608662930896496590e+00 8.019602431727294700e+00 -8.190408672309178684e+00 1.680187665320172030e+01 -8.608662930896496590e+00 1.680187665320172030e+01 3.446259570266050076e+01
3.393094996100525407e+01 7.911536992955658931e+00 -8.311949003150418847e+00 7.911536992955658931e+00 -8.329507195847174472e+00 1.675154553460181717e+01 -8.311949003150418847e+00 1.675154553460181717e+01 3.343598291107043963e+01
5.803952123839396648e+01 2.615322835751539898e+00 -1.311459820325529968e+01 2.615322835751539898e+00 5.793857715892794857e+01 -2.148975168376194844e+01 -1.311459820325529968e+01 -2.148975168376194844e+01 4.020844262163520710e+01
5.798380678953483169e+01 2.551868374719192811e+00 -1.299125241454787627e+01 2.551868374719192811e+00 5.802032464432561198e+01 -2.126691093681036193e+01 -1.299125241454787627e+01 -2.126691093681036193e+01 4.022574683387266958e+01
5.787796979488442162e+01 2.483350513652829328e+00 -1.283998120747103222e+01 2.483350513652829328e+00 5.804698847480777602e+01 -2.099094711071401420e+01 -1.283998120747103222e+01 -2.099094711071401420e+01 4.009353583298447887e+01
5.772233417565706048e+01 2.410331852556229837e+00 -1.266151766687817570e+01 2.410331852556229837e+00 5.801786966249094490e+01 -2.066291721154061634e+01 -1.266151766687817570e+01 -2.066291721154061634e+01 3.981061622502321740e+01
5.751758187125123101e+01 2.333733009617397158e+00 -1.245679945944227285e+01 2.333733009617397158e+00 5.793257609222097670e+01 -2.028421921505713144e+01 -1.245679945944227285e+01 -2.028421921505713144e+01 3.937813025848141280e+01
5.726427548167072246e+01 2.254474603024333668e+00 -1.222676425183629156e+01 2.254474603024333668e+00 5.779080089126853181e+01 -1.985664321218467876e+01 -1.222676425183629156e+01 -1.985664321218467876e+01 3.879790212125011806e+01
5.696275597661482237e+01 2.173715929754524545e+00 -1.197245200164297607e+01 2.173715929754524545e+00 5.759210079902457124e+01 -1.938233731202859644e+01 -1.197245200164297607e+01 -1.938233731202859644e+01 3.807098881939701585e+01
5.661360300457224781e+01 2.092531044360640191e+00 -1.169491971493003035e+01 2.092531044360640191e+00 5.733639057306427844e+01 -1.886360306005889598e+01 -1.169491971493003035e+01 -1.886360306005889598e+01 3.720008401354628802e+01
5.621732802009188390e+01 2.012113340790091520e+00 -1.139532668867494358e+01 2.012113340790091520e+00 5.702360201944781437e+01 -1.830318526235462073e+01 -1.139532668867494358e+01 -1.830318526235462073e+01 3.618777907341229394e+01
5.577500507772641924e+01 1.933707358445178714e+00 -1.107488336531008422e+01 1.933707358445178714e+00 5.665458756242333749e+01 -1.770386282196473715e+01 -1.107488336531008422e+01 -1.770386282196473715e+01 3.503780761720194903e+01
5.082777424940616129e+01 -1.142473955775998107e+01 -1.292492160978841476e+01 -1.142473955775998107e+01 2.618840799009975129e+01 1.735884250073103985e+01 -1.292492160978841476e+01 1.735884250073103985e+01 5.921451221204655013e+01
5.095360087090391943e+01 -1.144970460917130772e+01 -1.289184205342319878e+01 -1.144970460917130772e+01 2.625114865180705692e+01 1.714151188720006047e+01 -1.289184205342319878e+01 1.714151188720006047e+01 5.941915312102197788e+01
5.097532012033369142e+01 -1.145163827843691706e+01 -1.282507866904726157e+01 -1.145163827843691706e+01 2.624785105511303129e+01 1.688792497493893663e+01 -1.282507866904726157e+01 1.688792497493893663e+01 5.939883232882894504e+01
5.089263849432479958e+01 -1.143071321459837542e+01 -1.272499401964790522e+01 -1.143071321459837542e+01 2.617837708078441139e+01 1.659922124762204376e+01 -1.272499401964790522e+01 1.659922124762204376e+01 5.915429222634619322e+01
5.070384676736568963e+01 -1.138762001382197475e+01 -1.259239955572051883e+01 -1.138762001382197475e+01 2.604022331771840371e+01 1.627692001681521461e+01 -1.259239955572051883e+01 1.627692001681521461e+01 5.868190718370073000e+01
5.041004989332242303e+01 -1.132317012660310418e+01 -1.242815852247296426e+01 -1.132317012660310418e+01 2.583352788514826415e+01 1.592274777293417465e+01 -1.242815852247296426e+01 1.592274777293417465e+01 5.798545821490296959e+01
5.001288803808991901e+01 -1.123841671209535242e+01 -1.223346219829208970e+01 -1.123841671209535242e+01 2.555815266384074036e+01 1.553855186072374472e+01 -1.223346219829208970e+01 1.553855186072374472e+01 5.706694804883515104e+01
4.951305179783448551e+01 -1.113501720109781168e+01 -1.200988168945619883e+01 -1.113501720109781168e+01 2.521250928261336099e+01 1.512692201580750151e+01 -1.200988168945619883e+01 1.512692201580750151e+01 5.593076197115320269e+01
4.891504731254115512e+01 -1.101469808402620387e+01 -1.175895357243528316e+01 -1.101469808402620387e+01 2.479813431793612466e+01 1.468989549687600515e+01 -1.175895357243528316e+01 1.468989549687600515e+01 5.458097449923824485e+01
4.822208585438315254e+01 -1.087954841428355124e+01 -1.148281869534484123e+01 -1.087954841428355124e+01 2.431487238567161668e+01 1.423044186744428785e+01 -1.148281869534484123e+01 1.423044186744428785e+01 5.302582099237324087e+01
-2.410142050361195487e+01 1.038695740086317088e+01 1.402247525013496166e+01 1.038695740086317088e+01 -1.995735343502637349e+01 1.451577450200178632e+01 1.402247525013496166e+01 1.451577450200178632e+01 -9.744189870494794903e+00
-2.414663107783583129e+01 1.042841127578913252e+01 1.417125542034927221e+01 1.042841127578913252e+01 -2.002657340921857809e+01 1.444277923099038929e+01 1.417125542034927221e+01 1.444277923099038929e+01 -9.920550164762582668e+00
-2.416933865131478854e+01 1.045803712718305789e+01 1.429902039152081272e+01 1.045803712718305789e+01 -2.007412727112332718e+01 1.434863857828728406e+01 1.429902039152081272e+01 1.434863857828728406e+01 -1.005274134599799929e+01
-2.416971060174032360e+01 1.047570477239600706e+01 1.440577016364957963e+01 1.047570477239600706e+01 -2.009990343561295845e+01 1.423324095876480833e+01 1.440577016364957963e+01 1.423324095876480833e+01 -1.014219542333935209e+01
