-1.155735718939449930e+00 0.000000000000000000e+00 0.000000000000000000e+00 0.000000000000000000e+00 -3.546247740541291216e-01 -1.194071577436964349e+00 0.000000000000000000e+00 -1.194071577436964349e+00 -4.261066837902962035e-01
-1.257687403000292470e+00 -4.589453248428839588e-02 -2.567779201248602400e-02 -4.589453248428839588e-02 -3.871017560642875388e-01 -1.206964722299571857e+00 -2.567779201248602400e-02 -1.206964722299571857e+00 -6.213844837500401841e-01
-1.345443969645781612e+00 -9.023393108613045333e-02 -4.811873559522909100e-02 -9.023393108613045333e-02 -4.062877682651661049e-01 -1.219930198970665014e+00 -4.811873559522909100e-02 -1.219930198970665014e+00 -7.971326954185977698e-01
-1.418209768982573005e+00 -1.327288685715826977e-01 -6.755790912580829366e-02 -1.327288685715826977e-01 -4.117669027579712315e-01 -1.233076505162973069e+00 -6.755790912580829366e-02 -1.233076505162973069e+00 -9.535863971735478728e-01
-1.476454957765824805e+00 -1.731261836109445063e-01 -8.421230802968127094e-02 -1.731261836109445063e-01 -4.044613901008977663e-01 -1.246475972684981670e+00 -8.421230802968127094e-02 -1.246475972684981670e+00 -1.091251911674291364e+00
-1.521192181314339198e+00 -2.112088807787582678e-01 -9.835317658867005763e-02 -2.112088807787582678e-01 -3.859625300806349690e-01 -1.260291348105783804e+00 -9.835317658867005763e-02 -1.260291348105783804e+00 -1.211648206899032409e+00
-1.553813826941469189e+00 -2.467599646495663712e-01 -1.103602567973254872e-01 -2.467599646495663712e-01 -3.580062861008438402e-01 -1.274685377994473345e+00 -1.103602567973254872e-01 -1.274685377994473345e+00 -1.316782490533253247e+00
-1.576073941002997580e+00 -2.796166886542755803e-01 -1.206856224586842913e-01 -2.796166886542755803e-01 -3.228168612724651165e-01 -1.289838891872264304e+00 -1.206856224586842913e-01 -1.289838891872264304e+00 -1.409222541778202720e+00
-1.589708486902585260e+00 -3.096524721280356496e-01 -1.298175132800261644e-01 -3.096524721280356496e-01 -2.825822928021964886e-01 -1.306005051068857670e+00 -1.298175132800261644e-01 -1.306005051068857670e+00 -1.491753135260587504e+00
-1.596724672325715355e+00 -3.367226514538747550e-01 -1.382080030643877966e-01 -3.367226514538747550e-01 -2.396714474179504895e-01 -1.323382768057589587e+00 -1.382080030643877966e-01 -1.323382768057589587e+00 -1.567430289888935402e+00
6.214581887156850115e+01 1.302517943653318788e+01 5.420108481760399499e+00 1.302517943653318788e+01 5.446937212753447000e+01 1.977569688321244357e+01 5.420108481760399499e+00 1.977569688321244357e+01 7.932870126413307332e+01
6.197698216524370451e+01 1.310904978280898092e+01 5.461318599632944526e+00 1.310904978280898092e+01 5.421954843424492054e+01 1.973898885268522108e+01 5.461318599632944526e+00 1.973898885268522108e+01 7.883557937494215651e+01
6.165485528642328461e+01 1.316572212575890966e+01 5.480861368296725544e+00 1.316572212575890966e+01 5.383467898234605542e+01 1.964049936884989478e+01 5.480861368296725544e+00 1.964049936884989478e+01 7.798237480687718914e+01
6.118130988939687853e+01 1.319485923037583142e+01 5.478450137995672264e+00 1.319485923037583142e+01 5.331784947215317771e+01 1.948063311371503659e+01 5.478450137995672264e+00 1.948063311371503659e+01 7.677488800206096187e+01
6.055949912148121683e+01 1.319641051140867738e+01 5.453966876477285730e+00 1.319641051140867738e+01 5.267319103250377310e+01 1.926057040980563073e+01 5.453966876477285730e+00 1.926057040980563073e+01 7.522168472967487673e+01
5.979291336500024556e+01 1.317098299187029831e+01 5.407799403999778320e+00 1.317098299187029831e+01 5.190481793048494552e+01 1.898218291141131076e+01 5.407799403999778320e+00 1.898218291141131076e+01 7.333274714593024157e+01
5.889047248589278638e+01 1.311982444128711478e+01 5.340706499329214374e+00 1.311982444128711478e+01 5.102151513803270433e+01 1.864774695483027145e+01 5.340706499329214374e+00 1.864774695483027145e+01 7.112792153099728409e+01
5.786042188008343601e+01 1.304482337569911010e+01 5.254020240743799697e+00 1.304482337569911010e+01 5.003115709256377386e+01 1.826097212514105195e+01 5.254020240743799697e+00 1.826097212514105195e+01 6.862794783781514241e+01
5.671466594332425615e+01 1.294837416365698424e+01 5.149544835531733256e+00 1.294837416365698424e+01 4.894465334655914290e+01 1.782634364793863213e+01 5.149544835531733256e+00 1.782634364793863213e+01 6.586061423097216050e+01
5.546752030166834402e+01 1.283357936722642378e+01 5.029556619991212507e+00 1.283357936722642378e+01 4.777471765978799567e+01 1.734939217734009631e+01 5.029556619991212507e+00 1.734939217734009631e+01 6.285964421118237766e+01
-2.165409910912459779e+01 8.061360421614622851e+00 -1.706292274631966777e+01 8.061360421614622851e+00 6.231897455668403474e+00 -1.880569079274617295e+01 -1.706292274631966777e+01 -1.880569079274617295e+01 -2.688299088607083931e+01
-2.164418272349853467e+01 7.924385754235347079e+00 -1.692267934441920829e+01 7.924385754235347079e+00 6.257533148879486085e+00 -1.845740529314631928e+01 -1.692267934441920829e+01 -1.845740529314631928e+01 -2.686207465787067861e+01
-2.158321531557532680e+01 7.782893622293088676e+00 -1.676295208113124602e+01 7.782893622293088676e+00 6.314405456812669293e+00 -1.808072954877258454e+01 -1.676295208113124602e+01 -1.808072954877258454e+01 -2.673635692454469392e+01
-2.146952579074021727e+01 7.637453299777488880e+00 -1.658414495735165417e+01 7.637453299777488880e+00 6.403193835520109012e+00 -1.767599410581250652e+01 -1.658414495735165417e+01 -1.767599410581250652e+01 -2.650436859192606320e+01
-2.130405069652455197e+01 7.488927879511559915e+00 -1.638662524662213116e+01 7.488927879511559915e+00 6.522925010116283673e+00 -1.724428242121412325e+01 -1.638662524662213116e+01 -1.724428242121412325e+01 -2.616781748198371460e+01
-2.108780003516802637e+01 7.338253909026648536e+00 -1.617079694983856442e+01 7.338253909026648536e+00 6.672497159976075842e+00 -1.678689831605048255e+01 -1.617079694983856442e+01 -1.678689831605048255e+01 -2.572863178081161095e+01
-2.082226126451454462e+01 7.186386299531193345e+00 -1.593684370377180670e+01 7.186386299531193345e+00 6.850367736224320048e+00 -1.630518233874881417e+01 -1.593684370377180670e+01 -1.630518233874881417e+01 -2.518989658616007787e+01
-2.050923402491847014e+01 7.034261598556543760e+00 -1.568483896313019699e+01 7.034261598556543760e+00 7.054847280569168433e+00 -1.580064031083011677e+01 -1.568483896313019699e+01 -1.580064031083011677e+01 -2.455528463344618118e+01
-2.015084850292169705e+01 6.882816353634050976e+00 -1.541483781894498684e+01 6.882816353634050976e+00 7.283915788531237112e+00 -1.527477805381538190e+01 -1.541483781894498684e+01 -1.527477805381538190e+01 -2.382920320517038704e+01
-1.974963888596199979e+01 6.732987112295063525e+00 -1.512665663444532882e+01 6.732987112295063525e+00 7.535516528276972714e+00 -1.472922993496520050e+01 -1.512665663444532882e+01 -1.472922993496520050e+01 -2.301664722149990183e+01
-4.241834263353109691e+01 8.799542137053812940e-01 -3.602430839645724525e+00 8.799542137053812940e-01 -4.579262438717975670e+01 1.444052108362317455e+01 -3.602430839645724525e+00 1.444052108362317455e+01 -4.898757615609607541e+01
-4.230470037301130048e+01 9.005884973568208940e-01 -3.657859059696379145e+00 9.005884973568208940e-01 -4.577481434905602953e+01 1.436455464269413262e+01 -3.657859059696379145e+00 1.436455464269413262e+01 -4.879137754841590890e+01
-4.212383338391013154e+01 9.217223074281275519e-01 -3.710155633345558090e+00 9.217223074281275519e-01 -4.569531279807869595e+01 1.427091265152363242e+01 -3.710155633345558090e+00 1.427091265152363242e+01 -4.841375478755088579e+01
-4.187643331819356973e+01 9.433748564739118381e-01 -3.759224497820210065e+00 9.433748564739118381e-01 -4.555425422213002662e+01 1.415953747244784644e+01 -3.759224497820210065e+00 1.415953747244784644e+01 -4.785924203638901275e+01
-4.156342237848290466e+01 9.653924440572914101e-01 -3.804835102465012220e+00 9.653924440572914101e-01 -4.535225342295755979e+01 1.403042910546677291e+01 -3.804835102465012220e+00 1.403042910546677291e+01 -4.713052905257575276e+01
-4.118624150637391068e+01 9.876790074052148594e-01 -3.846641621296978730e+00 9.876790074052148594e-01 -4.509021339062796585e+01 1.388358755058041183e+01 -3.846641621296978730e+00 1.388358755058041183e+01 -4.623103567083171583e+01
-4.074706172053754472e+01 1.010023208416969132e+00 -3.884355865996956592e+00 1.010023208416969132e+00 -4.476949821651857775e+01 1.371905123289798389e+01 -3.884355865996956592e+00 1.371905123289798389e+01 -4.516581479301940760e+01
-4.024868805394691407e+01 1.032213708991841061e+00 -3.917651223136569438e+00 1.032213708991841061e+00 -4.439224049419114237e+01 1.353682015241948911e+01 -3.917651223136569438e+00 1.353682015241948911e+01 -4.394111049938718594e+01
-3.969421372789427238e+01 1.054077596138338624e+00 -3.946277929505884963e+00 1.054077596138338624e+00 -4.396043832932512885e+01 1.333699037191797920e+01 -3.946277929505884963e+00 1.333699037191797920e+01 -4.256405064769545277e+01
-3.908761574118393867e+01 1.075172981100424696e+00 -3.969967009340358288e+00 1.075172981100424696e+00 -4.347668541679291820e+01 1.312002299270409900e+01 -3.969967009340358288e+00 1.312002299270409900e+01 -4.104485631699687076e+01
4.144837425017230714e+01 -9.649472621552741103e+00 4.720865972101207397e+00 -9.649472621552741103e+00 5.302340380342906911e+01 7.471128158463629987e+00 4.720865972101207397e+00 7.471128158463629987e+00 6.639086165996312161e+01
4.135897960380430050e+01 -9.429899046132723228e+00 4.695102990857253467e+00 -9.429899046132723228e+00 5.309755549464677671e+01 7.337095864910534004e+00 4.695102990857253467e+00 7.337095864910534004e+00 6.635872187197844596e+01
4.116213405882650278e+01 -9.201322920019913809e+00 4.659126888656892618e+00 -9.201322920019913809e+00 5.305719746909784362e+01 7.172969817621117627e+00 4.659126888656892618e+00 7.172969817621117627e+00 6.604532057598562744e+01
4.085904818550252315e+01 -8.966352936880973346e+00 4.613142268924963041e+00 -8.966352936880973346e+00 5.290232972678226275e+01 6.979329726299083880e+00 4.613142268924963041e+00 6.979329726299083880e+00 6.545104992854896864e+01
4.045188737007853774e+01 -8.728603757221339521e+00 4.557097980805255411e+00 -8.728603757221339521e+00 5.263300341855624964e+01 6.757028105214582858e+00 4.557097980805255411e+00 6.757028105214582858e+00 6.457899603132639754e+01
3.994116312111664513e+01 -8.490684074707678164e+00 4.491028124868574167e+00 -8.490684074707678164e+00 5.224925264499061228e+01 6.508042787474364488e+00 4.491028124868574167e+00 6.508042787474364488e+00 6.343180167855538087e+01
3.933127441225082777e+01 -8.256771209263725098e+00 4.414762198260890891e+00 -8.256771209263725098e+00 5.175266308262781223e+01 6.233516142200430821e+00 4.414762198260890891e+00 6.233516142200430821e+00 6.201691784495704951e+01
3.862375576916733877e+01 -8.030104715116053171e+00 4.328197899269786930e+00 -8.030104715116053171e+00 5.114364393831754541e+01 5.935903410490815268e+00 4.328197899269786930e+00 5.935903410490815268e+00 6.033923796244204851e+01
3.782508630031934160e+01 -7.813600191068575285e+00 4.231164725041232977e+00 -7.813600191068575285e+00 5.042737849882231416e+01 5.617250626593880192e+00 4.231164725041232977e+00 5.617250626593880192e+00 5.841313542160512640e+01
3.693966497934081161e+01 -7.610548342204078054e+00 4.123696776146033471e+00 -7.610548342204078054e+00 4.960707221779789222e+01 5.280388137886526501e+00 4.123696776146033471e+00 5.280388137886526501e+00 5.624994866223929790e+01
1.677067252405221964e+01 5.885418160254760167e+00 9.456647948653987612e+00 5.885418160254760167e+00 -3.706370928361938155e+01 1.034189748663894548e+01 9.456647948653987612e+00 1.034189748663894548e+01 -3.357427296979479792e+01
1.692720480910406877e+01 5.966306717183394781e+00 9.540971499096031039e+00 5.966306717183394781e+00 -3.699909077661178003e+01 1.035753963451989357e+01 9.540971499096031039e+00 1.035753963451989357e+01 -3.327409885921990451e+01
1.711457816494834816e+01 6.038921741348553418e+00 9.609302015222958460e+00 6.038921741348553418e+00 -3.687303020821112653e+01 1.035781665012581243e+01 9.609302015222958460e+00 1.035781665012581243e+01 -3.285299820280740590e+01
1.733164759374724539e+01 6.102727669245455289e+00 9.661103933529997079e+00 6.102727669245455289e+00 -3.668549064300330542e+01 1.034200829288131374e+01 9.661103933529997079e+00 1.034200829288131374e+01 -3.231344567330352646e+01
1.757684334040055063e+01 6.157244340490508172e+00 9.695878625926486194e+00 6.157244340490508172e+00 -3.643750627258373243e+01 1.030943125762512480e+01 9.695878625926486194e+00 1.030943125762512480e+01 -3.165878392568636102e+01
1.784839250503038244e+01 6.202010062407177671e+00 9.713108996614707280e+00 6.202010062407177671e+00 -3.613001895001255548e+01 1.025943917461009747e+01 9.713108996614707280e+00 1.025943917461009747e+01 -3.089257722741875156e+01
1.814439291380941199e+01 6.236563142318929387e+00 9.712351820625194421e+00 6.236563142318929387e+00 -3.576445068873348276e+01 1.019136720638202753e+01 9.712351820625194421e+00 1.019136720638202753e+01 -3.001912855424599158e+01
1.846279465125384078e+01 6.260534226084539355e+00 9.693108469867285137e+00 6.260534226084539355e+00 -3.534237124384673479e+01 1.010467978943613332e+01 9.693108469867285137e+00 1.010467978943613332e+01 -2.904290709127690917e+01
1.880152933417279471e+01 6.273572427269839658e+00 9.655083461028002745e+00 6.273572427269839658e+00 -3.486544270898783537e+01 9.998859827974701631e+00 9.655083461028002745e+00 9.998859827974701631e+00 -2.796867750693334287e+01
1.915845470854716126e+01 6.275400730268911431e+00 9.597870504551996973e+00 6.275400730268911431e+00 -3.433565959651939892e+01 9.873464097028254116e+00 9.597870504551996973e+00 9.873464097028254116e+00 -2.680161075919245306e+01
-1.096461337030372007e+01 2.953223956421776819e+00 7.928960292475120575e+00 2.953223956421776819e+00 1.965629218954428481e+01 -1.606927544801666841e+01 7.928960292475120575e+00 -1.606927544801666841e+01 -2.257356552453912357e+01
-1.093589273776254167e+01 2.975077005535126773e+00 7.967266549378621221e+00 2.975077005535126773e+00 1.943587719002953307e+01 -1.605216991040223817e+01 7.967266549378621221e+00 -1.605216991040223817e+01 -2.285254524605581850e+01
-1.085906278068078201e+01 2.996368326188680875e+00 7.996947556383320332e+00 2.996368326188680875e+00 1.924336741077561186e+01 -1.600878997708768026e+01 7.996947556383320332e+00 -1.600878997708768026e+01 -2.303642977541094083e+01
-1.073247455422484187e+01 3.016971076472162672e+00 8.017767749941562272e+00 3.016971076472162672e+00 1.908104600616749380e+01 -1.593971549680568245e+01 8.017767749941562272e+00 -1.593971549680568245e+01 -2.312222926757653951e+01
-1.055716091394983280e+01 3.036776534748191647e+00 8.029382844868308666e+00 3.036776534748191647e+00 1.894900357756966613e+01 -1.584543571692445418e+01 8.029382844868308666e+00 -1.584543571692445418e+01 -2.310999808337130546e+01
-1.033458960196038312e+01 3.055585378014905817e+00 8.031394195159835547e+00 3.055585378014905817e+00 1.884702268170736872e+01 -1.572651236590379398e+01 8.031394195159835547e+00 -1.572651236590379398e+01 -2.300084155944193398e+01
-1.006626460090691211e+01 3.073288884634925111e+00 8.023330673720829864e+00 3.073288884634925111e+00 1.877477715366845601e+01 -1.558348905193060041e+01 8.023330673720829864e+00 -1.558348905193060041e+01 -2.279639052034912794e+01
-9.753871096168808208e+00 3.089705851879282150e+00 8.004666792637287642e+00 3.089705851879282150e+00 1.873170526499313837e+01 -1.541692750346467022e+01 8.004666792637287642e+00 -1.541692750346467022e+01 -2.249862007583861612e+01
-9.399438558310494685e+00 3.104745678383495466e+00 7.974732101812036511e+00 3.104745678383495466e+00 1.871697348312816800e+01 -1.522728072732841476e+01 7.974732101812036511e+00 -1.522728072732841476e+01 -2.211008518438882220e+01
-9.004978337623501972e+00 3.118245281691493176e+00 7.932928632239484301e+00 3.118245281691493176e+00 1.872973015524740603e+01 -1.501500173034425956e+01 7.932928632239484301e+00 -1.501500173034425956e+01 -2.163354012748003896e+01
-1.999873617233470924e+01 2.654771265292519722e+00 -1.466994989100524904e+01 2.654771265292519722e+00 4.389381575449454731e-01 -2.274202131796699433e+01 -1.466994989100524904e+01 -2.274202131796699433e+01 -3.255039886453825204e+01
-1.993788979186791366e+01 2.634532148130282359e+00 -1.450835030980185181e+01 2.634532148130282359e+00 4.347170666249524640e-01 -2.246647071463522849e+01 -1.450835030980185181e+01 -2.246647071463522849e+01 -3.249891630148349009e+01
-1.982027066016278027e+01 2.611528124251893068e+00 -1.432953457611254144e+01 2.611528124251893068e+00 4.706608539349362852e-01 -2.215704078767486962e+01 -1.432953457611254144e+01 -2.215704078767486962e+01 -3.232369494652517972e+01
-1.964508617062735496e+01 2.585888222637437561e+00 -1.413302343943985662e+01 2.585888222637437561e+00 5.478386167384756700e-01 -2.181398959504609891e+01 -1.413302343943985662e+01 -2.181398959504609891e+01 -3.202414495289720264e+01
-1.941329482425656039e+01 2.557704606844122264e+00 -1.391874316893803076e+01 2.557704606844122264e+00 6.657158064037814738e-01 -2.143823877232095754e+01 -1.391874316893803076e+01 -2.143823877232095754e+01 -3.160168563938052699e+01
-1.912638967067712414e+01 2.527124738563474526e+00 -1.368662003376129910e+01 2.527124738563474526e+00 8.233892200702436215e-01 -2.103100487845456357e+01 -1.368662003376129910e+01 -2.103100487845456357e+01 -3.105847363321374743e+01
-1.878641674085900348e+01 2.494314512198463785e+00 -1.343650657221813383e+01 2.494314512198463785e+00 1.019421106245463005e+00 -2.059367036680498586e+01 -1.343650657221813383e+01 -2.059367036680498586e+01 -3.039823234210794922e+01
-1.839584601813528764e+01 2.459495120286382175e+00 -1.316832905346277371e+01 2.459495120286382175e+00 1.252152520899747490e+00 -2.012787574869047802e+01 -1.316832905346277371e+01 -2.012787574869047802e+01 -2.962540404952041584e+01
-1.795755300549077305e+01 2.422832457230198244e+00 -1.288201374664945043e+01 2.422832457230198244e+00 1.519611163908908713e+00 -1.963529840085217160e+01 -1.288201374664945043e+01 -1.963529840085217160e+01 -2.874537110719192867e+01
-1.747491088911917956e+01 2.384658311835851752e+00 -1.257756065177816929e+01 2.384658311835851752e+00 1.819474513631378576e+00 -1.911780002714560922e+01 -1.257756065177816929e+01 -1.911780002714560922e+01 -2.776430847345521968e+01
-2.273255560826214605e+01 1.800118704236257194e+00 5.646078826328646549e+00 1.800118704236257194e+00 -1.416386460222848953e+01 2.675545008125740587e+00 5.646078826328646549e+00 2.675545008125740587e+00 2.950532703902861265e+00
-2.290328335187301789e+01 1.852626233581951887e+00 5.657073914023973416e+00 1.852626233581951887e+00 -1.432030057355866504e+01 2.666759988308870621e+00 5.657073914023973416e+00 2.666759988308870621e+00 2.491704195102686814e+00
-2.306229773572806252e+01 1.904894338907480833e+00 5.661457215316248792e+00 1.904894338907480833e+00 -1.447231640913192763e+01 2.651381599321267934e+00 5.661457215316248792e+00 2.651381599321267934e+00 2.040076824139820388e+00
-2.320849372588804727e+01 1.956554675566433366e+00 5.659062975114586003e+00 1.956554675566433366e+00 -1.461889916117064381e+01 2.629483510092214704e+00 5.659062975114586003e+00 2.629483510092214704e+00 1.594913901721443761e+00
-2.334227650146403121e+01 2.007128395518477770e+00 5.649504431540255389e+00 2.007128395518477770e+00 -1.476006724690714123e+01 2.600955217227787664e+00 5.649504431540255389e+00 2.600955217227787664e+00 1.157173123928221248e+00
-2.346430908281954686e+01 2.056099816258640356e+00 5.632394822714527294e+00 2.056099816258640356e+00 -1.489641001777567197e+01 2.565741469031025179e+00 5.632394822714527294e+00 2.565741469031025179e+00 7.267071529015892706e-01
-2.357571492112614564e+01 2.102971672514267532e+00 5.607328969526351514e+00 2.102971672514267532e+00 -1.502882991815993918e+01 2.523639675946403038e+00 5.607328969526351514e+00 2.523639675946403038e+00 3.031660612274585942e-01
-2.367785689157554074e+01 2.147320367941988550e+00 5.573772772238433149e+00 2.147320367941988550e+00 -1.515848723369613538e+01 2.474318327792151440e+00 5.573772772238433149e+00 2.474318327792151440e+00 -1.147577745889249989e-01
-2.377226362445033203e+01 2.188740723430753654e+00 5.531210548345798728e+00 2.188740723430753654e+00 -1.528674483957597374e+01 2.417501166083463549e+00 5.531210548345798728e+00 2.417501166083463549e+00 -5.282614746483927926e-01
-2.386059267065936140e+01 2.226809142637190320e+00 5.479071363646512260e+00 2.226809142637190320e+00 -1.541500244545581211e+01 2.352690925547686440e+00 5.479071363646512260e+00 2.352690925547686440e+00 -9.393156828092366073e-01
-2.722864924905784889e+01 1.072086588009485020e+01 -7.015385118695329325e+00 1.072086588009485020e+01 5.618933240593729117e+00 2.016900447686778008e+01 -7.015385118695329325e+00 2.016900447686778008e+01 -1.975927602555514540e+01
-2.732909381819476735e+01 1.071832624093381980e+01 -7.086826272486006495e+00 1.071832624093381980e+01 5.550841465986437129e+00 2.012829663756201626e+01 -7.086826272486006495e+00 2.012829663756201626e+01 -2.000932006382251771e+01
-2.737823031500597537e+01 1.071041287253351371e+01 -7.150317251511724592e+00 1.071041287253351371e+01 5.499827844577946934e+00 2.004999109676363034e+01 -7.150317251511724592e+00 2.004999109676363034e+01 -2.018219955859573389e+01
-2.737578269175658008e+01 1.069727300035254025e+01 -7.205471588943630934e+00 1.069727300035254025e+01 5.466113214556174604e+00 1.993342533990887944e+01 -7.205471588943630934e+00 1.993342533990887944e+01 -2.027796971942177606e+01
-2.732219262482241007e+01 1.067885141484391731e+01 -7.251810802041241288e+00 1.067885141484391731e+01 5.448777416804804652e+00 1.977802886834564333e+01 -7.251810802041241288e+00 1.977802886834564333e+01 -2.029699860994716687e+01
-2.721871153060165227e+01 1.065518492237230319e+01 -7.288782795334769027e+00 1.065518492237230319e+01 5.446329793555407583e+00 1.958315757069250296e+01 -7.288782795334769027e+00 1.958315757069250296e+01 -2.024096091976359801e+01
-2.706668284140412695e+01 1.062629192612001994e+01 -7.315817070172095704e+00 1.062629192612001994e+01 5.457316493404205104e+00 1.934827775466199995e+01 -7.315817070172095704e+00 1.934827775466199995e+01 -2.011177057983300287e+01
-2.686796527864479245e+01 1.059219082926939492e+01 -7.332379934265762067e+00 1.059219082926939492e+01 5.479952407665548364e+00 1.907276371205503551e+01 -7.332379934265762067e+00 1.907276371205503551e+01 -1.991196722931642071e+01
-2.662449117646790953e+01 1.055290003500275375e+01 -7.337882485781324071e+00 1.055290003500275375e+01 5.512452427653785847e+00 1.875606334740182390e+01 -7.337882485781324071e+00 1.875606334740182390e+01 -1.964429294238045642e+01
-2.633835849765867110e+01 1.050851155923173152e+01 -7.331717419702015626e+00 1.050851155923173152e+01 5.553068251047919013e+00 1.839758775886791753e+01 -7.331717419702015626e+00 1.839758775886791753e+01 -1.931130576136847310e+01
3.409518296977489626e+01 -7.290278765775788372e+00 2.187283718528350906e+00 -7.290278765775788372e+00 2.550928575483145266e+01 -1.736097403638390091e+01 2.187283718528350906e+00 -1.736097403638390091e+01 4.357518131767781711e+01
3.425497562185514511e+01 -7.225397798919597214e+00 2.212825488264174467e+00 -7.225397798919597214e+00 2.537872346593661632e+01 -1.730729804208211675e+01 2.212825488264174467e+00 -1.730729804208211675e+01 4.360691714056483903e+01
3.434296249484837915e+01 -7.148563701403658932e+00 2.227266679599824162e+00 -7.148563701403658932e+00 2.519575531161650517e+01 -1.721788444898102810e+01 2.227266679599824162e+00 -1.721788444898102810e+01 4.347083936052132458e+01
3.435768207059531676e+01 -7.060559429384723806e+00 2.230903075972295202e+00 -7.060559429384723806e+00 2.496168621879904137e+01 -1.709327262687750704e+01 2.230903075972295202e+00 -1.709327262687750704e+01 4.316508628179678198e+01
3.429730745139687542e+01 -6.962411525379422983e+00 2.224134854972815933e+00 -6.962411525379422983e+00 2.467749053292373773e+01 -1.693443692121106636e+01 2.224134854972815933e+00 -1.693443692121106636e+01 4.268960570731408666e+01
3.416048151324802262e+01 -6.855250926058619854e+00 2.207570982501082746e+00 -6.855250926058619854e+00 2.434429919066145587e+01 -1.674242127352404097e+01 2.207570982501082746e+00 -1.674242127352404097e+01 4.204519799225570154e+01
3.394586453116941982e+01 -6.740399957375940332e+00 2.181907419585319641e+00 -6.740399957375940332e+00 2.396275595596330987e+01 -1.651863500489858794e+01 2.181907419585319641e+00 -1.651863500489858794e+01 4.123255909764985461e+01
3.365269094803002048e+01 -6.619180945285010331e+00 2.148066314587923742e+00 -6.619180945285010331e+00 2.353376557816598336e+01 -1.626452223446827006e+01 2.148066314587923742e+00 -1.626452223446827006e+01 4.025339412801568528e+01
3.328043879305866426e+01 -6.493003210867984265e+00 2.106882820742763673e+00 -6.493003210867984265e+00 2.305781522998923805e+01 -1.598168367259800249e+01 2.106882820742763673e+00 -1.598168367259800249e+01 3.910949518300088101e+01
3.282912546528105224e+01 -6.363345671309838636e+00 2.059418278617881182e+00 -6.363345671309838636e+00 2.253570526661553330e+01 -1.567184182283264171e+01 2.059418278617881182e+00 -1.567184182283264171e+01 3.780354171256409757e+01
-6.475679759792460466e+00 -5.810866806565366360e+00 -3.388683458541525084e+00 -5.810866806565366360e+00 3.435748254191604456e+00 -8.915144428535693777e+00 -3.388683458541525084e+00 -8.915144428535693777e+00 -1.589621650362545857e+01
-6.617455642287411344e+00 -5.806578276923120008e+00 -3.522445605560922122e+00 -5.806578276923120008e+00 3.474017929727924336e+00 -8.969986727096289414e+00 -3.522445605560922122e+00 -8.969986727096289414e+00 -1.603799238612041123e+01
-6.724977802851705988e+00 -5.798619056654882087e+00 -3.653009527084405850e+00 -5.798619056654882087e+00 3.536437842105540241e+00 -9.012508588803310516e+00 -3.653009527084405850e+00 -9.012508588803310516e+00 -1.610929827729065167e+01
-6.796828846095110066e+00 -5.787134519646831343e+00 -3.780611455677016952e+00 -5.787134519646831343e+00 3.623662173812251641e+00 -9.042728185392531870e+00 -3.780611455677016952e+00 -9.042728185392531870e+00 -1.610878946868902872e+01
-6.833263176318434162e+00 -5.772197352842058038e+00 -3.905106017452575351e+00 -5.772197352842058038e+00 3.734473418551320201e+00 -9.060554658185091981e+00 -3.905106017452575351e+00 -9.060554658185091981e+00 -1.603762895140496880e+01
-6.834607884765579122e+00 -5.753862071447875870e+00 -4.026329666789132844e+00 -5.753862071447875870e+00 3.867708585233323060e+00 -9.065897148502129355e+00 -4.026329666789132844e+00 -9.065897148502129355e+00 -1.589725229256447925e+01
-6.801480810452801506e+00 -5.732201362407375100e+00 -4.144100686328965999e+00 -5.732201362407375100e+00 4.022022965411113482e+00 -9.058664797664778945e+00 -4.144100686328965999e+00 -9.058664797664778945e+00 -1.568953118095209653e+01
-6.734754196697166684e+00 -5.707215225720557505e+00 -4.258182843507036353e+00 -5.707215225720557505e+00 4.195890133279825740e+00 -9.038748575258413354e+00 -4.258182843507036353e+00 -9.038748575258413354e+00 -1.541673708353935623e+01
-6.635354802023059939e+00 -5.678994520066281027e+00 -4.368376249229847907e+00 -5.678994520066281027e+00 4.387710976091502957e+00 -9.006039450868398077e+00 -4.368376249229847907e+00 -9.006039450868398077e+00 -1.508125049771241599e+01
-6.504282071897953266e+00 -5.647557417180321337e+00 -4.474426499196591855e+00 -5.647557417180321337e+00 4.595940896305505063e+00 -8.960337535401235343e+00 -4.474426499196591855e+00 -8.960337535401235343e+00 -1.468548826432898480e+01
1.817758425450550774e+01 -6.002551432550376376e+00 -1.547245568049733322e+01 -6.002551432550376376e+00 2.264213189250909153e+01 -7.891021328390031897e+00 -1.547245568049733322e+01 -7.891021328390031897e+00 -9.613025600003288318e+00
1.830187384971232234e+01 -6.085251270413118085e+00 -1.532057578492513628e+01 -6.085251270413118085e+00 2.271944869044220638e+01 -7.899691042864150248e+00 -1.532057578492513628e+01 -7.899691042864150248e+00 -9.349629725426922278e+00
1.844794432595452349e+01 -6.163101042596689894e+00 -1.514019953276178398e+01 -6.163101042596689894e+00 2.282010976054538176e+01 -7.899868700947635602e+00 -1.514019953276178398e+01 -7.899868700947635602e+00 -9.033913545263922984e+00
1.861469420311449952e+01 -6.235887559400910440e+00 -1.493155787951580571e+01 -6.235887559400910440e+00 2.294324457820954066e+01 -7.891714194915627090e+00 -1.493155787951580571e+01 -7.891714194915627090e+00 -8.670194150943002498e+00
1.880087987460784404e+01 -6.303362099508898808e+00 -1.469505943877922149e+01 -6.303362099508898808e+00 2.308801815044229500e+01 -7.875298588001518496e+00 -1.469505943877922149e+01 -7.875298588001518496e+00 -8.261367369224981161e+00
1.900460039894126041e+01 -6.365169346753684287e+00 -1.443120165318579140e+01 -6.365169346753684287e+00 2.325300921257575837e+01 -7.850692943438706273e+00 -1.443120165318579140e+01 -7.850692943438706273e+00 -7.811217317288113193e+00
1.922411472689658041e+01 -6.421096111435082854e+00 -1.414042866794422793e+01 -6.421096111435082854e+00 2.343674320251699683e+01 -7.817915027035536646e+00 -1.414042866794422793e+01 -7.817915027035536646e+00 -7.323616941352392828e+00
1.945730872728032423e+01 -6.470875906427863811e+00 -1.382311356502985511e+01 -6.470875906427863811e+00 2.363747907104784574e+01 -7.776929307175311834e+00 -1.382311356502985511e+01 -7.776929307175311834e+00 -6.802812269613136564e+00
1.970208603470736008e+01 -6.514331073648544468e+00 -1.347952283156790010e+01 -6.514331073648544468e+00 2.385344023733344798e+01 -7.727593657391246040e+00 -1.347952283156790010e+01 -7.727593657391246040e+00 -6.253138159307403576e+00
1.995802026977731458e+01 -6.551159594355195459e+00 -1.310924785396634462e+01 -6.551159594355195459e+00 2.408441351167361688e+01 -7.669641590558106792e+00 -1.310924785396634462e+01 -7.669641590558106792e+00 -5.676388957078399855e+00
-1.229021170813929231e+01 -5.810053053243737331e+00 1.578933711899359515e+01 -5.810053053243737331e+00 1.208090705168365986e+01 -1.856807947490909427e+01 1.578933711899359515e+01 -1.856807947490909427e+01 -1.709135417455265937e+01
-1.238329858677651885e+01 -5.779817533811305807e+00 1.566999403508000732e+01 -5.779817533811305807e+00 1.203284638527814288e+01 -1.850275694344299282e+01 1.566999403508000732e+01 -1.850275694344299282e+01 -1.729551661225866610e+01
-1.243524771541673601e+01 -5.745784404065546802e+00 1.552573935432635999e+01 -5.745784404065546802e+00 1.200684456538162337e+01 -1.840450967567186780e+01 1.552573935432635999e+01 -1.840450967567186780e+01 -1.742888723283201102e+01
-1.244469631523937103e+01 -5.708208049386299443e+00 1.535671843980684592e+01 -5.708208049386299443e+00 1.200390096312918686e+01 -1.827361022735982843e+01 1.535671843980684592e+01 -1.827361022735982843e+01 -1.748972167938235955e+01
-1.241193511239281300e+01 -5.667379195921952828e+00 1.516329469920694706e+01 -5.667379195921952828e+00 1.202334327430268424e+01 -1.811047651734518382e+01 1.516329469920694706e+01 -1.811047651734518382e+01 -1.747840152997947172e+01
-1.233758189994238563e+01 -5.623588569820896055e+00 1.494572251790650697e+01 -5.623588569820896055e+00 1.206419029815130628e+01 -1.791568999792471573e+01 1.494572251790650697e+01 -1.791568999792471573e+01 -1.739599883729552943e+01
-1.222270873056027796e+01 -5.577145067615790985e+00 1.470420177013254381e+01 -5.577145067615790985e+00 1.212520644854439844e+01 -1.768994114370084247e+01 1.470420177013254381e+01 -1.768994114370084247e+01 -1.724413076553095081e+01
-1.206842399768721741e+01 -5.528266733917931219e+00 1.443885964857497761e+01 -5.528266733917931219e+00 1.220513796896703340e+01 -1.743399311081308767e+01 1.443885964857497761e+01 -1.743399311081308767e+01 -1.702461435311316151e+01
-1.187625401360224764e+01 -5.477189783722879568e+00 1.414967798284953204e+01 -5.477189783722879568e+00 1.230244037675589475e+01 -1.714862722578524412e+01 1.414967798284953204e+01 -1.714862722578524412e+01 -1.673993894268774341e+01
-1.164774326096867973e+01 -5.424132261641931407e+00 1.383658409141911072e+01 -5.424132261641931407e+00 1.241564187078476955e+01 -1.683471566706247913e+01 1.383658409141911072e+01 -1.683471566706247913e+01 -1.639235766190470756e+01
-2.285452035774881541e+00 -1.409548587993523894e+00 2.281617985040299601e+01 -1.409548587993523894e+00 4.657715679582173607e+01 1.100565491099758830e+01 2.281617985040299601e+01 1.100565491099758830e+01 5.341920098457630672e+01
-2.325721845869114457e+00 -1.276847637134217672e+00 2.285290675908650115e+01 -1.276847637134217672e+00 4.636788006496616532e+01 1.091425857807030297e+01 2.285290675908650115e+01 1.091425857807030297e+01 5.309071088298445318e+01
-2.407945221183471762e+00 -1.141778905629126761e+00 2.284866229303998253e+01 -1.141778905629126761e+00 4.602351706348961358e+01 1.077801472580026854e+01 2.284866229303998253e+01 1.077801472580026854e+01 5.251960219122121032e+01
-2.532437865804058053e+00 -1.006376930922036728e+00 2.280321844375681550e+01 -1.006376930922036728e+00 4.554829471832270116e+01 1.059960683891937094e+01 2.280321844375681550e+01 1.059960683891937094e+01 5.171094371378013221e+01
-2.700111813757397616e+00 -8.729042589633637661e-01 2.271625950715088749e+01 -8.729042589633637661e-01 4.494765015539277186e+01 1.038227965386813345e+01 2.271625950715088749e+01 1.038227965386813345e+01 5.067204926198932213e+01
-2.912089568460751288e+00 -7.436409748194188207e-01 2.258732946620894211e+01 -7.436409748194188207e-01 4.422810792581267236e+01 1.012952345470960047e+01 2.258732946620894211e+01 1.012952345470960047e+01 4.941128499413053987e+01
-3.169563789794958897e+00 -6.207443897452504800e-01 2.241609507772897913e+01 -6.207443897452504800e-01 4.339749047527143233e+01 9.845214386056500899e+00 2.241609507772897913e+01 9.845214386056500899e+00 4.793945500559493667e+01
-3.473692059409070776e+00 -5.063191976482224188e-01 2.220250372436331077e+01 -5.063191976482224188e-01 4.246490060491839813e+01 9.533368905448719843e+00 2.220250372436331077e+01 9.533368905448719843e+00 4.626948562479689286e+01
-3.825421489561400712e+00 -4.021894665813838809e-01 2.194678341461857229e+01 -4.021894665813838809e-01 4.144072147136324702e+01 9.198196400700988207e+00 2.194678341461857229e+01 9.198196400700988207e+00 4.441637279582639053e+01
-4.225155479917526158e+00 -3.098284822798895166e-01 2.164940770462392194e+01 -3.098284822798895166e-01 4.033666920402361455e+01 8.843836103164454343e+00 2.164940770462392194e+01 8.843836103164454343e+00 4.239742762607148308e+01
2.155729443800818856e+01 -1.125940823521853851e+01 -1.605255267945041808e+01 -1.125940823521853851e+01 3.445496719784223671e+01 1.271977782545607560e+01 -1.605255267945041808e+01 1.271977782545607560e+01 7.210114558981514321e+00
2.163732167209799329e+01 -1.135755716453052422e+01 -1.604838697453513419e+01 -1.135755716453052422e+01 3.433475936697464448e+01 1.288840977886209416e+01 -1.604838697453513419e+01 1.288840977886209416e+01 7.150494005932399588e+00
2.171947570068041244e+01 -1.144396478209817047e+01 -1.601354972920985276e+01 -1.144396478209817047e+01 3.420755596413960120e+01 1.302134322305739289e+01 -1.601354972920985276e+01 1.302134322305739289e+01 7.071538957495895339e+00
2.180254372359023307e+01 -1.151819166757175950e+01 -1.594733787091503707e+01 -1.151819166757175950e+01 3.407353275747701105e+01 1.311894727113573467e+01 -1.594733787091503707e+01 1.311894727113573467e+01 6.971895998994883215e+00
2.188578751463994365e+01 -1.157944686432180781e+01 -1.584899559664917845e+01 -1.157944686432180781e+01 3.393414862254792297e+01 1.318153830574891217e+01 -1.584899559664917845e+01 1.318153830574891217e+01 6.853006429176423886e+00
2.196595536324165820e+01 -1.162773037234831541e+01 -1.571848775278429855e+01 -1.162773037234831541e+01 3.378722403441774702e+01 1.320930967185079830e+01 -1.571848775278429855e+01 1.320930967185079830e+01 6.709280821192161959e+00
2.204162354746230434e+01 -1.166237427271972038e+01 -1.555521672764478325e+01 -1.166237427271972038e+01 3.363353237290198194e+01 1.320301717244290352e+01 -1.555521672764478325e+01 1.320301717244290352e+01 6.540736751856087494e+00
2.211078831050719629e+01 -1.168322037411012637e+01 -1.535886613857884342e+01 -1.168322037411012637e+01 3.347268694809288547e+01 1.316332872645678798e+01 -1.535886613857884342e+01 1.316332872645678798e+01 6.345598962955357969e+00
2.217114708974382964e+01 -1.169016321563559657e+01 -1.512904929567873324e+01 -1.169016321563559657e+01 3.330414287875681367e+01 1.309112317459188013e+01 -1.512904929567873324e+01 1.309112317459188013e+01 6.121529738229497752e+00
2.222060824430757009e+01 -1.168307975959821654e+01 -1.486537950903670158e+01 -1.168307975959821654e+01 3.312737286047410379e+01 1.298717389666367872e+01 -1.486537950903670158e+01 1.298717389666367872e+01 5.866367129557915838e+00
-1.680520516466264525e+01 -1.984513184485688253e+00 2.015864834711742759e+01 -1.984513184485688253e+00 1.222694239327620913e+01 2.025754477834797385e+01 2.015864834711742759e+01 2.025754477834797385e+01 -3.092231863177406126e+01
-1.682836086688899613e+01 -1.986013000901613035e+00 2.011487931439416244e+01 -1.986013000901613035e+00 1.231239534809572334e+01 2.009296736236638736e+01 2.011487931439416244e+01 2.009296736236638736e+01 -3.084555363790045490e+01
-1.679335295688802177e+01 -1.987055556215121532e+00 2.004588775926162825e+01 -1.987055556215121532e+00 1.243631310685047353e+01 1.989532082345807140e+01 2.004588775926162825e+01 1.989532082345807140e+01 -3.065286380934232469e+01
-1.670193731729300524e+01 -1.987896916643567380e+00 1.995182000527259802e+01 -1.987896916643567380e+00 1.259692149646308934e+01 1.966453199984663769e+01 1.995182000527259802e+01 1.966453199984663769e+01 -3.034717561715514478e+01
-1.655482727542370824e+01 -1.988774857960205811e+00 1.983282237597984476e+01 -1.988774857960205811e+00 1.279350718961380196e+01 1.940085695774944341e+01 1.983282237597984476e+01 1.940085695774944341e+01 -2.993059246241001858e+01
-1.635323000059051779e+01 -1.990000317714681222e+00 1.968902290449204173e+01 -1.990000317714681222e+00 1.302464353166307021e+01 1.910453347293974247e+01 1.968902290449204173e+01 1.910453347293974247e+01 -2.940604081616241317e+01
-1.609871847098574094e+01 -1.991829362124345248e+00 1.952047646214148102e+01 -1.991829362124345248e+00 1.328855634953352194e+01 1.877578103074669258e+01 1.952047646214148102e+01 1.877578103074669258e+01 -2.877727021945214503e+01
-1.579317660235133047e+01 -1.994499766962454901e+00 1.932718304892816619e+01 -1.994499766962454901e+00 1.358321540393042959e+01 1.841480082605535884e+01 1.932718304892816619e+01 1.841480082605535884e+01 -2.804861550753010846e+01
-1.543883582886707906e+01 -1.998285888890459994e+00 1.910914266485209367e+01 -1.998285888890459994e+00 1.390624293712122928e+01 1.802184892508309488e+01 1.910914266485209367e+01 1.802184892508309488e+01 -2.722505168119059604e+01
-1.503657409184962646e+01 -2.003352341905229927e+00 1.886653821435423239e+01 -2.003352341905229927e+00 1.425648665112783320e+01 1.759749233159690007e+01 1.886653821435423239e+01 1.759749233159690007e+01 -2.631052947635848227e+01
-2.979305358773646972e+01 1.127248135957060704e+01 5.615691354719176687e+00 1.127248135957060704e+01 -4.122728109518500617e+01 6.238268263885328402e+00 5.615691354719176687e+00 6.238268263885328402e+00 -5.523847208575225665e+01
-2.974366661455946215e+01 1.127962646564366977e+01 5.558378077205120782e+00 1.127962646564366977e+01 -4.117166358951229199e+01 6.464815760441886994e+00 5.558378077205120782e+00 6.464815760441886994e+00 -5.508651949659846281e+01
-2.963018327650304329e+01 1.127735908531648512e+01 5.497406505381656316e+00 1.127735908531648512e+01 -4.104364234229921493e+01 6.678387744369764789e+00 5.497406505381656316e+00 6.678387744369764789e+00 -5.474071541627844795e+01
-2.945237493017286567e+01 1.126552678965949283e+01 5.432586103086836538e+00 1.126552678965949283e+01 -4.084316019269718367e+01 6.879994057327286860e+00 5.432586103086836538e+00 6.879994057327286860e+00 -5.420269845578496160e+01
