-5.465753108235228419e-01 -2.682244288177501046e-01 -1.981783054800276611e+00 -2.682244288177501046e-01 -2.180587030423707606e+00 1.178031998905221478e+00 -1.981783054800276611e+00 1.178031998905221478e+00 -1.104253554249627678e+00
-3.528164788419822506e-01 -2.769946605966626119e-01 -1.850952896201448317e+00 -2.769946605966626119e-01 -2.027894582710022764e+00 1.101957019330201071e+00 -1.850952896201448317e+00 1.101957019330201071e+00 -6.516010967450149849e-01
-1.453688521044895210e-01 -2.853670674289027764e-01 -1.723956323452371375e+00 -2.853670674289027764e-01 -1.858095662289428462e+00 1.026316030606096108e+00 -1.723956323452371375e+00 1.026316030606096108e+00 -1.743739073073258539e-01
7.376036170347216592e-02 -2.932693175059846724e-01 -1.600739087696681384e+00 -2.932693175059846724e-01 -1.673197476847407605e+00 9.512717793019996870e-01 -1.600739087696681384e+00 9.512717793019996870e-01 3.209181512997108521e-01
3.026362867049056660e-01 -3.006652449236655311e-01 -1.481409686647107371e+00 -3.006652449236655311e-01 -1.474972155691864240e+00 8.769870119870050162e-01 -1.481409686647107371e+00 8.769870119870050162e-01 8.306042397954369605e-01
5.390347197888702979e-01 -3.075006008255808387e-01 -1.365931954399405956e+00 -3.075006008255808387e-01 -1.265680067837981815e+00 8.037329729429338876e-01 -1.365931954399405956e+00 8.037329729429338876e-01 1.350380615574942711e+00
7.804963794668462462e-01 -3.137934681638520629e-01 -1.254251642097213182e+00 -3.137934681638520629e-01 -1.047925158391251665e+00 7.317447405473658240e-01 -1.254251642097213182e+00 7.317447405473658240e-01 1.875636125847253366e+00
1.024344988824856140e+00 -3.195438469384792035e-01 -1.146242169075678774e+00 -3.195438469384792035e-01 -8.245464508347447596e-01 6.612935590821223952e-01 -1.146242169075678774e+00 6.612935590821223952e-01 2.401524539443816053e+00
1.267868105044679394e+00 -3.246974882930978579e-01 -1.041704622861466367e+00 -3.246974882930978579e-01 -5.984372175078960243e-01 5.926145069247830133e-01 -1.041704622861466367e+00 5.926145069247830133e-01 2.923308122908804929e+00
1.508461783020824898e+00 -3.293448069883154194e-01 -9.403315932685109013e-01 -3.293448069883154194e-01 -3.724545648458975622e-01 5.258884135965623541e-01 -9.403315932685109013e-01 5.258884135965623541e-01 3.436411889355488469e+00
-2.090489644559742644e+01 -4.828763218803655555e+00 5.551177188478087388e+00 -4.828763218803655555e+00 -4.385085094610972511e+00 -1.759785758858847160e+01 5.551177188478087388e+00 -1.759785758858847160e+01 1.563955351463986965e+01
-2.097440249047074801e+01 -4.746520177521413864e+00 5.466872140613885378e+00 -4.746520177521413864e+00 -4.471999584432874819e+00 -1.770949790954803404e+01 5.466872140613885378e+00 -1.770949790954803404e+01 1.542200269632017040e+01
-2.104741212174881682e+01 -4.660591071375845829e+00 5.366581979778030309e+00 -4.660591071375845829e+00 -4.589752933754886577e+00 -1.777632152108022012e+01 5.366581979778030309e+00 -1.777632152108022012e+01 1.514156980117362394e+01
-2.112295820360115428e+01 -4.571578079280266493e+00 5.250616919350108880e+00 -4.571578079280266493e+00 -4.737122536904516679e+00 -1.779876637148562324e+01 5.250616919350108880e+00 -1.779876637148562324e+01 1.480029858793632869e+01
-2.120166116278693025e+01 -4.480411841373436843e+00 5.119451403322428540e+00 -4.480411841373436843e+00 -4.914163137419340188e+00 -1.777708793060626036e+01 5.119451403322428540e+00 -1.777708793060626036e+01 1.439886422690503842e+01
-2.128419616960290384e+01 -4.387877015027253691e+00 4.973523379995584470e+00 -4.387877015027253691e+00 -5.120728752532492045e+00 -1.771174239458857258e+01 4.973523379995584470e+00 -1.771174239458857258e+01 1.393801487975992615e+01
-2.137176758187569448e+01 -4.294849496842902958e+00 4.813124814903305015e+00 -4.294849496842902958e+00 -5.356855877935688959e+00 -1.760324070311659739e+01 4.813124814903305015e+00 -1.760324070311659739e+01 1.341827973403088237e+01
-2.146578048373638126e+01 -4.202113944192281458e+00 4.638638912808608517e+00 -4.202113944192281458e+00 -5.622581009320646750e+00 -1.745220328294949752e+01 4.638638912808608517e+00 -1.745220328294949752e+01 1.283989601171405681e+01
-2.156780418992875070e+01 -4.110418518755568407e+00 4.450248152170076743e+00 -4.110418518755568407e+00 -5.917922394533222885e+00 -1.725930530438402499e+01 4.450248152170076743e+00 -1.725930530438402499e+01 1.220304619126803125e+01
-2.167957224580932163e+01 -4.020511382212944795e+00 4.248153259292148043e+00 -4.020511382212944795e+00 -6.242807042189985722e+00 -1.702522193771693182e+01 4.248153259292148043e+00 -1.702522193771693182e+01 1.150783975976795404e+01
-2.192878324736872742e+01 1.109857426474837006e+01 -5.351201895661287233e-01 1.109857426474837006e+01 -7.462092018999037180e+00 5.850289951541084221e+00 -5.351201895661287233e-01 5.850289951541084221e+00 1.300194564963868515e+01
-2.182487748044592735e+01 1.110666273762259770e+01 -4.259441054764109835e-01 1.110666273762259770e+01 -7.480684526782334309e+00 5.755790236784244840e+00 -4.259441054764109835e-01 5.755790236784244840e+00 1.311670314600586806e+01
-2.172615053212812342e+01 1.110391778076482794e+01 -3.255152839067880777e-01 1.110391778076482794e+01 -7.521401386839261960e+00 5.653458245126567583e+00 -3.255152839067880777e-01 5.653458245126567583e+00 1.318324090023821960e+01
-2.163349908832218560e+01 1.109046749216175343e+01 -2.343644165164287529e-01 1.109046749216175343e+01 -7.583675308085876310e+00 5.543659970815755678e+00 -2.343644165164287529e-01 5.543659970815755678e+00 1.320036943103070648e+01
-2.154827732774460713e+01 1.106625697267621966e+01 -1.530038952521168838e-01 1.106625697267621966e+01 -7.667506290522181800e+00 5.426871206373821366e+00 -1.530038952521168838e-01 5.426871206373821366e+00 1.316693585650306453e+01
-2.147183942911189902e+01 1.103141432029492286e+01 -8.190951263586594699e-02 1.103141432029492286e+01 -7.772638138174785105e+00 5.303476245760853303e+00 -8.190951263586594699e-02 5.303476245760853303e+00 1.308248268384566515e+01
-2.140561276999009266e+01 1.098612253214171197e+01 -2.144726291537865995e-02 1.098612253214171197e+01 -7.898869554207449184e+00 5.173895982361710111e+00 -2.144726291537865995e-02 5.173895982361710111e+00 1.294653412053649433e+01
-2.135133582305578059e+01 1.093058290505282670e+01 2.812665793595307134e-02 1.093058290505282670e+01 -8.046163939195404069e+00 5.038441511286937846e+00 2.812665793595307134e-02 5.038441511286937846e+00 1.275837647779253281e+01
-2.131052746443693025e+01 1.086514313356358308e+01 6.664755250666304365e-02 1.086514313356358308e+01 -8.214429794576723509e+00 4.897405627934698913e+00 6.664755250666304365e-02 4.897405627934698913e+00 1.251760716194130652e+01
-2.128476146939865643e+01 1.079011431278452626e+01 9.404222194721069406e-02 1.079011431278452626e+01 -8.403612221214251221e+00 4.751007928853616669e+00 9.404222194721069406e-02 4.751007928853616669e+00 1.222365888189887784e+01
-2.804430686307264775e+00 4.694964272966068108e+00 -1.639954683817080650e+01 4.694964272966068108e+00 -3.282847955168119114e+00 -1.749242239804103960e+01 -1.639954683817080650e+01 -1.749242239804103960e+01 3.039100996586912462e+00
-2.663860398539196872e+00 4.625684626049571868e+00 -1.639282540799140619e+01 4.625684626049571868e+00 -3.239403239345484131e+00 -1.747218563925293466e+01 -1.639282540799140619e+01 -1.747218563925293466e+01 3.273880009241428191e+00
-2.518833313401501073e+00 4.551350318701668840e+00 -1.636269673309022465e+01 4.551350318701668840e+00 -3.191248087278526491e+00 -1.741163841645091281e+01 -1.636269673309022465e+01 -1.741163841645091281e+01 3.505325482399962667e+00
-2.370092230455781657e+00 4.472541096921658799e+00 -1.630925139877964014e+01 4.472541096921658799e+00 -3.138907893779113056e+00 -1.731101625144719236e+01 -1.630925139877964014e+01 -1.731101625144719236e+01 3.730140110691489319e+00
-2.218887227013031982e+00 4.389963526146191342e+00 -1.623257999037205579e+01 4.389963526146191342e+00 -3.083433448470977556e+00 -1.717062713430390986e+01 -1.623257999037205579e+01 -1.717062713430390986e+01 3.946131729556149992e+00
-2.066685785133983266e+00 4.304287937686957832e+00 -1.613261003961754980e+01 4.304287937686957832e+00 -3.026056711602634675e+00 -1.699086964039557301e+01 -1.613261003961754980e+01 -1.699086964039557301e+01 4.150836418496915314e+00
-1.915299611066451968e+00 4.216148428730694064e+00 -1.600928719532869238e+01 4.216148428730694064e+00 -2.968245165234816518e+00 -1.677210611097175530e+01 -1.600928719532869238e+01 -1.677210611097175530e+01 4.341518501079582926e+00
-1.766757815807992182e+00 4.126287798839004317e+00 -1.586239405275574654e+01 4.126287798839004317e+00 -2.911738047365425519e+00 -1.651478947259440133e+01 -1.586239405275574654e+01 -1.651478947259440133e+01 4.515116193745342343e+00
-1.623198212731027601e+00 4.035249559886235460e+00 -1.569171320714897000e+01 4.035249559886235460e+00 -2.858365181304756586e+00 -1.621937265182547350e+01 -1.569171320714897000e+01 -1.621937265182547350e+01 4.668567712935383973e+00
-1.486849200520371728e+00 3.943685926121598406e+00 -1.549693666844623863e+01 3.943685926121598406e+00 -2.809920156238148170e+00 -1.588616363872709769e+01 -1.549693666844623863e+01 -1.588616363872709769e+01 4.798575753278682576e+00
4.960819787626495447e+00 -6.061892281797569559e+00 -1.432997318572364165e+01 -6.061892281797569559e+00 1.532555176733519353e+01 -1.810417515996554982e+01 -1.432997318572364165e+01 -1.810417515996554982e+01 -1.916590759032184010e+01
4.983913429473000534e+00 -6.137409389220927380e+00 -1.429316713241497006e+01 -6.137409389220927380e+00 1.540424986667048124e+01 -1.790150823459353546e+01 -1.429316713241497006e+01 -1.790150823459353546e+01 -1.904278343445382049e+01
5.046436993662878123e+00 -6.208074136100661278e+00 -1.424430206457010861e+01 -6.208074136100661278e+00 1.551035481722438725e+01 -1.766607888969920381e+01 -1.424430206457010861e+01 -1.766607888969920381e+01 -1.883961330132172307e+01
5.148624112370447925e+00 -6.273724777085317506e+00 -1.418336001048333905e+01 -6.273724777085317506e+00 1.564368690193973421e+01 -1.739768943651966282e+01 -1.418336001048333905e+01 -1.739768943651966282e+01 -1.855841002196587652e+01
5.289612143721289961e+00 -6.333912019531967807e+00 -1.411014328139177287e+01 -6.333912019531967807e+00 1.580304201653347995e+01 -1.709650162040637156e+01 -1.411014328139177287e+01 -1.709650162040637156e+01 -1.820170760689238776e+01
5.467945379552318741e+00 -6.388420202972007189e+00 -1.402427447147535311e+01 -6.388420202972007189e+00 1.598676676407964337e+01 -1.676265921500506551e+01 -1.402427447147535311e+01 -1.676265921500506551e+01 -1.777277690654177178e+01
5.682293913640463323e+00 -6.436997723525395010e+00 -1.392528631638542969e+01 -6.436997723525395010e+00 1.619320774765225224e+01 -1.639621613543289413e+01 -1.392528631638542969e+01 -1.639621613543289413e+01 -1.727512240352887218e+01
5.930573028122540613e+00 -6.479482835840677524e+00 -1.381260372153905713e+01 -6.479482835840677524e+00 1.642020836256525484e+01 -1.599726224021844523e+01 -1.381260372153905713e+01 -1.599726224021844523e+01 -1.671323702428297153e+01
6.211003524132553189e+00 -6.515713794566400985e+00 -1.368552579041326922e+01 -6.515713794566400985e+00 1.666589955142406509e+01 -1.556581550106743173e+01 -1.368552579041326922e+01 -1.556581550106743173e+01 -1.609136209135331086e+01
6.521249079927275538e+00 -6.545654656291130635e+00 -1.354333365477937967e+01 -6.545654656291130635e+00 1.692794499248545748e+01 -1.510185794627414602e+01 -1.354333365477937967e+01 -1.510185794627414602e+01 -1.541445779551781214e+01
2.000356401124386352e+01 -5.798344005752674946e+00 -1.264998421900196490e+01 -5.798344005752674946e+00 7.246941134071584578e+00 1.388459452560319463e+01 -1.264998421900196490e+01 1.388459452560319463e+01 2.290811938616855414e+01
1.985371647561132491e+01 -5.709105966954463263e+00 -1.250861527262514983e+01 -5.709105966954463263e+00 7.113766974799673903e+00 1.379668680938694791e+01 -1.250861527262514983e+01 1.379668680938694791e+01 2.254355778580686476e+01
1.967607406683293192e+01 -5.613234052880851976e+00 -1.235142435634016422e+01 -5.613234052880851976e+00 6.963795275726152312e+00 1.368023923937894537e+01 -1.235142435634016422e+01 1.368023923937894537e+01 2.210405467999447637e+01
1.947214448383490648e+01 -5.511792521597413952e+00 -1.217897907444864813e+01 -5.511792521597413952e+00 6.797948393841181769e+00 1.353596132095623261e+01 -1.217897907444864813e+01 1.353596132095623261e+01 2.159248356550844150e+01
1.924253080618775158e+01 -5.405863368804146418e+00 -1.199197119469321926e+01 -5.405863368804146418e+00 6.616137640972630685e+00 1.336486409928110675e+01 -1.199197119469321926e+01 1.336486409928110675e+01 2.101070689396350133e+01
1.898737493496686213e+01 -5.296564065469901550e+00 -1.179111022245093032e+01 -5.296564065469901550e+00 6.417795412818861678e+00 1.316811825822569482e+01 -1.179111022245093032e+01 1.316811825822569482e+01 2.035993082450064762e+01
1.870676555834437593e+01 -5.185029820197954997e+00 -1.157703471256112238e+01 -5.185029820197954997e+00 6.202354105078234703e+00 1.294692995693097970e+01 -1.157703471256112238e+01 1.294692995693097970e+01 1.964137925389528405e+01
1.840025923545963948e+01 -5.072200727612896642e+00 -1.135031226932543191e+01 -5.072200727612896642e+00 5.968731722050753419e+00 1.270261178034450111e+01 -1.135031226932543191e+01 1.270261178034450111e+01 1.885574394989003011e+01
1.806734157491428761e+01 -4.959105570511445293e+00 -1.111136859597009163e+01 -4.959105570511445293e+00 5.715828530401993568e+00 1.243645857577936731e+01 -1.111136859597009163e+01 1.243645857577936731e+01 1.800352156624882127e+01
1.770739175950341249e+01 -4.846595755346058354e+00 -1.086066487099017941e+01 -4.846595755346058354e+00 5.442456108625396638e+00 1.214971197764541877e+01 -1.086066487099017941e+01 1.214971197764541877e+01 1.708510233092903263e+01
3.535210079669738548e+01 9.605767195417584503e+00 2.645780441822080054e+00 9.605767195417584503e+00 -4.889762901580396282e+00 2.071020017105063715e+01 2.645780441822080054e+00 2.071020017105063715e+01 3.454585094893667474e+01
3.526165644247853947e+01 9.598477861705113412e+00 2.797582585640094432e+00 9.598477861705113412e+00 -4.771842005479340010e+00 2.071474715834215630e+01 2.797582585640094432e+00 2.071474715834215630e+01 3.457663599908158858e+01
3.510104340499836439e+01 9.573142119287000540e+00 2.922757430338514872e+00 9.573142119287000540e+00 -4.680424560594995675e+00 2.067867203348843574e+01 2.922757430338514872e+00 2.067867203348843574e+01 3.446476595766419138e+01
3.487137631538278981e+01 9.529724583048141184e+00 3.021304975917342261e+00 9.529724583048141184e+00 -4.616271346902207640e+00 2.060132017185995323e+01 3.021304975917342261e+00 2.060132017185995323e+01 3.421098391210176004e+01
3.457380518987286422e+01 9.468596796697182683e+00 3.093331377721903586e+00 9.468596796697182683e+00 -4.581133927598877165e+00 2.048226695207540615e+01 3.093331377721903586e+00 2.048226695207540615e+01 3.381610372004182352e+01
3.421001082143626348e+01 9.390307229518310095e+00 3.139314334806171392e+00 9.390307229518310095e+00 -4.576923098900895326e+00 2.032121160065636545e+01 3.139314334806171392e+00 2.032121160065636545e+01 3.328170001910672937e+01
3.378185092861622252e+01 9.295634354043929903e+00 3.160032319702545944e+00 9.295634354043929903e+00 -4.605761967714806282e+00 2.011804796225749925e+01 3.160032319702545944e+00 2.011804796225749925e+01 3.260980745341525733e+01
3.329146631087684227e+01 9.185675108842421110e+00 3.156635348652072626e+00 9.185675108842421110e+00 -4.670039029310475875e+00 1.987286449966658708e+01 3.156635348652072626e+00 1.987286449966658708e+01 3.180293836614013259e+01
3.274158162208151879e+01 9.061579510154826878e+00 3.130432670913788407e+00 9.061579510154826878e+00 -4.771912775709558296e+00 1.958585583101672256e+01 3.130432670913788407e+00 1.958585583101672256e+01 3.086441895810162350e+01
3.213523998212963306e+01 8.924833732815733001e+00 3.082945846437384230e+00 8.924833732815733001e+00 -4.913736317066807580e+00 1.925748196280433078e+01 3.082945846437384230e+00 1.925748196280433078e+01 2.979794697382863689e+01
-1.326032725678721746e+01 -7.264253151634227912e+00 -3.505092845820358072e+00 -7.264253151634227912e+00 3.214071091835371163e+01 -1.705808641007553206e+01 -3.505092845820358072e+00 -1.705808641007553206e+01 2.195659051500100389e+01
-1.321239975994626370e+01 -7.342592402146127739e+00 -3.508981269456877605e+00 -7.342592402146127739e+00 3.223515680438752185e+01 -1.693508379816067233e+01 -3.508981269456877605e+00 -1.693508379816067233e+01 2.212488077651734386e+01
-1.315772995056125083e+01 -7.417631843608689657e+00 -3.517471588956801121e+00 -7.417631843608689657e+00 3.225991429066041150e+01 -1.676031877618535404e+01 -3.517471588956801121e+00 -1.676031877618535404e+01 2.219769061727089010e+01
-1.309681725919100082e+01 -7.488800698240400955e+00 -3.530706498765505685e+00 -7.488800698240400955e+00 3.221496554036669124e+01 -1.653441563234810019e+01 -3.530706498765505685e+00 -1.653441563234810019e+01 2.217387848169862608e+01
-1.303115997751196886e+01 -7.555403330620054980e+00 -3.548775182911351411e+00 -7.555403330620054980e+00 3.210011434864399149e+01 -1.625849808540625574e+01 -3.548775182911351411e+00 -1.625849808540625574e+01 2.205233848784888195e+01
-1.296255962289704122e+01 -7.616779778937780243e+00 -3.571624130977322675e+00 -7.616779778937780243e+00 3.191561043077170012e+01 -1.593395740620224110e+01 -3.571624130977322675e+00 -1.593395740620224110e+01 2.183216095863237172e+01
-1.289337065369493018e+01 -7.672341428606396896e+00 -3.599217669352074545e+00 -7.672341428606396896e+00 3.166197105411432133e+01 -1.556243458085789477e+01 -3.599217669352074545e+00 -1.556243458085789477e+01 2.151272160585058302e+01
-1.282623291714511460e+01 -7.721588849067088312e+00 -3.631359593173213884e+00 -7.721588849067088312e+00 3.134007022214978022e+01 -1.514567761632908294e+01 -3.631359593173213884e+00 -1.514567761632908294e+01 2.109361018297304824e+01
-1.276398246534945713e+01 -7.764022609761034310e+00 -3.667889371189692049e+00 -7.764022609761034310e+00 3.095096030641273188e+01 -1.468570207165674901e+01 -3.667889371189692049e+00 -1.468570207165674901e+01 2.057457697472036884e+01
-1.270963371846654333e+01 -7.799214627352104579e+00 -3.708610798539115461e+00 -7.799214627352104579e+00 3.049633580344203310e+01 -1.418457701629886181e+01 -3.708610798539115461e+00 -1.418457701629886181e+01 1.995574683873223876e+01
1.822020366193596885e+01 -7.840081624716752629e+00 -7.293655055796628872e+00 -7.840081624716752629e+00 -2.288290183026549585e+01 5.793787886877192150e+00 -7.293655055796628872e+00 5.793787886877192150e+00 -1.459271271124601910e+01
1.828901859286658294e+01 -7.797752165484516773e+00 -7.274300288017042426e+00 -7.797752165484516773e+00 -2.282716592004307543e+01 5.788367096653209920e+00 -7.274300288017042426e+00 5.788367096653209920e+00 -1.443334511677519139e+01
1.836845681739050917e+01 -7.747837238052951214e+00 -7.246868906615146599e+00 -7.747837238052951214e+00 -2.272866397687910833e+01 5.777361801064253122e+00 -7.246868906615146599e+00 5.777361801064253122e+00 -1.421434882984056003e+01
1.845877300350484163e+01 -7.690518748134268279e+00 -7.211142624736284645e+00 -7.690518748134268279e+00 -2.258712314220526807e+01 5.760335426401007375e+00 -7.211142624736284645e+00 5.760335426401007375e+00 -1.393596032786800443e+01
1.855911219436217507e+01 -7.625996792011904724e+00 -7.167048680095571278e+00 -7.625996792011904724e+00 -2.240347113515384692e+01 5.736924161239045361e+00 -7.167048680095571278e+00 5.736924161239045361e+00 -1.360005323969333091e+01
1.866841933683166488e+01 -7.554689752823953164e+00 -7.114496119836900334e+00 -7.554689752823953164e+00 -2.217892672399668541e+01 5.706782384725158863e+00 -7.114496119836900334e+00 5.706782384725158863e+00 -1.320870129043578167e+01
1.878543928149903408e+01 -7.476906870281176509e+00 -7.053430372246605629e+00 -7.476906870281176509e+00 -2.191507248843004163e+01 5.669546285434919675e+00 -7.053430372246605629e+00 5.669546285434919675e+00 -1.276446935063757593e+01
1.890895326009245281e+01 -7.392993765236782977e+00 -6.983742293897360121e+00 -7.392993765236782977e+00 -2.161363653271995133e+01 5.624961195371227518e+00 -6.983742293897360121e+00 5.624961195371227518e+00 -1.227012238712436698e+01
1.903750602691420113e+01 -7.303387011400086060e+00 -6.905377313075498513e+00 -7.303387011400086060e+00 -2.127674715369932557e+01 5.572736065394542138e+00 -6.905377313075498513e+00 5.572736065394542138e+00 -1.172858908186280402e+01
1.916984243255000564e+01 -7.208523182480401026e+00 -6.818244476924914643e+00 -7.208523182480401026e+00 -2.090638712363128704e+01 5.512561655794097071e+00 -6.818244476924914643e+00 5.512561655794097071e+00 -1.114288906967564152e+01
-1.997120617426985589e+01 6.353362467697489802e-01 3.563550842172018562e+00 6.353362467697489802e-01 -3.222948911261848082e+01 -6.628958916587682992e+00 3.563550842172018562e+00 -6.628958916587682992e+00 -9.551107450121193665e+00
-1.987409336171446483e+01 7.209309847951954620e-01 3.550060367157138241e+00 7.209309847951954620e-01 -3.217541556724848562e+01 -6.550248972707761297e+00 3.550060367157138241e+00 -6.550248972707761297e+00 -9.359189161426744619e+00
-1.975906147682896474e+01 8.051301564397923549e-01 3.525237893129758771e+00 8.051301564397923549e-01 -3.209449132471095112e+01 -6.460709433712446881e+00 3.525237893129758771e+00 -6.460709433712446881e+00 -9.122128952199748397e+00
-1.962637102533777878e+01 8.875057880134122890e-01 3.489195065400348295e+00 8.875057880134122890e-01 -3.198675360010935975e+01 -6.360340299601737968e+00 3.489195065400348295e+00 -6.360340299601737968e+00 -8.840894415130922113e+00
-1.947736175096651934e+01 9.674624378602261210e-01 3.441913276417161160e+00 9.674624378602261210e-01 -3.185346770696233776e+01 -6.249234608134359270e+00 3.441913276417161160e+00 -6.249234608134359270e+00 -8.517830101740095472e+00
-1.931352225785477117e+01 1.044460486979638558e+00 3.383411133731943021e+00 1.044460486979638558e+00 -3.169601060409901194e+01 -6.127373751758566023e+00 3.383411133731943021e+00 -6.127373751758566023e+00 -8.155448031512797513e+00
-1.913665747852175514e+01 1.117960316371054530e+00 3.313744459999927727e+00 1.117960316371054530e+00 -3.151603836362463440e+01 -5.994553047405166701e+00 3.313744459999927727e+00 -5.994553047405166701e+00 -7.756930095797366143e+00
-1.894860956059019585e+01 1.187515344792602345e+00 3.232838825014135775e+00 1.187515344792602345e+00 -3.131552338602415730e+01 -5.850474774246247733e+00 3.232838825014135775e+00 -5.850474774246247733e+00 -7.325309325528179372e+00
-1.875136951209677605e+01 1.252660383450664883e+00 3.140638406119334203e+00 1.252660383450664883e+00 -3.109634503402378058e+01 -5.694673743488189999e+00 3.140638406119334203e+00 -5.694673743488189999e+00 -6.864009510226256161e+00
-1.854685391087119584e+01 1.313004673758604524e+00 3.037012950453309656e+00 1.313004673758604524e+00 -3.086049431566018342e+01 -5.526573121026911117e+00 3.037012950453309656e+00 -5.526573121026911117e+00 -6.376026465722488545e+00
3.809752130646271695e+01 2.688425433775670115e+00 8.673618156846265137e+00 2.688425433775670115e+00 2.307312669898512070e+01 -1.559819284584497012e+01 8.673618156846265137e+00 -1.559819284584497012e+01 5.798828695871610961e+01
3.816019874219767161e+01 2.787136331735252437e+00 8.628056615668008078e+00 2.787136331735252437e+00 2.284869713017739912e+01 -1.563859190060835047e+01 8.628056615668008078e+00 -1.563859190060835047e+01 5.779091713413669140e+01
3.811662943570971862e+01 2.881395018256503793e+00 8.549943692028177722e+00 2.881395018256503793e+00 2.254142524581286722e+01 -1.563370659467212498e+01 8.549943692028177722e+00 -1.563370659467212498e+01 5.734813864327165334e+01
3.796608578824240254e+01 2.970266009223976766e+00 8.439625861525083650e+00 2.970266009223976766e+00 2.215352848972072408e+01 -1.558419523167309251e+01 8.439625861525083650e+00 -1.558419523167309251e+01 5.666097358913603443e+01
3.770787484859909000e+01 3.052709877842729735e+00 8.297640161336115483e+00 3.052709877842729735e+00 2.168718965817035382e+01 -1.549064682012838290e+01 8.297640161336115483e+00 -1.549064682012838290e+01 5.573160476799918683e+01
3.734171943630114043e+01 3.127895082676809935e+00 8.124540952418573880e+00 3.127895082676809935e+00 2.114455689987130427e+01 -1.535371966367479857e+01 8.124540952418573880e+00 -1.535371966367479857e+01 5.456321975536561553e+01
3.686848574034432602e+01 3.194972758510349120e+00 7.921159776208412495e+00 3.194972758510349120e+00 2.052854060984939721e+01 -1.517422797996836792e+01 7.921159776208412495e+00 -1.517422797996836792e+01 5.316047864803262968e+01
3.628864150278637624e+01 3.253301925486465684e+00 7.688588030840319831e+00 3.253301925486465684e+00 1.984101175633553993e+01 -1.495319387202412287e+01 7.688588030840319831e+00 -1.495319387202412287e+01 5.152845731351553127e+01
3.560603260276857185e+01 3.302206956188449283e+00 7.427865143109234403e+00 3.302206956188449283e+00 1.908659578856721595e+01 -1.469181268065624124e+01 7.427865143109234403e+00 -1.469181268065624124e+01 4.967713424904575703e+01
3.482405450115439294e+01 3.341289403678238568e+00 7.140671519666979883e+00 3.341289403678238568e+00 1.826889605276689110e+01 -1.439164354605713569e+01 7.140671519666979883e+00 -1.439164354605713569e+01 4.761634936161541987e+01
6.389551422862508545e+00 -1.154628069574625826e+01 1.732219718601313829e+01 -1.154628069574625826e+01 -1.127740682726239729e+00 -1.447176163968556528e+00 1.732219718601313829e+01 -1.447176163968556528e+00 3.158497799053551702e+01
6.324947902770495567e+00 -1.170704620623860670e+01 1.747603129581915127e+01 -1.170704620623860670e+01 -1.316661650270055661e+00 -1.282721070681931863e+00 1.747603129581915127e+01 -1.282721070681931863e+00 3.125275434368585792e+01
6.209567842766962720e+00 -1.184807423984118557e+01 1.757955454121195160e+01 -1.184807423984118557e+01 -1.542567998737077950e+00 -1.107053944243768351e+00 1.757955454121195160e+01 -1.107053944243768351e+00 3.078906692154498970e+01
6.043590348812796442e+00 -1.196814687601996141e+01 1.763237288907758682e+01 -1.196814687601996141e+01 -1.804205986401095974e+00 -9.198523939244694914e-01 1.763237288907758682e+01 -9.198523939244694914e-01 3.019613663802792303e+01
5.826890046735377027e+00 -1.206613574722134707e+01 1.763405648510992307e+01 -1.206613574722134707e+01 -2.100859189418561535e+00 -7.211164197240349516e-01 1.763405648510992307e+01 -7.211164197240349516e-01 2.947548589380219752e+01
5.559180366997282796e+00 -1.214123487662135048e+01 1.758440831275199656e+01 -1.214123487662135048e+01 -2.432187306463788445e+00 -5.110072170072634812e-01 1.758440831275199656e+01 -5.110072170072634812e-01 2.862840425178619341e+01
5.240497130790691571e+00 -1.219279948276077441e+01 1.748350001438814871e+01 -1.219279948276077441e+01 -2.797706751442381456e+00 -2.898292659076631139e-01 1.748350001438814871e+01 -2.898292659076631139e-01 2.765714844708709919e+01
4.871037354672580477e+00 -1.222063254908264440e+01 1.733167189134406883e+01 -1.222063254908264440e+01 -3.196987670048210717e+00 -5.794077834700841340e-02 1.733167189134406883e+01 -5.794077834700841340e-02 2.656404685719644476e+01
4.451033876392101796e+00 -1.222475198618305114e+01 1.712958663567504658e+01 -1.222475198618305114e+01 -3.629743492743857658e+00 1.841030171959504025e-01 1.712958663567504658e+01 1.841030171959504025e-01 2.535164278675882699e+01
3.981507599926313201e+00 -1.220544436359941187e+01 1.687808604539724300e+01 -1.220544436359941187e+01 -4.095383169858394012e+00 4.356752498581081268e-01 1.687808604539724300e+01 4.356752498581081268e-01 2.402375119274114468e+01
-7.847440722846253713e+00 -8.014342052180561282e+00 -1.773810602445454876e+01 -8.014342052180561282e+00 3.142792955998011806e+01 -1.195433440354784871e+01 -1.773810602445454876e+01 -1.195433440354784871e+01 2.377543243672732842e+01
-7.856284002236355590e+00 -8.024519830472589987e+00 -1.767890765316507640e+01 -8.024519830472589987e+00 3.133220150541523807e+01 -1.202200239453488351e+01 -1.767890765316507640e+01 -1.202200239453488351e+01 2.363249870767162619e+01
-7.863952922592760686e+00 -8.027544694650289969e+00 -1.760084836406170439e+01 -8.027544694650289969e+00 3.117716831964873592e+01 -1.205031156457442165e+01 -1.760084836406170439e+01 -1.205031156457442165e+01 2.339508245635950701e+01
-7.870643210421087943e+00 -8.023345471438894094e+00 -1.750359008408928219e+01 -8.023345471438894094e+00 3.096363070202176004e+01 -1.203860356087485073e+01 -1.750359008408928219e+01 -1.203860356087485073e+01 2.306346837589005005e+01
-7.877137771743797146e+00 -8.011850987563631676e+00 -1.738670577359918923e+01 -8.011850987563631676e+00 3.069237155855677557e+01 -1.198643355046886150e+01 -1.738670577359918923e+01 -1.198643355046886150e+01 2.263932903822033893e+01
-7.885091385199281433e+00 -7.993185796255349196e+00 -1.724967942634934914e+01 -7.993185796255349196e+00 3.036415600195756426e+01 -1.189373036008168150e+01 -1.724967942634934914e+01 -1.189373036008168150e+01 2.212378542242798929e+01
-7.896461315843696482e+00 -7.967652383931818072e+00 -1.709187048286683464e+01 -7.967652383931818072e+00 2.998010501130173111e+01 -1.176077868281238992e+01 -1.709187048286683464e+01 -1.176077868281238992e+01 2.151836775392054690e+01
-7.913792008250052135e+00 -7.935642203604267308e+00 -1.691254941708526260e+01 -7.935642203604267308e+00 2.954132177234820844e+01 -1.158809452490306491e+01 -1.691254941708526260e+01 -1.158809452490306491e+01 2.082457067146816598e+01
-7.939610113672663338e+00 -7.897653468196085491e+00 -1.671098670293824284e+01 -7.897653468196085491e+00 2.904928313054846001e+01 -1.137660313892571118e+01 -1.671098670293824284e+01 -1.137660313892571118e+01 2.004388881384100429e+01
-7.976904909651842068e+00 -7.854326737180196361e+00 -1.648622150121638796e+01 -7.854326737180196361e+00 2.850550151799134468e+01 -1.112738991732055993e+01 -1.648622150121638796e+01 -1.112738991732055993e+01 1.917833282605129952e+01
-4.098151318530189968e+01 2.269035884347306575e-01 -9.879579054236305780e+00 2.269035884347306575e-01 -2.552114669771999900e+01 2.838698254577686875e+00 -9.879579054236305780e+00 2.838698254577686875e+00 -4.328330721073181309e+01
-4.102988395861625293e+01 1.639988738428170001e-01 -9.864723398112763775e+00 1.639988738428170001e-01 -2.553371250111622004e+01 3.137136085237878902e+00 -9.864723398112763775e+00 3.137136085237878902e+00 -4.338071111145521286e+01
-4.101536894174140713e+01 1.020403793861607705e-01 -9.840935423912391400e+00 1.020403793861607705e-01 -2.549207881516489138e+01 3.434854788595275377e+00 -9.840935423912391400e+00 3.434854788595275377e+00 -4.331733328679566597e+01
-4.093702191454209327e+01 4.091455864853107971e-02 -9.808234056037896664e+00 4.091455864853107971e-02 -2.539582930300650787e+01 3.731702969428234873e+00 -9.808234056037896664e+00 3.731702969428234873e+00 -4.309326835876671424e+01
-4.079546738230757796e+01 -1.924611755113603620e-02 -9.766562521281159093e+00 -1.924611755113603620e-02 -2.524579663836008692e+01 4.027112895655603708e+00 -9.766562521281159093e+00 4.027112895655603708e+00 -4.271006812839016220e+01
-4.059134877472985181e+01 -7.842272481013543017e-02 -9.715958668447591151e+00 -7.842272481013543017e-02 -2.504292704136089753e+01 4.320176195947532882e+00 -9.715958668447591151e+00 4.320176195947532882e+00 -4.216975750675546664e+01
-4.032555553873604026e+01 -1.364827923095310591e-01 -9.656346799926375013e+00 -1.364827923095310591e-01 -2.478877231303075135e+01 4.610230516209344209e+00 -9.656346799926375013e+00 4.610230516209344209e+00 -4.147523192747651422e+01
-3.999910959207222305e+01 -1.932938492303868661e-01 -9.587707991314800893e+00 -1.932938492303868661e-01 -2.448477070797524746e+01 4.896443182722010512e+00 -9.587707991314800893e+00 4.896443182722010512e+00 -4.062951929498613879e+01
-3.961308962569260217e+01 -2.486288027402411283e-01 -9.509928696196640274e+00 -2.486288027402411283e-01 -2.413264434684054649e+01 5.178038294974619760e+00 -9.509928696196640274e+00 5.178038294974619760e+00 -3.963636664101994000e+01
-3.916893389420276606e+01 -3.023551820201577645e-01 -9.423008914571893158e+00 -3.023551820201577645e-01 -2.373447491392422037e+01 5.454183179248146551e+00 -9.423008914571893158e+00 5.454183179248146551e+00 -3.849997518297848131e+01
-1.672380317210009792e+01 5.844013486691203241e+00 1.265425076499073676e+01 5.844013486691203241e+00 -1.864145271674271243e+01 -3.496321190783231891e+00 1.265425076499073676e+01 -3.496321190783231891e+00 9.168156010294035596e+00
-1.674388884728621107e+01 5.823780932710310942e+00 1.264198638562663923e+01 5.823780932710310942e+00 -1.867314181671641649e+01 -3.456774075288821191e+00 1.264198638562663923e+01 -3.456774075288821191e+00 9.070298013272118709e+00
-1.676887660224809196e+01 5.795837242003490708e+00 1.259869386086534782e+01 5.795837242003490708e+00 -1.870708917815985473e+01 -3.406174330487245161e+00 1.259869386086534782e+01 -3.406174330487245161e+00 8.945065480873152453e+00
-1.679917035367138922e+01 5.760255853968129003e+00 1.252422631191208424e+01 5.760255853968129003e+00 -1.874366199805997368e+01 -3.344485236679808349e+00 1.252422631191208424e+01 -3.344485236679808349e+00 8.791209943341508293e+00
-1.683565137432477243e+01 5.717018408754880987e+00 1.241838178042402774e+01 5.717018408754880987e+00 -1.878372318933611496e+01 -3.271982191606721990e+00 1.241838178042402774e+01 -3.271982191606721990e+00 8.607886847607204572e+00
-1.687947633471713971e+01 5.666290145007872425e+00 1.228114190655182547e+01 5.666290145007872425e+00 -1.882853958159324748e+01 -3.188867153610809080e+00 1.228114190655182547e+01 -3.188867153610809080e+00 8.393957883010699561e+00
-1.693202222354954856e+01 5.608254661220578363e+00 1.211241489104874702e+01 5.608254661220578363e+00 -1.887954324308046594e+01 -3.095378800733586289e+00 1.211241489104874702e+01 -3.095378800733586289e+00 8.147954261604196446e+00
-1.699492306741391445e+01 5.543113915735819575e+00 1.191221909376413635e+01 5.543113915735819575e+00 -1.893855179888317508e+01 -2.991719091317874835e+00 1.191221909376413635e+01 -2.991719091317874835e+00 7.867819680260781823e+00
-1.706962929440869559e+01 5.471235105540547927e+00 1.168053615484864594e+01 5.471235105540547927e+00 -1.900707075664786316e+01 -2.877979824610412685e+00 1.168053615484864594e+01 -2.877979824610412685e+00 7.552048631333962980e+00
-1.715762805233103094e+01 5.393040507169751585e+00 1.141718247580880075e+01 5.393040507169751585e+00 -1.908695446115862282e+01 -2.754179360460547343e+00 1.141718247580880075e+01 -2.754179360460547343e+00 7.198970368533124109e+00
2.424191094027547777e+01 -2.416381475524631561e+00 2.735152459462099728e+00 -2.416381475524631561e+00 -1.445113167419971134e+01 -1.895900800104241668e+01 2.735152459462099728e+00 -1.895900800104241668e+01 -1.007512947823322946e+01
2.416868561917744529e+01 -2.428468434168553181e+00 2.851277463627661657e+00 -2.428468434168553181e+00 -1.440031232718489207e+01 -1.886263705615311537e+01 2.851277463627661657e+00 -1.886263705615311537e+01 -1.011032598019485995e+01
2.410628444014860250e+01 -2.437019506403208968e+00 2.955261388438955805e+00 -2.437019506403208968e+00 -1.431597422022916533e+01 -1.873415448979190145e+01 2.955261388438955805e+00 -1.873415448979190145e+01 -1.010103525825214277e+01
2.405640318544644529e+01 -2.442197054359635189e+00 3.047446998394839124e+00 -2.442197054359635189e+00 -1.419804519238540763e+01 -1.857446231379787349e+01 3.047446998394839124e+00 -1.857446231379787349e+01 -1.004732947335220850e+01
2.401916813672845308e+01 -2.444181480405652529e+00 3.127942534916004380e+00 -2.444181480405652529e+00 -1.404852770993641187e+01 -1.838448058024691179e+01 3.127942534916004380e+00 -1.838448058024691179e+01 -9.950435361596230877e+00
2.399447105257393176e+01 -2.443099066198733738e+00 3.196928400370270040e+00 -2.443099066198733738e+00 -1.386965876224314620e+01 -1.816498501932064258e+01 3.196928400370270040e+00 -1.816498501932064258e+01 -9.812211067372750506e+00
2.398186092706333028e+01 -2.439076093396353784e+00 3.254621077599020751e+00 -2.439076093396353784e+00 -1.366394594221830694e+01 -1.791653487835930747e+01 3.254621077599020751e+00 -1.791653487835930747e+01 -9.635146143357681936e+00
2.398041770812077544e+01 -2.432292964366332022e+00 3.301327250627549503e+00 -2.432292964366332022e+00 -1.343429372798378552e+01 -1.763952704257210513e+01 3.301327250627549503e+00 -1.763952704257210513e+01 -9.422343510277524814e+00
2.398900486082899164e+01 -2.422894001002923847e+00 3.337245362060458298e+00 -2.422894001002923847e+00 -1.318364267813504753e+01 -1.733403367290616970e+01 3.337245362060458298e+00 -1.733403367290616970e+01 -9.177104531463379899e+00
2.400626936742933992e+01 -2.411023525200385542e+00 3.362700136159822772e+00 -2.411023525200385542e+00 -1.291511375363537617e+01 -1.699985632675689828e+01 3.362700136159822772e+00 -1.699985632675689828e+01 -8.903055294508423145e+00
3.104900157906845237e+01 4.548575929966271469e-01 8.290686341301757523e+00 4.548575929966271469e-01 3.021959364329003961e+01 1.441699735517361702e+01 8.290686341301757523e+00 1.441699735517361702e+01 -9.694234858848187031e+00
3.083258690084062792e+01 4.181321451641394349e-01 8.085628599071918998e+00 4.181321451641394349e-01 3.023344699556002624e+01 1.454535182842636587e+01 8.085628599071918998e+00 1.454535182842636587e+01 -9.962687510069864416e+00
3.064148799325846539e+01 3.815649208981871099e-01 7.863043201749214894e+00 3.815649208981871099e-01 3.027453238167037597e+01 1.465069356294636016e+01 7.863043201749214894e+00 1.465069356294636016e+01 -1.017467192843469803e+01
3.047514228364094535e+01 3.454723673318408905e-01 7.623035631711339022e+00 3.454723673318408905e-01 3.034021274217883857e+01 1.473309288031872377e+01 7.623035631711339022e+00 1.473309288031872377e+01 -1.033386241676556239e+01
3.033400686229139254e+01 3.103115747684251913e-01 7.366221202828150183e+00 3.103115747684251913e-01 3.042857181389070220e+01 1.479212785103270100e+01 7.366221202828150183e+00 1.479212785103270100e+01 -1.044106767329141761e+01
3.021815205079493794e+01 2.765220531149827354e-01 7.093109746591819587e+00 2.765220531149827354e-01 3.053732414528934669e+01 1.482739412597380380e+01 7.093109746591819587e+00 1.482739412597380380e+01 -1.049811605922555913e+01
3.012733172360363909e+01 2.445081514859927529e-01 6.804000129739134373e+00 2.445081514859927529e-01 3.066381509653622928e+01 1.483836429325359063e+01 6.804000129739134373e+00 1.483836429325359063e+01 -1.050767979480280800e+01
3.006096572764018759e+01 2.146214778070893725e-01 6.499068156232911342e+00 2.146214778070893725e-01 3.080526696501885553e+01 1.482449336058732392e+01 6.499068156232911342e+00 1.482449336058732392e+01 -1.047280028857989898e+01
3.001821020388307559e+01 1.871433184187800414e-01 6.178313826073152271e+00 1.871433184187800414e-01 3.095865592257676013e+01 1.478525391608655326e+01 6.178313826073152271e+00 1.478525391608655326e+01 -1.039727490615368311e+01
2.999804548934795889e+01 1.623725400578536759e-01 5.841491013711911151e+00 1.623725400578536759e-01 3.112094056065319947e+01 1.471990758310744241e+01 5.841491013711911151e+00 1.471990758310744241e+01 -1.028495375430985170e+01
2.646707193082594500e+01 3.759022598658880110e+00 -1.690499489111313380e+01 3.759022598658880110e+00 4.478479025820184312e+00 2.316338043155238946e+00 -1.690499489111313380e+01 2.316338043155238946e+00 2.442844088120185830e+01
2.662190646193838361e+01 3.802193525792014306e+00 -1.694935222190415303e+01 3.802193525792014306e+00 4.486376578527885961e+00 2.275734706027971566e+00 -1.694935222190415303e+01 2.275734706027971566e+00 2.463462721243164566e+01
2.673604911833714581e+01 3.839644924843113483e+00 -1.696164123889775155e+01 3.839644924843113483e+00 4.479435231753403635e+00 2.234440775726712403e+00 -1.696164123889775155e+01 2.234440775726712403e+00 2.475728718464297629e+01
2.680806559112240350e+01 3.870792447741876696e+00 -1.694179111202480570e+01 3.870792447741876696e+00 4.456822732184489766e+00 2.192969770252634731e+00 -1.694179111202480570e+01 2.192969770252634731e+00 2.479341051989793598e+01
