-1.906413310357993884e+00 5.731210845378393870e-01 2.913163586768660607e-02 5.731210845378393870e-01 -6.260137194931363336e-01 -2.303659602562425857e+00 2.913163586768660607e-02 -2.303659602562425857e+00 -8.459205002423211273e-01
-1.812544705895448249e+00 5.334109216790934305e-01 1.397269710425911859e-01 5.334109216790934305e-01 -4.111159164815983980e-01 -2.388088906017564295e+00 1.397269710425911859e-01 -2.388088906017564295e+00 -4.472637377724149599e-01
-1.707970993776992685e+00 4.923807033154801727e-01 2.481523519629194596e-01 4.923807033154801727e-01 -1.868873101753824040e-01 -2.476424127130940622e+00 2.481523519629194596e-01 -2.476424127130940622e+00 -3.612973833869512208e-02
-1.592601759242020298e+00 4.502293419203359237e-01 3.545886081498861864e-01 4.502293419203359237e-01 4.631044038308218536e-02 -2.568701431806796887e+00 3.545886081498861864e-01 -2.568701431806796887e+00 3.855104562775982235e-01
-1.467847472556005339e+00 4.074089112966972070e-01 4.589995736992483755e-01 4.074089112966972070e-01 2.860361366573970776e-01 -2.664758073476040323e+00 4.589995736992483755e-01 -2.664758073476040323e+00 8.143114999339933213e-01
-1.334865442654722179e+00 3.642810704869935967e-01 5.614756633716133649e-01 3.642810704869935967e-01 5.303368198184437166e-01 -2.764340890808970386e+00 5.614756633716133649e-01 -2.764340890808970386e+00 1.247181207817718906e+00
-1.195011890947280886e+00 3.213521421506261300e-01 6.621253748797099048e-01 3.213521421506261300e-01 7.770244526595242451e-01 -2.867287137236493866e+00 6.621253748797099048e-01 -2.867287137236493866e+00 1.680918897403275158e+00
-1.049751536555520115e+00 2.790199512342670940e-01 7.610933718405099579e-01 2.790199512342670940e-01 1.023766334356969177e+00 -2.973397900285273732e+00 7.610933718405099579e-01 -2.973397900285273732e+00 2.112179222548189905e+00
-9.005671815534006530e-01 2.376823226845889148e-01 8.585604837752279783e-01 2.376823226845889148e-01 1.268247847039230436e+00 -3.082546599290461042e+00 8.585604837752279783e-01 -3.082546599290461042e+00 2.537707251870599201e+00
-7.491947893445833895e-01 1.977732473525067591e-01 9.548341208699291371e-01 1.977732473525067591e-01 1.508136289882638481e+00 -3.194570487682961701e+00 9.548341208699291371e-01 -3.194570487682961701e+00 2.954012975611059133e+00
-1.214089154766126910e+01 -1.007877369563355963e+01 -5.306381456791295470e+00 -1.007877369563355963e+01 1.738171246784822443e+01 1.971610043282754887e+01 -5.306381456791295470e+00 1.971610043282754887e+01 1.595907587740057476e+00
-1.205951351708113428e+01 -1.010166126673422404e+01 -5.296714208477697916e+00 -1.010166126673422404e+01 1.717383055728381080e+01 1.955462492135061225e+01 -5.296714208477697916e+00 1.955462492135061225e+01 1.416540452518552318e+00
-1.195822384072075550e+01 -1.011637857013701414e+01 -5.275125222971398742e+00 -1.011637857013701414e+01 1.695747176853397065e+01 1.934439834235193345e+01 -5.275125222971398742e+00 1.934439834235193345e+01 1.232231477674051501e+00
-1.183759966773318162e+01 -1.012296167766399613e+01 -5.241488248895168844e+00 -1.012296167766399613e+01 1.673481844683367115e+01 1.908675535324794126e+01 -5.241488248895168844e+00 1.908675535324794126e+01 1.043124950494817904e+00
-1.169942655331066206e+01 -1.012133844567104113e+01 -5.195658998960745123e+00 -1.012133844567104113e+01 1.650698881866695089e+01 1.878322900647642868e+01 -5.195658998960745123e+00 1.878322900647642868e+01 8.499603433331970326e-01
-1.154590487859920422e+01 -1.011152691006918225e+01 -5.137529257701930696e+00 -1.011152691006918225e+01 1.627492075140751027e+01 1.843553271358550916e+01 -5.137529257701930696e+00 1.843553271358550916e+01 6.529360512105504277e-01
-1.137983020980889570e+01 -1.009359921450254838e+01 -5.066882594186331801e+00 -1.009359921450254838e+01 1.603919139420840878e+01 1.804545202976743923e+01 -5.066882594186331801e+00 1.804545202976743923e+01 4.519077868386153218e-01
-1.120417847226015517e+01 -1.006764553852630328e+01 -4.983592757036717558e+00 -1.006764553852630328e+01 1.580014342937926486e+01 1.761466429474826612e+01 -4.983592757036717558e+00 1.761466429474826612e+01 2.462623292422754240e-01
-1.102216005811682287e+01 -1.003379213351768051e+01 -4.887479387142760423e+00 -1.003379213351768051e+01 1.555793918011937649e+01 1.714482881234302170e+01 -4.887479387142760423e+00 1.714482881234302170e+01 3.500770331472510821e-02
-1.083716571865307365e+01 -9.992255430409068495e+00 -4.778326053572066634e+00 -9.992255430409068495e+00 1.531274096962803988e+01 1.663758685045567987e+01 -4.778326053572066634e+00 1.663758685045567987e+01 -1.827578864956772575e-01
2.562795076443737230e+01 -6.954089634825965760e+00 1.563335719266172674e+01 -6.954089634825965760e+00 1.389197430974102510e+01 1.609479430491873586e+01 1.563335719266172674e+01 1.609479430491873586e+01 4.174235974968210883e+01
2.562742348808452419e+01 -6.856279871372387369e+00 1.555082086756235427e+01 -6.856279871372387369e+00 1.432764518422212419e+01 1.584294954291939383e+01 1.555082086756235427e+01 1.584294954291939383e+01 4.226847609455532506e+01
2.555284903591317658e+01 -6.750103989786929937e+00 1.543149822891251510e+01 -6.750103989786929937e+00 1.470719627888160908e+01 1.554045109928964585e+01 1.543149822891251510e+01 1.554045109928964585e+01 4.261716394669468855e+01
2.540435043907233847e+01 -6.636528663383151283e+00 1.527596928070034643e+01 -6.636528663383151283e+00 1.502700696276324877e+01 1.518680684943349846e+01 1.527596928070034643e+01 1.518680684943349846e+01 4.278353721189712644e+01
2.518333376783626321e+01 -6.516731476015748648e+00 1.508484917867083830e+01 -6.516731476015748648e+00 1.528361478781666349e+01 1.478222770389209018e+01 1.508484917867083830e+01 1.478222770389209018e+01 4.276615466813152011e+01
2.489141600302036039e+01 -6.391907587417848369e+00 1.485891126147483376e+01 -6.391907587417848369e+00 1.547371548889733006e+01 1.432736397016726926e+01 1.485891126147483376e+01 1.432736397016726926e+01 4.256445388728816681e+01
2.453063594652231671e+01 -6.263340036714716064e+00 1.459905189891218136e+01 -6.263340036714716064e+00 1.559411025613129631e+01 1.382319989745102440e+01 1.459905189891218136e+01 1.382319989745102440e+01 4.217861062815134687e+01
2.410317300726724099e+01 -6.132294287153191803e+00 1.430632564368857551e+01 -6.132294287153191803e+00 1.564188149369945791e+01 1.327122943540975797e+01 1.430632564368857551e+01 1.327122943540975797e+01 4.160967944342674940e+01
2.361166356701938085e+01 -6.000176409007539569e+00 1.398183977614500506e+01 -6.000176409007539569e+00 1.561414675753957582e+01 1.267322774776473260e+01 1.398183977614500506e+01 1.267322774776473260e+01 4.085922458629451626e+01
2.305906037335469350e+01 -5.868181562010885699e+00 1.362700036655573221e+01 -5.868181562010885699e+00 1.550874421460496499e+01 1.203163788161748116e+01 1.362700036655573221e+01 1.203163788161748116e+01 3.993000546966786857e+01
-2.923599342282770763e+01 3.628322380564418026e+00 -1.930645016961733162e+01 3.628322380564418026e+00 -2.065185482028372732e+01 7.250512459005235000e-01 -1.930645016961733162e+01 7.250512459005235000e-01 -3.152410865269634499e+01
-2.906324198495553190e+01 3.588200672158174509e+00 -1.938701141916182991e+01 3.588200672158174509e+00 -2.067733752697417771e+01 7.045790787500870733e-01 -1.938701141916182991e+01 7.045790787500870733e-01 -3.132041526356026750e+01
-2.884266606893649154e+01 3.545517605852744669e+00 -1.944074384691558066e+01 3.545517605852744669e+00 -2.065434139401067526e+01 6.792833324902328718e-01 -1.944074384691558066e+01 6.792833324902328718e-01 -3.099325320605753831e+01
-2.857473307584708166e+01 3.500534926250963519e+00 -1.946704917950066260e+01 3.500534926250963519e+00 -2.058252989261813681e+01 6.491266150348412589e-01 -1.946704917950066260e+01 6.491266150348412589e-01 -3.054548297477630570e+01
-2.826103216934738072e+01 3.453720034429326180e+00 -1.946523566332386679e+01 3.453720034429326180e+00 -2.046274434473426140e+01 6.142584947283902252e-01 -1.946523566332386679e+01 6.142584947283902252e-01 -2.998003984847694525e+01
-2.790333947352806732e+01 3.405484243335147543e+00 -1.943442458436138409e+01 3.405484243335147543e+00 -2.029580737625366993e+01 5.747724517861786397e-01 -1.943442458436138409e+01 5.747724517861786397e-01 -2.930034520303939871e+01
-2.750391720959937203e+01 3.356388434260219711e+00 -1.937366244441716390e+01 3.356388434260219711e+00 -2.008315858249196850e+01 5.306684862082065024e-01 -1.937366244441716390e+01 5.306684862082065024e-01 -2.851062434419516833e+01
-2.706523325524517887e+01 3.306881312237977433e+00 -1.928199574529516269e+01 3.306881312237977433e+00 -1.982649930336759425e+01 4.818905098652946362e-01 -1.928199574529516269e+01 4.818905098652946362e-01 -2.761568215501061374e+01
-2.659001723275222062e+01 3.257486366474093398e+00 -1.915832142045486108e+01 3.257486366474093398e+00 -1.952779262340181887e+01 4.283450425421442276e-01 -1.915832142045486108e+01 4.283450425421442276e-01 -2.662075352754246182e+01
-2.608118572483781250e+01 3.208745782217300668e+00 -1.900155509939877874e+01 3.208745782217300668e+00 -1.918911380337428341e+01 3.699012119373367713e-01 -1.900155509939877874e+01 3.699012119373367713e-01 -2.553146597075171087e+01
1.435149527355501498e+01 -1.763655755783733792e+00 -1.794228057266555609e+01 -1.763655755783733792e+00 4.045998817770171030e+01 -7.774740947684128045e+00 -1.794228057266555609e+01 -7.774740947684128045e+00 1.479351417205198871e+01
1.425974855273771169e+01 -1.780002141522928349e+00 -1.791793638446169012e+01 -1.780002141522928349e+00 4.041226444852107846e+01 -7.775074189453488493e+00 -1.791793638446169012e+01 -7.775074189453488493e+00 1.460414515185232887e+01
1.416933479899785375e+01 -1.795524192358965987e+00 -1.785902274744671914e+01 -1.795524192358965987e+00 4.033747797986021766e+01 -7.768637361592667823e+00 -1.785902274744671914e+01 -7.768637361592667823e+00 1.436673669974316958e+01
1.408071002738824973e+01 -1.810028978846427217e+00 -1.776582028626852150e+01 -1.810028978846427217e+00 4.023643556758178619e+01 -7.755465542182651717e+00 -1.776582028626852150e+01 -7.755465542182651717e+00 1.408188514310126038e+01
1.399296220780328248e+01 -1.823341110580384949e+00 -1.763860962557498269e+01 -1.823341110580384949e+00 4.010852334526854435e+01 -7.735488575061469696e+00 -1.763860962557498269e+01 -7.735488575061469696e+00 1.374880122510443492e+01
1.390468821700353530e+01 -1.835337814277390178e+00 -1.747767139001398462e+01 -1.835337814277390178e+00 3.995293451705781962e+01 -7.708723999269611937e+00 -1.747767139001398462e+01 -7.708723999269611937e+00 1.336662553276854659e+01
1.381429200230416932e+01 -1.845931394734979802e+00 -1.728319850903095301e+01 -1.845931394734979802e+00 3.976884474804646175e+01 -7.675154275766587375e+00 -1.728319850903095301e+01 -7.675154275766587375e+00 1.293414787229960083e+01
1.371977411308902006e+01 -1.855086773872168138e+00 -1.705534883399031543e+01 -1.855086773872168138e+00 3.955520169580490375e+01 -7.634814482633382582e+00 -1.705534883399031543e+01 -7.634814482633382582e+00 1.244978973005325429e+01
1.361901232545847051e+01 -1.862751334567477102e+00 -1.679413990393256384e+01 -1.862751334567477102e+00 3.931109333022753560e+01 -7.587792315072459104e+00 -1.679413990393256384e+01 -7.587792315072459104e+00 1.191174458485875931e+01
1.350976164222945464e+01 -1.868995232982877619e+00 -1.649944894557425457e+01 -1.868995232982877619e+00 3.903541469176330736e+01 -7.534070234043326764e+00 -1.649944894557425457e+01 -7.534070234043326764e+00 1.131797790801896575e+01
2.280751115230851500e+00 -3.931892840174919246e-01 -9.450545963530771587e+00 -3.931892840174919246e-01 -2.836740290155996647e+01 -4.082128439454567825e+00 -9.450545963530771587e+00 -4.082128439454567825e+00 -6.273501669455527896e+00
2.099701251207674257e+00 -2.841556051364276803e-01 -9.327472432041725270e+00 -2.841556051364276803e-01 -2.848144688078349063e+01 -4.062215707324293490e+00 -9.327472432041725270e+00 -4.062215707324293490e+00 -6.679739757661613986e+00
1.919312086130754436e+00 -1.741859360814980995e-01 -9.186504970758194943e+00 -1.741859360814980995e-01 -2.856675045584478667e+01 -4.043275670864900029e+00 -9.186504970758194943e+00 -4.043275670864900029e+00 -7.059403066029324769e+00
1.742391590521688682e+00 -6.372074281687507835e-02 -9.027900518159281518e+00 -6.372074281687507835e-02 -2.862105623867748960e+01 -4.025693737795036142e+00 -9.027900518159281518e+00 -4.025693737795036142e+00 -7.407628116204263868e+00
1.569490346835692218e+00 4.661598120819778618e-02 -8.852099540209152906e+00 4.661598120819778618e-02 -2.864480469524576023e+01 -4.009873668581860784e+00 -8.852099540209152906e+00 -4.009873668581860784e+00 -7.722983393802871355e+00
1.400938704545893643e+00 1.561451842989554084e-01 -8.659560855620489050e+00 1.561451842989554084e-01 -2.863889511022645351e+01 -3.996145812698501665e+00 -8.659560855620489050e+00 -3.996145812698501665e+00 -8.005193607597538730e+00
1.236993602131393200e+00 2.641694620121255999e-01 -8.450669872111943093e+00 2.641694620121255999e-01 -2.860433688478746106e+01 -3.984730403127045406e+00 -8.450669872111943093e+00 -3.984730403127045406e+00 -8.254093582851703914e+00
1.077618334095176822e+00 3.699914099044359639e-01 -8.225738586408136044e+00 3.699914099044359639e-01 -2.854252482781533118e+01 -3.975847672849577741e+00 -8.225738586408136044e+00 -3.975847672849577741e+00 -8.470032021787000431e+00
9.226477257006800992e-01 4.729686817781358910e-01 -7.985005584239659449e+00 4.729686817781358910e-01 -2.845492715919063542e+01 -3.969552680111620546e+00 -7.985005584239659449e+00 -3.969552680111620546e+00 -8.653743034343717611e+00
7.716046054867163884e-01 5.724405786869674051e-01 -7.728599334846064650e+00 5.724405786869674051e-01 -2.834334244826707661e+01 -3.965882130410187223e+00 -7.728599334846064650e+00 -3.965882130410187223e+00 -8.806492960168849748e+00
3.136936233076106006e+01 -1.062197900584394006e+01 8.482472226775783497e+00 -1.062197900584394006e+01 -7.203320301418012050e+00 -2.306769549734935154e+01 8.482472226775783497e+00 -2.306769549734935154e+01 2.811351383302685747e+01
3.128955758986629831e+01 -1.059857815044788154e+01 8.235482955156294693e+00 -1.059857815044788154e+01 -7.035335589467738515e+00 -2.314221904215549230e+01 8.235482955156294693e+00 -2.314221904215549230e+01 2.821615041155729031e+01
3.114756987684386402e+01 -1.055375022001211960e+01 7.957322179350418523e+00 -1.055375022001211960e+01 -6.881256249037007500e+00 -2.317980977795128794e+01 7.957322179350418523e+00 -2.317980977795128794e+01 2.820331194833848087e+01
3.094487508150977817e+01 -1.048806423229704521e+01 7.649590261809247949e+00 -1.048806423229704521e+01 -6.742789333406989272e+00 -2.318080555903197038e+01 7.649590261809247949e+00 -2.318080555903197038e+01 2.807387818965465698e+01
3.068341142061035853e+01 -1.040235593213823151e+01 7.314403237329237584e+00 -1.040235593213823151e+01 -6.622139786399197980e+00 -2.314545533066771199e+01 7.314403237329237584e+00 -2.314545533066771199e+01 2.782864931673137932e+01
3.036522380172200997e+01 -1.029774557325144713e+01 6.954143867782024202e+00 -1.029774557325144713e+01 -6.521992660570476552e+00 -2.307400803812868517e+01 6.954143867782024202e+00 -2.307400803812868517e+01 2.746883449230947249e+01
2.999257051408129371e+01 -1.017556679101260642e+01 6.571283824064300561e+00 -1.017556679101260642e+01 -6.445068572087690129e+00 -2.296673040849006853e+01 6.571283824064300561e+00 -2.296673040849006853e+01 2.699606964245005614e+01
2.956781653775481900e+01 -1.003740216606779612e+01 6.168437031512861601e+00 -1.003740216606779612e+01 -6.394674936683109046e+00 -2.282388916882705132e+01 6.168437031512861601e+00 -2.282388916882705132e+01 2.641193734779921698e+01
2.909361136168941542e+01 -9.884958751698187385e+00 5.748199633659488939e+00 -9.884958751698187385e+00 -6.373852443013820590e+00 -2.264575104621480861e+01 5.748199633659488939e+00 -2.264575104621480861e+01 2.571898040647369754e+01
2.857260447483189125e+01 -9.720139201040085553e+00 5.313132210425940194e+00 -9.720139201040085553e+00 -6.385801815982020457e+00 -2.243261833133855276e+01 5.313132210425940194e+00 -2.243261833133855276e+01 2.491920816243988313e+01
3.613060238448789363e+01 1.339450949747122444e+01 -1.861284590309287879e+01 1.339450949747122444e+01 1.526430642982007058e+01 1.956214256862789114e+01 -1.861284590309287879e+01 1.956214256862789114e+01 1.690098965823554522e+01
3.607046045529060052e+01 1.343501432204607404e+01 -1.865025660912381511e+01 1.343501432204607404e+01 1.520310968748280978e+01 1.940158242850545633e+01 -1.865025660912381511e+01 1.940158242850545633e+01 1.673415337993028373e+01
3.597429665736333249e+01 1.346247462412329376e+01 -1.865011596737182131e+01 1.346247462412329376e+01 1.513377330374878049e+01 1.920361158235208521e+01 -1.865011596737182131e+01 1.920361158235208521e+01 1.649453499496710052e+01
3.584313064340805965e+01 1.347697830479788017e+01 -1.861289864374987957e+01 1.347697830479788017e+01 1.505724661044395774e+01 1.896812454885377974e+01 -1.861289864374987957e+01 1.896812454885377974e+01 1.618241578684997251e+01
3.567712063539578082e+01 1.347854294428883648e+01 -1.853878044044798301e+01 1.347854294428883648e+01 1.497298462077935177e+01 1.869513890822954139e+01 -1.853878044044798301e+01 1.869513890822954139e+01 1.579807703908289795e+01
3.547621389266949166e+01 1.346736192500515372e+01 -1.842798990031313267e+01 1.346736192500515372e+01 1.488000284249099536e+01 1.838461950004136725e+01 -1.842798990031313267e+01 1.838461950004136725e+01 1.534165939341787244e+01
3.524055105698119661e+01 1.344366378979382581e+01 -1.828065008487832088e+01 1.344366378979382581e+01 1.477708824046792024e+01 1.803640810231826563e+01 -1.828065008487832088e+01 1.803640810231826563e+01 1.481328591138789186e+01
3.497014970854988292e+01 1.340780014303484613e+01 -1.809691921611454646e+01 1.340780014303484613e+01 1.466267617521917188e+01 1.765039923374623854e+01 -1.809691921611454646e+01 1.765039923374623854e+01 1.421285111167895998e+01
3.466527355066055094e+01 1.336019290998420139e+01 -1.787677971380280439e+01 1.336019290998420139e+01 1.453525474791079652e+01 1.722632919104029625e+01 -1.787677971380280439e+01 1.722632919104029625e+01 1.354056595691907283e+01
3.432623902725518406e+01 1.330136949721187101e+01 -1.762033705925709270e+01 1.330136949721187101e+01 1.439296045532884172e+01 1.676384636982044185e+01 -1.762033705925709270e+01 1.676384636982044185e+01 1.279657108886022243e+01
3.893856935411198350e+01 -1.403210925535023534e+01 -6.066134716464148369e+00 -1.403210925535023534e+01 2.827590109141770114e+01 7.563003059407983564e+00 -6.066134716464148369e+00 7.563003059407983564e+00 1.340395244936001795e+01
3.872950358459531373e+01 -1.402954478037368702e+01 -5.973499599964355866e+00 -1.402954478037368702e+01 2.819926341405732728e+01 7.583065278612269644e+00 -5.973499599964355866e+00 7.583065278612269644e+00 1.303492973385716880e+01
3.850051515913839495e+01 -1.401058162187363720e+01 -5.862948049444733911e+00 -1.401058162187363720e+01 2.811255973627880067e+01 7.576697704690910307e+00 -5.862948049444733911e+00 7.576697704690910307e+00 1.262072341162466493e+01
3.825327883690956554e+01 -1.397558613341815814e+01 -5.734916200105377726e+00 -1.397558613341815814e+01 2.801610407542619186e+01 7.543882892235898474e+00 -5.734916200105377726e+00 7.543882892235898474e+00 1.216269422448679904e+01
3.798840520718896840e+01 -1.392483744153531511e+01 -5.590084422858431878e+00 -1.392483744153531511e+01 2.790946029629940384e+01 7.484690622879250910e+00 -5.590084422858431878e+00 7.484690622879250910e+00 1.166152254335571392e+01
3.770648741384873404e+01 -1.385889379928122445e+01 -5.429185424840051510e+00 -1.385889379928122445e+01 2.779170379227424093e+01 7.399277905293001112e+00 -5.429185424840051510e+00 7.399277905293001112e+00 1.111740026771945011e+01
3.740792670127293462e+01 -1.377836579593601840e+01 -5.253004249410407667e+00 -1.377836579593601840e+01 2.766180528427848984e+01 7.287941311413212553e+00 -5.253004249410407667e+00 7.287941311413212553e+00 1.053010060727396358e+01
3.709291496894962847e+01 -1.368396869322784859e+01 -5.062343385337668700e+00 -1.368396869322784859e+01 2.751845636671185602e+01 7.151047194807961915e+00 -5.062343385337668700e+00 7.151047194807961915e+00 9.899030418147122035e+00
3.676155688932682608e+01 -1.357643519829287193e+01 -4.858075103022023278e+00 -1.357643519829287193e+01 2.736029629775006455e+01 6.989084026901354996e+00 -4.858075103022023278e+00 6.989084026901354996e+00 9.223404656978761551e+00
3.641386990781253985e+01 -1.345662013612327179e+01 -4.640949555007630067e+00 -1.345662013612327179e+01 2.718580732689678214e+01 6.802575169933503751e+00 -4.640949555007630067e+00 6.802575169933503751e+00 8.502019590616622935e+00
-1.997377451081476352e+01 1.006072501729425994e+01 1.137898936891615342e+01 1.006072501729425994e+01 -8.557426314012444024e+00 -1.396593238549062654e+01 1.137898936891615342e+01 -1.396593238549062654e+01 5.894079178385213780e+00
-2.008042498217967164e+01 1.000892126478871802e+01 1.118277303246204646e+01 1.000892126478871802e+01 -8.580175237175705405e+00 -1.391574177177506755e+01 1.118277303246204646e+01 -1.391574177177506755e+01 5.710126362959488056e+00
-2.017866146826501961e+01 9.946192163205575199e+00 1.096886716268598150e+01 9.946192163205575199e+00 -8.608570146103904364e+00 -1.384672509513552008e+01 1.096886716268598150e+01 -1.384672509513552008e+01 5.519097734204978956e+00
-2.026736577059138611e+01 9.873087646223234870e+00 1.073708844836182763e+01 9.873087646223234870e+00 -8.641987782628179460e+00 -1.375862571985539518e+01 1.073708844836182763e+01 -1.375862571985539518e+01 5.320919967631233760e+00
-2.034677619375274560e+01 9.790230972010549593e+00 1.048749188285742306e+01 9.790230972010549593e+00 -8.680959749304321349e+00 -1.365131532807640191e+01 1.048749188285742306e+01 -1.365131532807640191e+01 5.115318096399050773e+00
-2.041736934693705052e+01 9.698428709962513494e+00 1.022020578403106228e+01 9.698428709962513494e+00 -8.726292615527322383e+00 -1.352479391979853851e+01 1.022020578403106228e+01 -1.352479391979853851e+01 4.901815511320481988e+00
-2.047995179953928613e+01 9.598560753964569869e+00 9.935065171779227100e+00 9.598560753964569869e+00 -8.778957930795694864e+00 -1.337900650165396321e+01 9.935065171779227100e+00 -1.337900650165396321e+01 4.679440662897015102e+00
-2.053549510105796472e+01 9.491580322392618285e+00 9.631978390488844965e+00 9.491580322392618285e+00 -8.839927244607947543e+00 -1.321397140476529231e+01 9.631978390488844965e+00 -1.321397140476529231e+01 4.447038690404004235e+00
-2.058535575456648203e+01 9.378440633622554756e+00 9.310597148830266789e+00 9.378440633622554756e+00 -8.910337086566116227e+00 -1.302972529137775126e+01 9.310597148830266789e+00 -1.302972529137775126e+01 4.203014786174080974e+00
-2.063087193201561931e+01 9.260204892765960594e+00 8.970536493228607355e+00 9.260204892765960594e+00 -8.991342317394844130e+00 -1.282621316812349832e+01 8.970536493228607355e+00 -1.282621316812349832e+01 3.945627493558971910e+00
-1.715262735889596613e+01 -2.691769180189156785e+00 -1.729021645049625633e+01 -2.691769180189156785e+00 1.048897732542016215e+01 1.273433051851819897e+01 -1.729021645049625633e+01 1.273433051851819897e+01 -2.495565967082289660e+01
-1.702942523706492395e+01 -2.712874937870942027e+00 -1.725908728367321032e+01 -2.712874937870942027e+00 1.051912058314734821e+01 1.276507627624841312e+01 -1.725908728367321032e+01 1.276507627624841312e+01 -2.475796663952672816e+01
-1.685446288770112844e+01 -2.729799710683239233e+00 -1.720519091976608905e+01 -2.729799710683239233e+00 1.057769088647188660e+01 1.276346960957367394e+01 -1.720519091976608905e+01 1.276346960957367394e+01 -2.446659398654782436e+01
-1.662823326535250956e+01 -2.742525241050197682e+00 -1.712783357089262637e+01 -2.742525241050197682e+00 1.066459694751453391e+01 1.272960180637323013e+01 -1.712783357089262637e+01 1.272960180637323013e+01 -2.408364133310885080e+01
-1.635210568820776444e+01 -2.751015013820120370e+00 -1.702624841886714435e+01 -2.751015013820120370e+00 1.077903543293791699e+01 1.266371021513312378e+01 -1.702624841886714435e+01 1.266371021513312378e+01 -2.361153693679777632e+01
-1.602808848961031885e+01 -2.755305544144704744e+00 -1.689959561520058173e+01 -2.755305544144704744e+00 1.091969179728088690e+01 1.256612347221864034e+01 -1.689959561520058173e+01 1.256612347221864034e+01 -2.305347587338821214e+01
-1.565840909381378943e+01 -2.755469862327348363e+00 -1.674692576594877380e+01 -2.755469862327348363e+00 1.108514194962720190e+01 1.243727975945016340e+01 -1.674692576594877380e+01 1.243727975945016340e+01 -2.241309140047417969e+01
-1.524575136446801515e+01 -2.751617513823146677e+00 -1.656730773474340879e+01 -2.751617513823146677e+00 1.127366967784702467e+01 1.227778157683071925e+01 -1.656730773474340879e+01 1.227778157683071925e+01 -2.169474707868365826e+01
-1.479285393795039560e+01 -2.743821528935497689e+00 -1.635966432460937270e+01 -2.743821528935497689e+00 1.148368657284146899e+01 1.208824968193918359e+01 -1.635966432460937270e+01 1.208824968193918359e+01 -2.090275169591707538e+01
-1.430272931427606231e+01 -2.732282740998743353e+00 -1.612290008099571281e+01 -2.732282740998743353e+00 1.171333036187390597e+01 1.186937786265783323e+01 -1.612290008099571281e+01 1.186937786265783323e+01 -2.004190699462279923e+01
-3.550687609364846509e+01 2.677448622244332777e-01 1.971124927736926935e+01 2.677448622244332777e-01 -3.603555810607711862e+01 1.045351524699747126e+00 1.971124927736926935e+01 1.045351524699747126e+00 -1.388052879273080009e+01
-3.534703629563365723e+01 2.733268089224493713e-01 1.979718485541947004e+01 2.733268089224493713e-01 -3.595820288528231146e+01 1.026625602162146045e+00 1.979718485541947004e+01 1.026625602162146045e+00 -1.355315516206337279e+01
-3.516307720766356226e+01 2.782864439953487978e-01 1.985238201077451592e+01 2.782864439953487978e-01 -3.585005266800825297e+01 9.975466771339676075e-01 1.985238201077451592e+01 9.975466771339676075e-01 -1.316464412871023804e+01
-3.495594172613989059e+01 2.825106198749285369e-01 1.987657673244192935e+01 2.825106198749285369e-01 -3.571180519759218441e+01 9.582467551114490778e-01 1.987657673244192935e+01 9.582467551114490778e-01 -1.271859755692586802e+01
-3.472725163287352501e+01 2.858673310649517130e-01 1.986905241915642861e+01 2.858673310649517130e-01 -3.554444108629186871e+01 9.089332733029623634e-01 1.986905241915642861e+01 9.089332733029623634e-01 -1.221782527798729667e+01
-3.447877957309967911e+01 2.883000037813168159e-01 1.982916790136485830e+01 2.883000037813168159e-01 -3.534926153114164293e+01 8.498136689168799274e-01 1.982916790136485830e+01 8.498136689168799274e-01 -1.166545770794814452e+01
-3.421259991890205043e+01 2.897332063118884804e-01 1.975622543572997358e+01 2.897332063118884804e-01 -3.512807689323275895e+01 7.812273846578108305e-01 1.975622543572997358e+01 7.812273846578108305e-01 -1.106534186412731557e+01
-3.393082475822044586e+01 2.900915069445313965e-01 1.964945184720238203e+01 2.900915069445313965e-01 -3.488277296536859495e+01 7.035515790864317331e-01 1.964945184720238203e+01 7.035515790864317331e-01 -1.042138133762781038e+01
-3.363558503692267720e+01 2.893749056792455643e-01 1.950803624487663157e+01 2.893749056792455643e-01 -3.461536754584876974e+01 6.172954162596562266e-01 1.950803624487663157e+01 6.172954162596562266e-01 -9.737385429912469803e+00
-3.332903055880460386e+01 2.875834025160309837e-01 1.933109230613512608e+01 2.875834025160309837e-01 -3.432810472810931657e+01 5.228360547381611934e-01 1.933109230613512608e+01 5.228360547381611934e-01 -9.017333163796429574e+00
-8.543034160675686550e+00 -5.796725473993781463e+00 9.076834977890970713e-01 -5.796725473993781463e+00 -2.638992349050889530e+00 -2.686826940735990821e+00 9.076834977890970713e-01 -2.686826940735990821e+00 2.534772890421005087e+01
-8.620862431782816415e+00 -5.689156329913694243e+00 9.703614395554194250e-01 -5.689156329913694243e+00 -2.627706346860180009e+00 -2.697643445235566872e+00 9.703614395554194250e-01 -2.697643445235566872e+00 2.524754531996356377e+01
-8.725235380042493105e+00 -5.573244573014235037e+00 1.028055482754324457e+00 -5.573244573014235037e+00 -2.644174881256863063e+00 -2.716838677761524767e+00 1.028055482754324457e+00 -2.716838677761524767e+00 2.506202150155181130e+01
-8.855195952468948306e+00 -5.449766680246124650e+00 1.080765627385812389e+00 -5.449766680246124650e+00 -2.688325721826917203e+00 -2.743997313433247154e+00 1.080765627385812389e+00 -2.743997313433247154e+00 2.479057960566262508e+01
-9.010689976251661903e+00 -5.319986683854722287e+00 1.128527988656893521e+00 -5.319986683854722287e+00 -2.760863115107043075e+00 -2.778758200180631466e+00 1.128527988656893521e+00 -2.778758200180631466e+00 2.443381553321168198e+01
-9.191952200236203296e+00 -5.185168616085387150e+00 1.171378681774577935e+00 -5.185168616085387150e+00 -2.862888574911053752e+00 -2.820579609898523188e+00 1.171378681774577935e+00 -2.820579609898523188e+00 2.399145842014640095e+01
-9.399307661285664750e+00 -5.046648739597499045e+00 1.209426052359896753e+00 -5.046648739597499045e+00 -2.995539730259772604e+00 -2.868847584067748091e+00 1.209426052359896753e+00 -2.868847584067748091e+00 2.346332769043172917e+01
-9.633280029901692743e+00 -4.905636913825903278e+00 1.242850676447901037e+00 -4.905636913825903278e+00 -3.160134786209074953e+00 -2.922948164169131502e+00 1.242850676447901037e+00 -2.922948164169131502e+00 2.284886355835900673e+01
-9.894573552620991919e+00 -4.763469401429977879e+00 1.271995648505187981e+00 -4.763469401429977879e+00 -3.358046120625350017e+00 -2.982159046062467844e+00 1.271995648505187981e+00 -2.982159046062467844e+00 2.214781321747916465e+01
-1.018410916722232074e+01 -4.621301889034053367e+00 1.297059602170314907e+00 -4.621301889034053367e+00 -3.590826687410040741e+00 -3.045812098418067659e+00 1.297059602170314907e+00 -3.045812098418067659e+00 2.135862371389075776e+01
-3.333711835490988307e+01 1.393888600993490989e+00 -1.210108442872366119e+01 1.393888600993490989e+00 1.052102331317009032e+01 1.907404777328927281e+01 -1.210108442872366119e+01 1.907404777328927281e+01 -2.318432993614587900e+01
-3.326759625562064571e+01 1.375899849957886723e+00 -1.210163736164483872e+01 1.375899849957886723e+00 1.057034492973902218e+01 1.909618352123369789e+01 -1.210163736164483872e+01 1.909618352123369789e+01 -2.302213627926747819e+01
-3.314337065932968329e+01 1.357855805630164836e+00 -1.208626582643613645e+01 1.357855805630164836e+00 1.063384006018744188e+01 1.907100664222280173e+01 -1.208626582643613645e+01 1.907100664222280173e+01 -2.277989636650011107e+01
-3.296468117030285327e+01 1.339867054594560569e+00 -1.205467492553959374e+01 1.339867054594560569e+00 1.071136125573636555e+01 1.899873830942505393e+01 -1.205467492553959374e+01 1.899873830942505393e+01 -2.246020898257331311e+01
-3.273272580986937186e+01 1.322154770019544401e+00 -1.200636701932615225e+01 1.322154770019544401e+00 1.080198696151717286e+01 1.887987616246950751e+01 -1.200636701932615225e+01 1.887987616246950751e+01 -2.206521213478229626e+01
-3.244879475484531639e+01 1.304829538489351570e+00 -1.194086289926412547e+01 1.304829538489351570e+00 1.090464817388225072e+01 1.871502842756946094e+01 -1.194086289926412547e+01 1.871502842756946094e+01 -2.159717284810387739e+01
-3.211465739057843649e+01 1.288094102075080238e+00 -1.185753590804284840e+01 1.288094102075080238e+00 1.101811000930763917e+01 1.850504293520405241e+01 -1.185753590804284840e+01 1.850504293520405241e+01 -2.105889264933868787e+01
-3.173221212009812220e+01 1.272132771750456026e+00 -1.175575938835165068e+01 1.272132771750456026e+00 1.114100856658777161e+01 1.825091496463139862e+01 -1.175575938835165068e+01 1.825091496463139862e+01 -2.045337580735845506e+01
-3.130368910618643952e+01 1.257074565197086491e+00 -1.163477766519826240e+01 1.257074565197086491e+00 1.127175877134861004e+01 1.795375038169384396e+01 -1.163477766519826240e+01 1.795375038169384396e+01 -1.978393991969023347e+01
-3.083137380491759316e+01 1.243066931193951952e+00 -1.149389035688252569e+01 1.243066931193951952e+00 1.140897829128721064e+01 1.761485779430485366e+01 -1.149389035688252569e+01 1.761485779430485366e+01 -1.905392101495845480e+01
6.283914826662395825e+01 -4.657065505457859800e+00 5.248009777385811425e+00 -4.657065505457859800e+00 6.518670776122205268e+01 5.048082241182691443e-02 5.248009777385811425e+00 5.048082241182691443e-02 7.104038678132572215e+01
6.296171100754941108e+01 -4.586929027276378079e+00 5.420667606864135735e+00 -4.586929027276378079e+00 6.517027214462285656e+01 -1.556352265720112316e-01 5.420667606864135735e+00 -1.556352265720112316e-01 7.115875676291464913e+01
6.295850773941629797e+01 -4.511123938471906847e+00 5.574458019328073277e+00 -4.511123938471906847e+00 6.502857365008547674e+01 -3.754196709929387143e-01 5.574458019328073277e+00 -3.754196709929387143e-01 7.096857319940961872e+01
6.282829740546102215e+01 -4.430522332986445377e+00 5.708911425731932887e+00 -4.430522332986445377e+00 6.476218249287967410e+01 -6.083190666185335216e-01 5.708911425731932887e+00 -6.083190666185335216e-01 7.046817575811338941e+01
6.257054333248846234e+01 -4.346281412396875155e+00 5.823709176366137719e+00 -4.346281412396875155e+00 6.437265837947865066e+01 -8.534277774321051835e-01 5.823709176366137719e+00 -8.534277774321051835e-01 6.965895643512564561e+01
6.218524552049866116e+01 -4.259625462429463383e+00 5.918599705670494870e+00 -4.259625462429463383e+00 6.386219831577473371e+01 -1.109622143931463301e+00 5.918599705670494870e+00 -1.109622143931463301e+00 6.854405141443015737e+01
6.167275616127587057e+01 -4.171795539847821921e+00 5.993482387420929314e+00 -4.171795539847821921e+00 6.323346889670597193e+01 -1.375711422465033307e+00 5.993482387420929314e+00 -1.375711422465033307e+00 6.712802241818505422e+01
6.103346098867905312e+01 -4.083965617266182235e+00 6.048390763692133021e+00 -4.083965617266182235e+00 6.248915348824773730e+01 -1.650085593447587762e+00 6.048390763692133021e+00 -1.650085593447587762e+00 6.541605169693028188e+01
6.027255902428549206e+01 -3.997561232858962033e+00 6.083710568343065006e+00 -3.997561232858962033e+00 6.163599404741316334e+01 -1.931553913227551655e+00 6.083710568343065006e+00 -1.931553913227551655e+00 6.342162316469212158e+01
5.939350510178852005e+01 -3.913739588203044573e+00 6.099793993157996752e+00 -3.913739588203044573e+00 6.067960887171322071e+01 -2.218170941472774604e+00 6.099793993157996752e+00 -2.218170941472774604e+00 6.115654363176223285e+01
-2.347672718816692594e+01 -1.126186545156855345e+01 -2.837885932402184785e+00 -1.126186545156855345e+01 -5.477104488656617143e+00 -2.351437962994603126e+01 -2.837885932402184785e+00 -2.351437962994603126e+01 1.946038748909596450e+01
-2.338891415979233912e+01 -1.125575767325178766e+01 -2.831448992379724139e+00 -1.125575767325178766e+01 -5.542461373998302854e+00 -2.315072909219987807e+01 -2.831448992379724139e+00 -2.315072909219987807e+01 1.948739703572429960e+01
-2.331282294549274425e+01 -1.123650171346868909e+01 -2.824481736275868293e+00 -1.123650171346868909e+01 -5.634187769318361738e+00 -2.274873121574037782e+01 -2.824481736275868293e+00 -2.274873121574037782e+01 1.944917770434093995e+01
-2.324903872163381990e+01 -1.120449988097066196e+01 -2.816874443522051408e+00 -1.120449988097066196e+01 -5.751204755692576498e+00 -2.230942834596888957e+01 -2.816874443522051408e+00 -2.230942834596888957e+01 1.934490659068165641e+01
-2.319898785560690513e+01 -1.115998990365626220e+01 -2.808462533265427385e+00 -1.115998990365626220e+01 -5.892908869993839893e+00 -2.183472230607387132e+01 -2.808462533265427385e+00 -2.183472230607387132e+01 1.917485799616785158e+01
-2.316418814861047792e+01 -1.110337409027689581e+01 -2.799063137891721009e+00 -1.110337409027689581e+01 -6.059007524039314418e+00 -2.132658806628948156e+01 -2.799063137891721009e+00 -2.132658806628948156e+01 1.893932450898237363e+01
-2.314641341650300177e+01 -1.103521933043681180e+01 -2.788438529502375918e+00 -1.103521933043681180e+01 -6.249134982600449639e+00 -2.078703717037274501e+01 -2.788438529502375918e+00 -2.078703717037274501e+01 1.863867186435376411e+01
-2.314736432809722899e+01 -1.095611080050168873e+01 -2.776387553721690438e+00 -1.095611080050168873e+01 -6.463108378062972115e+00 -2.021820916941067381e+01 -2.776387553721690438e+00 -2.021820916941067381e+01 1.827321093722629897e+01
-2.316888784629733067e+01 -1.086681654445147949e+01 -2.762617622366825287e+00 -1.086681654445147949e+01 -6.700781416335463092e+00 -1.962204246011457087e+01 -2.762617622366825287e+00 -1.962204246011457087e+01 1.784338060987422736e+01
-2.321273950020034249e+01 -1.076804974598185538e+01 -2.746836147254940741e+00 -1.076804974598185538e+01 -6.962007803326500266e+00 -1.900060344652573718e+01 -2.746836147254940741e+00 -1.900060344652573718e+01 1.734967462485609246e+01
-3.659168523703605302e+01 -1.035309188049429174e+01 1.516033272026201750e+01 -1.035309188049429174e+01 -4.750742151134388358e+00 -5.898805171593273222e+00 1.516033272026201750e+01 -5.898805171593273222e+00 -2.023965592533047442e+01
-3.659174101066747653e+01 -1.036839244671516624e+01 1.521372667674604173e+01 -1.036839244671516624e+01 -4.801607702993821114e+00 -5.897522378070503279e+00 1.521372667674604173e+01 -5.897522378070503279e+00 -2.032604928040750991e+01
-3.654591367684675873e+01 -1.037779959921548389e+01 1.524239432329839694e+01 -1.037779959921548389e+01 -4.830070846230952064e+00 -5.890197441143376622e+00 1.524239432329839694e+01 -5.890197441143376622e+00 -2.033281648102039085e+01
-3.645461224220433394e+01 -1.038138770283714862e+01 1.524626129507718453e+01 -1.038138770283714862e+01 -4.836020033582932420e+00 -5.876867543232845215e+00 1.524626129507718453e+01 -5.876867543232845215e+00 -2.026116595584997881e+01
-3.631863612879062941e+01 -1.037897084547540594e+01 1.522523463603002902e+01 -1.037897084547540594e+01 -4.820087366205910051e+00 -5.857514093128434851e+00 1.522523463603002902e+01 -5.857514093128434851e+00 -2.011189712694669396e+01
-3.613932390375984482e+01 -1.037049325349883411e+01 1.517918420768360477e+01 -1.037049325349883411e+01 -4.783220995834106759e+00 -5.832044134777768285e+00 1.517918420768360477e+01 -5.832044134777768285e+00 -1.988670179446376451e+01
-3.591812568152902685e+01 -1.035580619722363238e+01 1.510794268914364302e+01 -1.035580619722363238e+01 -4.726573577516968605e+00 -5.800439076970373087e+00 1.510794268914364302e+01 -5.800439076970373087e+00 -1.958753203550104871e+01
-3.565671467104091619e+01 -1.033481672059742706e+01 1.501141712435775943e+01 -1.033481672059742706e+01 -4.651502269619166796e+00 -5.762698919706247480e+00 1.501141712435775943e+01 -5.762698919706247480e+00 -1.921680470742029812e+01
-3.535685703729063079e+01 -1.030743186756784091e+01 1.488942160122121372e+01 -1.030743186756784091e+01 -4.559438595347270251e+00 -5.718767889353967959e+00 1.488942160122121372e+01 -5.718767889353967959e+00 -1.877686230274135326e+01
-3.502033753648376546e+01 -1.027350290845107850e+01 1.474171443399782611e+01 -1.027350290845107850e+01 -4.451795486697375459e+00 -5.668627394703058542e+00 1.474171443399782611e+01 -5.668627394703058542e+00 -1.827040054698307259e+01
-1.797380798399529311e+01 5.199466747445815606e+00 1.822975277894094148e+01 5.199466747445815606e+00 1.447084348897202233e+01 -8.034766510679865803e+00 1.822975277894094148e+01 -8.034766510679865803e+00 -1.159447870055189123e+00
-1.790567448966889330e+01 5.127181424965947976e+00 1.822161229491950607e+01 5.127181424965947976e+00 1.455362622848621257e+01 -8.084552188013629959e+00 1.822161229491950607e+01 -8.084552188013629959e+00 -9.679198673771539640e-01
-1.780920340842601135e+01 5.051886480331161167e+00 1.818805319486677163e+01 5.051886480331161167e+00 1.462970077404064462e+01 -8.129098221957205439e+00 1.818805319486677163e+01 -8.129098221957205439e+00 -7.627941742401521674e-01
-1.768510182017050525e+01 4.974053300144035461e+00 1.812882165522751521e+01 4.974053300144035461e+00 1.469826939446172887e+01 -8.167806314130398704e+00 1.812882165522751521e+01 -8.167806314130398704e+00 -5.466815472123049968e-01
