5.956255937561905425e-03 -3.346617228878554506e-01 -9.508044431717762590e-01 -3.346617228878554506e-01 3.902593081259203567e-01 1.647402117446639336e+00 -9.508044431717762590e-01 1.647402117446639336e+00 3.182599574422568245e-01
6.778691013412849187e-02 -2.982956054157674397e-01 -8.691834477925046709e-01 -2.982956054157674952e-01 4.796744655229354115e-01 1.474745281737695812e+00 -8.691834477925046709e-01 1.474745281737695812e+00 5.117837111097018887e-01
1.446268431993645853e-01 -2.611984266798382803e-01 -7.888192983115644985e-01 -2.611984266798382803e-01 5.821450857530072742e-01 1.303419617788396989e+00 -7.888192983115644985e-01 1.303419617788396989e+00 7.233000021439108806e-01
2.354254704025008083e-01 -2.236008949551729352e-01 -7.098396997525117103e-01 -2.236008949551729630e-01 6.964794674831076282e-01 1.133457095339338361e+00 -7.098396997525117103e-01 1.133457095339338361e+00 9.498793923002449846e-01
3.388588646490607315e-01 -1.858445519163954285e-01 -6.322812932295253097e-01 -1.858445519163954562e-01 8.211263484194558648e-01 9.651920750659825909e-01 -6.322812932295253097e-01 9.651920750659825909e-01 1.188719023998956681e+00
4.527930869525767510e-01 -1.481957095635803301e-01 -5.562120404486222691e-01 -1.481957095635803578e-01 9.541871692241095104e-01 7.989770005959155874e-01 -5.562120404486222691e-01 7.989770005959155874e-01 1.436817127186897913e+00
5.749617986261518210e-01 -1.111067429708705451e-01 -4.816758504925965911e-01 -1.111067429708705867e-01 1.093082037413822150e+00 6.350251464009017965e-01 -4.816758504925965911e-01 6.350251464009017965e-01 1.690774106864116888e+00
7.025816972786476100e-01 -7.475428549598518713e-02 -4.086756212275849953e-01 -7.475428549598507610e-02 1.235784190113843106e+00 4.736931522721792298e-01 -4.086756212275849953e-01 4.736931522721792298e-01 1.946412801089184130e+00
8.333158859221118098e-01 -3.967320985627367791e-02 -3.371908470452589235e-01 -3.967320985627371260e-02 1.379422634099433997e+00 3.150527008694852804e-01 -3.371908470452589235e-01 3.150527008694852804e-01 2.200062370580237570e+00
9.638169436345559449e-01 -5.906474714873058418e-03 -2.670817096410386116e-01 -5.906474714873050612e-03 1.521811406941597777e+00 1.592736327917220196e-01 -2.670817096410386116e-01 1.592736327917220196e-01 2.447545653395847065e+00
-2.473928244792706721e+01 9.659946188862608807e+00 2.211373761613945277e+00 9.659946188862608807e+00 3.671409033306043401e+00 1.345895134930379733e+01 2.211373761613945277e+00 1.345895134930379733e+01 5.567292643010556930e+00
-2.471882978122254926e+01 9.616646486071726230e+00 2.220073912955633944e+00 9.616646486071726230e+00 3.757496665279476122e+00 1.327900809308756891e+01 2.220073912955633944e+00 1.327900809308756891e+01 5.705051131796918362e+00
-2.467732128606083819e+01 9.564811130598974032e+00 2.220348077388670571e+00 9.564811130598974032e+00 3.825763609105542251e+00 1.307471903521770429e+01 2.220348077388670571e+00 1.307471903521770429e+01 5.831020549962714128e+00
-2.461466557429758595e+01 9.504604621104178364e+00 2.212854249552342001e+00 9.504604621104178364e+00 3.875899145093466558e+00 1.284562723497247916e+01 2.212854249552342001e+00 1.284562723497247916e+01 5.944871900188300806e+00
-2.453146580768546769e+01 9.436520453566805244e+00 2.198085925426113807e+00 9.436520453566805244e+00 3.906843170768843354e+00 1.259191546864058431e+01 2.198085925426113807e+00 1.259191546864058431e+01 6.045270915566233860e+00
-2.442954974911139843e+01 9.360814514791016450e+00 2.176536600989452008e+00 9.360814514791016450e+00 3.917499028399525240e+00 1.231404067694374938e+01 2.176536600989452008e+00 1.231404067694374938e+01 6.130024280632222933e+00
-2.431041616414264439e+01 9.278345853333664905e+00 2.148315942015571078e+00 9.278345853333664905e+00 3.906221731387294227e+00 1.201213080328405525e+01 2.148315942015571078e+00 1.201213080328405525e+01 6.196975235179714048e+00
-2.417624009061462687e+01 9.189023081050402553e+00 2.113990554999412463e+00 9.189023081050402553e+00 3.872188786433040431e+00 1.168673417652757429e+01 2.113990554999412463e+00 1.168673417652757429e+01 6.244296016321798426e+00
-2.402917828873389539e+01 9.094180464848673040e+00 2.073432496538892611e+00 9.094180464848673040e+00 3.813901427969500268e+00 1.133814323873621355e+01 2.073432496538892611e+00 1.133814323873621355e+01 6.269025648181682620e+00
-2.387199068045968886e+01 8.993342786377882092e+00 2.027098707355739382e+00 8.993342786377882092e+00 3.730390941666609894e+00 1.096677837537396272e+01 2.027098707355739382e+00 1.096677837537396272e+01 6.269226702099243376e+00
2.008945691264271360e+01 -1.248860615134889507e+01 1.283505833358838011e+01 -1.248860615134889507e+01 2.926157925511735147e+00 -2.197443617518413816e+01 1.283505833358838011e+01 -2.197443617518413816e+01 1.110781717402595348e+01
2.024908858741284945e+01 -1.240973709985939522e+01 1.272716046926299605e+01 -1.240973709985939522e+01 2.946880031905351416e+00 -2.197975961286111612e+01 1.272716046926299605e+01 -2.197975961286111612e+01 1.133388463644941879e+01
2.038197802660432956e+01 -1.231205737765224306e+01 1.258014069717724936e+01 -1.231205737765224306e+01 2.967584274414146073e+00 -2.193534999519341611e+01 1.258014069717724936e+01 -2.193534999519341611e+01 1.151125514884788714e+01
2.048724989986086698e+01 -1.219615649292656556e+01 1.239385610625256362e+01 -1.219615649292656556e+01 2.988949480661358127e+00 -2.184135023325961455e+01 1.239385610625256362e+01 -2.184135023325961455e+01 1.163690971468642132e+01
2.056351082416633957e+01 -1.206282045661453495e+01 1.216875329360948932e+01 -1.206282045661453495e+01 3.010868467338054355e+00 -2.169783178259899614e+01 1.216875329360948932e+01 -2.169783178259899614e+01 1.170988368418463210e+01
2.060886722772961122e+01 -1.191299605461172106e+01 1.190547535910162402e+01 -1.191299605461172106e+01 3.032644542936174137e+00 -2.150502687371425026e+01 1.190547535910162402e+01 -2.150502687371425026e+01 1.172847998828442151e+01
2.062208650249795383e+01 -1.174795162274049076e+01 1.160511199970311225e+01 -1.174795162274049076e+01 3.053116554942282068e+00 -2.126323919264735096e+01 1.160511199970311225e+01 -2.126323919264735096e+01 1.169144815504824209e+01
2.060170380991595707e+01 -1.156884831351428389e+01 1.126873504850328089e+01 -1.156884831351428389e+01 3.071337717460806971e+00 -2.097284388097956409e+01 1.126873504850328089e+01 -2.097284388097956409e+01 1.159725189038139526e+01
2.054748691948093153e+01 -1.137752610706976952e+01 1.089795225513611676e+01 -1.137752610706976952e+01 3.085771736397050269e+00 -2.063425180806179071e+01 1.089795225513611676e+01 -2.063425180806179071e+01 1.144492654450349001e+01
2.045793526486782810e+01 -1.117518188369002985e+01 1.049426418592667609e+01 -1.117518188369002985e+01 3.095060956504533944e+00 -2.024803461820834727e+01 1.049426418592667609e+01 -2.024803461820834727e+01 1.123298941497429304e+01
-3.449963829905372137e+01 3.200142370797181446e+00 7.385750039795009769e+00 3.200142370797181446e+00 -5.140868558303608182e+01 4.185531037236076557e+00 7.385750039795009769e+00 4.185531037236076557e+00 -4.537975835889582044e+01
-3.442609096571146665e+01 3.234914032692516983e+00 7.443511230216187435e+00 3.234914032692516983e+00 -5.148127501935642414e+01 4.182523240587278757e+00 7.443511230216187435e+00 4.182523240587278757e+00 -4.539366702365395412e+01
-3.429723465832412899e+01 3.264991999180493210e+00 7.489471129327433196e+00 3.264991999180493210e+00 -5.148955124962572683e+01 4.176909964038885370e+00 7.489471129327433196e+00 4.176909964038885370e+00 -4.524097823836148535e+01
-3.411226474339329684e+01 3.290587007605930481e+00 7.523533947426554569e+00 3.290587007605930481e+00 -5.143349511590355405e+01 4.168078153496874272e+00 7.523533947426554569e+00 4.168078153496874272e+00 -4.491979536691503228e+01
-3.387234985528569098e+01 3.311296741219626583e+00 7.545469789228295809e+00 3.311296741219626583e+00 -5.131345146111777922e+01 4.155625492212043248e+00 7.545469789228295809e+00 4.155625492212043248e+00 -4.443297294243989626e+01
-3.357890768159376194e+01 3.327255305604648328e+00 7.554895495923891424e+00 3.327255305604648328e+00 -5.113053144581382981e+01 4.139207137256504687e+00 7.554895495923891424e+00 4.139207137256504687e+00 -4.378225433751594409e+01
-3.323258959229239196e+01 3.338060384011793946e+00 7.551466224585452913e+00 3.338060384011793946e+00 -5.088494580733652128e+01 4.118363298059741773e+00 7.551466224585452913e+00 4.118363298059741773e+00 -4.297051324320890586e+01
-3.283605854110249567e+01 3.343903555845445297e+00 7.534913764046847540e+00 3.343903555845445297e+00 -5.057813139121873292e+01 4.092576710229922199e+00 7.534913764046847540e+00 4.092576710229922199e+00 -4.200242419698570728e+01
-3.238987010829678326e+01 3.344286714654209458e+00 7.504816639618431928e+00 3.344286714654209458e+00 -5.021056714597139603e+01 4.061521688779596850e+00 7.504816639618431928e+00 4.061521688779596850e+00 -4.087860025294036603e+01
-3.189707040640492508e+01 3.339765440710793509e+00 7.460734218670130424e+00 3.339765440710793509e+00 -4.978414970769790671e+01 4.024719285197812191e+00 7.460734218670130424e+00 4.024719285197812191e+00 -3.960716437781868393e+01
-2.761910946882575857e+01 2.805135709654902887e-01 1.545206929183402877e+01 2.805135709654902887e-01 -3.804883433783182056e+01 -3.801411936764302890e+00 1.545206929183402877e+01 -3.801411936764302890e+00 -3.341913340599190008e+01
-2.753338859899034574e+01 3.116418938808397932e-01 1.544840713619693062e+01 3.116418938808397932e-01 -3.811609341275443796e+01 -3.694756373106495406e+00 1.544840713619693062e+01 -3.694756373106495406e+00 -3.340488120235266933e+01
-2.740200404623665165e+01 3.435819317054434330e-01 1.541739207582705440e+01 3.435819317054434330e-01 -3.813040224766641018e+01 -3.583626938902333858e+00 1.541739207582705440e+01 -3.583626938902333858e+00 -3.326130204886925412e+01
-2.722637159238315974e+01 3.763903157120397913e-01 1.535891084817893493e+01 3.763903157120397913e-01 -3.809232715529511637e+01 -3.467589461060821332e+00 1.535891084817893493e+01 -3.467589461060821332e+00 -3.299054793390573082e+01
-2.700741621488458932e+01 4.103502022643221725e-01 1.527277468234343516e+01 4.103502022643221725e-01 -3.800237781709521556e+01 -3.346360783218266022e+00 1.527277468234343516e+01 -3.346360783218266022e+00 -3.259461982909885336e+01
-2.674664808101397995e+01 4.454993455441164651e-01 1.515892694704781540e+01 4.454993455441164651e-01 -3.786072412688491085e+01 -3.219374592647279876e+00 1.515892694704781540e+01 -3.219374592647279876e+00 -3.207585849372182452e+01
-2.644529420168066380e+01 4.816867288241195033e-01 1.501719774847386724e+01 4.816867288241195033e-01 -3.766834769339168787e+01 -3.086366610075083283e+00 1.501719774847386724e+01 -3.086366610075083283e+00 -3.143652917868418939e+01
-2.610594073833970796e+01 5.192143855589375079e-01 1.484771922625797380e+01 5.192143855589375079e-01 -3.742617349407026950e+01 -2.946827154047027442e+00 1.484771922625797380e+01 -2.946827154047027442e+00 -3.068110575453230737e+01
-2.572987133317318609e+01 5.579312990212672574e-01 1.465018934694553288e+01 5.579312990212672574e-01 -3.713588159001190547e+01 -2.800284297290291047e+00 1.465018934694553288e+01 -2.800284297290291047e+00 -2.981311823726688104e+01
-2.531980428727255727e+01 5.975920670292413917e-01 1.442474025017293116e+01 5.975920670292413917e-01 -3.679796278558032441e+01 -2.646096218713835935e+00 1.442474025017293116e+01 -2.646096218713835935e+00 -2.883707825161609506e+01
-1.463189597460968727e+01 8.894448000065707793e-01 -5.654464584780861003e+00 8.894448000065707793e-01 -6.359970858255629800e+00 -5.273463548262938616e+00 -5.654464584780861003e+00 -5.273463548262938616e+00 -3.163281842321209325e+01
-1.485763954956058264e+01 8.218525987046249037e-01 -5.611240229162354431e+00 8.218525987046249037e-01 -6.511689268104638550e+00 -5.256081643210379184e+00 -5.611240229162354431e+00 -5.256081643210379184e+00 -3.216430288798991910e+01
-1.502532055726273796e+01 7.551082952101210166e-01 -5.559629058274586200e+00 7.551082952101210166e-01 -6.613897819023452307e+00 -5.229501890203178682e+00 -5.559629058274586200e+00 -5.229501890203178682e+00 -3.256016056869911068e+01
-1.513882826809376425e+01 6.893777825723410579e-01 -5.499907560533024764e+00 6.893777825723410579e-01 -6.670375186023496106e+00 -5.193963912534743876e+00 -5.499907560533024764e+00 -5.193963912534743876e+00 -3.282839119682725482e+01
-1.519676180741528704e+01 6.248822515236612807e-01 -5.432499684841391563e+00 6.248822515236612807e-01 -6.679923252637734343e+00 -5.149412412521980009e+00 -5.432499684841391563e+00 -5.149412412521980009e+00 -3.296619302309760258e+01
-1.520074324059805626e+01 5.619719207236772984e-01 -5.357626621932064737e+00 5.619719207236772984e-01 -6.644274679603110911e+00 -5.095847390164888857e+00 -5.357626621932064737e+00 -5.095847390164888857e+00 -3.297623876885968031e+01
-1.515143613983920723e+01 5.005361948062011512e-01 -5.275583292781543143e+00 5.005361948062011512e-01 -6.563742820457160398e+00 -5.032992357047999299e+00 -5.275583292781543143e+00 -5.032992357047999299e+00 -3.285911827606651059e+01
-1.504900639818801800e+01 4.411649157242355512e-01 -5.186572455561173633e+00 4.411649157242355512e-01 -6.438954382274947541e+00 -4.960681420122028840e+00 -5.186572455561173633e+00 -4.960681420122028840e+00 -3.261555041459830306e+01
-1.489503921589318480e+01 3.834894322571539282e-01 -5.090815301003330795e+00 3.834894322571539282e-01 -6.271107481523510607e+00 -4.878564360727382088e+00 -5.090815301003330795e+00 -4.878564360727382088e+00 -3.224807887787739702e+01
-1.468942399758851991e+01 3.282101817241471764e-01 -4.988477722157298011e+00 3.282101817241471764e-01 -6.060589201984508456e+00 -4.786180364838275914e+00 -4.988477722157298011e+00 -4.786180364838275914e+00 -3.175655620541551727e+01
1.938957760688865051e+01 3.085689459749272334e+00 5.414514706488799511e+00 3.085689459749272334e+00 2.003176864999235107e+01 -2.027575298534404169e+01 5.414514706488799511e+00 -2.027575298534404169e+01 3.415177432077165953e+00
1.954733084124337594e+01 3.095856213014963387e+00 5.470600408186617081e+00 3.095856213014963387e+00 1.999014351358517771e+01 -2.023004695321067103e+01 5.470600408186617081e+00 -2.023004695321067103e+01 3.562338080568687282e+00
1.970228067766445790e+01 3.103698630019213756e+00 5.514230506407096222e+00 3.103698630019213756e+00 1.994933455632324026e+01 -2.014103019730496413e+01 5.514230506407096222e+00 -2.014103019730496413e+01 3.696670522060043318e+00
1.985362868003155157e+01 3.109376397986091778e+00 5.545387258125339613e+00 3.109376397986091778e+00 1.991097413649702119e+01 -2.000893337695056573e+01 5.545387258125339613e+00 -2.000893337695056573e+01 3.816613370360343094e+00
1.999958280283011192e+01 3.112942745990286753e+00 5.563946462167072227e+00 3.112942745990286753e+00 1.987575423207747960e+01 -1.983402263752092765e+01 5.563946462167072227e+00 -1.983402263752092765e+01 3.920906870701934999e+00
2.013742836325097230e+01 3.114592847305660772e+00 5.569766174333122599e+00 3.114592847305660772e+00 1.984333772559158504e+01 -1.961658186741439280e+01 5.569766174333122599e+00 -1.961658186741439280e+01 4.007386374047446687e+00
2.026519588553062690e+01 3.114379931006903135e+00 5.562722193449213925e+00 3.114379931006903135e+00 1.981416819266174656e+01 -1.935671752478033980e+01 5.562722193449213925e+00 -1.935671752478033980e+01 4.074224348832538922e+00
2.038077394970638778e+01 3.112499170367874601e+00 5.542690318341072953e+00 3.112499170367874601e+00 1.978794400186473368e+01 -1.905471349801711511e+01 5.542690318341072953e+00 -1.905471349801711511e+01 4.119238402994945147e+00
2.048178499044212941e+01 3.109039280513058223e+00 5.509564090859318419e+00 3.109039280513058223e+00 1.976422157757811959e+01 -1.871055204409982053e+01 5.509564090859318419e+00 -1.871055204409982053e+01 4.140157429347911311e+00
2.056594015752619953e+01 3.104053490517143299e+00 5.463201566804779752e+00 3.104053490517143299e+00 1.974211376855708622e+01 -1.832421542000356141e+01 5.463201566804779752e+00 -1.832421542000356141e+01 4.134337717181860938e+00
5.379226845219321262e+00 -5.363977404565305029e+00 9.745833890276749401e+00 -5.363977404565305029e+00 2.231391752829155806e+01 4.843112029040968380e+00 9.745833890276749401e+00 4.843112029040968380e+00 1.411932720550116116e+01
5.233600914866384457e+00 -5.288726664161765179e+00 9.678946320360243050e+00 -5.288726664161765179e+00 2.209284512375772280e+01 4.769355982937239169e+00 9.678946320360243050e+00 4.769355982937239169e+00 1.363360494000212420e+01
5.085341475509020270e+00 -5.211073736490673625e+00 9.588054671747975988e+00 -5.211073736490673625e+00 2.185264419098227151e+01 4.688767048605805954e+00 9.588054671747975988e+00 4.688767048605805954e+00 1.310604902808816163e+01
4.934395145207949973e+00 -5.131712586762655626e+00 9.473479236075618815e+00 -5.131712586762655626e+00 2.159436457477102067e+01 4.601469783904986954e+00 9.473479236075618815e+00 4.601469783904986954e+00 1.254094781888134769e+01
4.780210310590622846e+00 -5.051319386208578344e+00 9.335593686918127077e+00 -5.051319386208578344e+00 2.131848671257747796e+01 4.507642128632377343e+00 9.335593686918127077e+00 4.507642128632377343e+00 1.193933336320774075e+01
4.622288740223771342e+00 -4.970570306059308052e+00 9.174842873769494034e+00 -4.970570306059308052e+00 2.102598927328843104e+01 4.407657756362930890e+00 9.174842873769494034e+00 4.407657756362930890e+00 1.130239785771123984e+01
4.459776323078930460e+00 -4.890177105505230770e+00 8.991689440103463937e+00 -4.890177105505230770e+00 2.071735269435738402e+01 4.301961516590637302e+00 8.991689440103463937e+00 4.301961516590637302e+00 1.063094203148102324e+01
4.291694390269322312e+00 -4.810691397918895440e+00 8.786507059494994110e+00 -4.810691397918895440e+00 2.039289726742001108e+01 4.190838112991652764e+00 8.786507059494994110e+00 4.190838112991652764e+00 9.925161618294454868e+00
4.116459277596336008e+00 -4.732842736470447953e+00 8.559651611539276672e+00 -4.732842736470447953e+00 2.005255181655727625e+01 4.074785776999245712e+00 8.559651611539276672e+00 4.074785776999245712e+00 9.184611768657537922e+00
3.932647466679199955e+00 -4.657040382694358271e+00 8.311354417973188191e+00 -4.657040382694358271e+00 1.969599605013350896e+01 3.954213770147890106e+00 8.311354417973188191e+00 3.954213770147890106e+00 8.408598517359648028e+00
6.108472120563801155e+01 6.664204377587371830e+00 -9.141086688022520335e+00 6.664204377587371830e+00 6.350076993526968039e+01 2.560271085315836359e+01 -9.141086688022520335e+00 2.560271085315836359e+01 8.404157505654981719e+01
6.081357772615528745e+01 6.666155897325536372e+00 -9.136157418339053038e+00 6.666155897325536372e+00 6.340280700910304290e+01 2.568324468924968329e+01 -9.136157418339053038e+00 2.568324468924968329e+01 8.360658803629135605e+01
6.039489262508890732e+01 6.654615013356736775e+00 -9.109408139169387297e+00 6.654615013356736775e+00 6.314185853790761627e+01 2.569571086274951099e+01 -9.109408139169387297e+00 2.569571086274951099e+01 8.279860839435322362e+01
5.983236706056300847e+01 6.629867724263289297e+00 -9.061461318016208466e+00 6.629867724263289297e+00 6.271920310358084549e+01 2.564058043014636468e+01 -9.061461318016208466e+00 2.564058043014636468e+01 8.162066435101874617e+01
5.913156959320974693e+01 6.592502850655846736e+00 -8.993343185086656533e+00 6.592502850655846736e+00 6.213837362978663492e+01 2.551886279820136849e+01 -8.993343185086656533e+00 2.551886279820136849e+01 8.008202562504420996e+01
5.829938101245074478e+01 6.543344741389325314e+00 -8.906500556738338403e+00 6.543344741389325314e+00 6.140482091303503864e+01 2.533240854597656622e+01 -8.906500556738338403e+00 2.533240854597656622e+01 7.819539391817372120e+01
5.734311951730413881e+01 6.483823389375308999e+00 -8.802666247911174580e+00 6.483823389375308999e+00 6.052470233456888593e+01 2.508406083584912238e+01 -8.802666247911174580e+00 2.508406083584912238e+01 7.597851796595695362e+01
5.627267729402889529e+01 6.415251023403254038e+00 -8.684178717601756858e+00 6.415251023403254038e+00 5.950819607922946375e+01 2.477785729486350519e+01 -8.684178717601756858e+00 2.477785729486350519e+01 7.345397483295094787e+01
5.510053733957085598e+01 6.339595986657344362e+00 -8.553679246835018901e+00 6.339595986657344362e+00 5.836775149707058574e+01 2.441881130993328242e+01 -8.553679246835018901e+00 2.441881130993328242e+01 7.065083543387594034e+01
5.384179028500876285e+01 6.258658387861575356e+00 -8.414078291772185025e+00 6.258658387861575356e+00 5.712046120924718196e+01 2.401328214365350178e+01 -8.414078291772185025e+00 2.401328214365350178e+01 6.760542158868622664e+01
-2.729549061554400247e+00 1.171376897581627574e+01 2.199158845719058064e+01 1.171376897581627574e+01 -9.203807990987983301e-01 5.136885680168375323e+00 2.199158845719058064e+01 5.136885680168375323e+00 3.455531891770122854e+01
-2.833306901659231603e+00 1.168050241671209122e+01 2.210211115734039566e+01 1.168050241671209122e+01 -1.145096495805812076e+00 5.040270524738698299e+00 2.210211115734039566e+01 5.040270524738698299e+00 3.413177750727850679e+01
-2.990913747388090016e+00 1.162868646743136836e+01 2.215169614213819926e+01 1.162868646743136836e+01 -1.411318926884569391e+00 4.935343227445239123e+00 2.215169614213819926e+01 4.935343227445239123e+00 3.356466273739045647e+01
-3.202171690601360865e+00 1.155882489414767633e+01 2.214050533642548402e+01 1.155882489414767633e+01 -1.718004576689834195e+00 4.822211738182333285e+00 2.214050533642548402e+01 4.822211738182333285e+00 3.285775285433879134e+01
-3.466433031933035647e+00 1.147188924591002213e+01 2.206857472350037241e+01 1.147188924591002213e+01 -2.063948004734867059e+00 4.701361831474486053e+00 2.206857472350037241e+01 4.701361831474486053e+00 3.201428635495356900e+01
-3.784057604364229999e+00 1.136910295485420441e+01 2.193644405283453835e+01 1.136910295485420441e+01 -2.448573478249882029e+00 4.573279281846204469e+00 2.193644405283453835e+01 4.573279281846204469e+00 3.103667412020824301e+01
-4.153803984110093772e+00 1.125152752827451330e+01 2.174465307389964863e+01 1.125152752827451330e+01 -2.871071373027368256e+00 4.438611788663498814e+00 2.174465307389964863e+01 4.438611788663498814e+00 2.992927012917435192e+01
-4.575294346540455415e+00 1.112124999746142429e+01 2.149440722718244601e+01 1.112124999746142429e+01 -3.329984365493805498e+00 4.298097009537655389e+00 2.149440722718244601e+01 4.298097009537655389e+00 2.869633840267809077e+01
-5.046801493345955514e+00 1.097936785300733931e+01 2.118698391976589335e+01 1.097936785300733931e+01 -3.824970614317132700e+00 4.152454610430909021e+00 2.118698391976589335e+01 4.152454610430909021e+00 2.734295258575321697e+01
-5.567533791968141799e+00 1.082866980051591099e+01 2.082416432490651559e+01 1.082866980051591099e+01 -4.354212962942714427e+00 4.002620157094158415e+00 2.082416432490651559e+01 4.002620157094158415e+00 2.587404239024101571e+01
2.279996110083518701e+01 -5.761678936720855404e+00 -7.398890056379292979e+00 -5.761678936720855404e+00 2.683707314786093434e+01 2.330485852981971195e+00 -7.398890056379292979e+00 2.330485852981971195e+00 3.793971820423673336e+01
2.263789915281288145e+01 -5.706262510602524429e+00 -7.567452002533089583e+00 -5.706262510602524429e+00 2.694154616365088017e+01 2.510558577498000599e+00 -7.567452002533089583e+00 2.510558577498000599e+00 3.784908615481842276e+01
2.242616740774806061e+01 -5.644854172460018304e+00 -7.724135245902114200e+00 -5.644854172460018304e+00 2.698550437203876839e+01 2.693890061185073126e+00 -7.724135245902114200e+00 2.693890061185073126e+00 3.760692180394660511e+01
2.216916343850057558e+01 -5.578172250927813103e+00 -7.868676983327415719e+00 -5.578172250927813103e+00 2.697110275892802989e+01 2.880077339199458297e+00 -7.868676983327415719e+00 2.880077339199458297e+00 3.721981275080575102e+01
2.186741285138833746e+01 -5.506777392745012989e+00 -8.000516568069887313e+00 -5.506777392745012989e+00 2.689678202557552922e+01 3.068419603117274352e+00 -8.000516568069887313e+00 3.068419603117274352e+00 3.668777651560645836e+01
2.152145877293985521e+01 -5.431475527599079811e+00 -8.119040792758633884e+00 -5.431475527599079811e+00 2.676098287323813452e+01 3.258251084935836150e+00 -8.119040792758633884e+00 3.258251084935836150e+00 3.601105838129710435e+01
2.113149392547169469e+01 -5.352932423492701375e+00 -8.223706530865149134e+00 -5.352932423492701375e+00 2.656219856380450395e+01 3.448923536863054640e+00 -8.223706530865149134e+00 3.448923536863054640e+00 3.519011387335317664e+01
2.069765847066862463e+01 -5.272111692008712325e+00 -8.314110817545701693e+00 -5.272111692008712325e+00 2.629930780379642385e+01 3.639981433423406632e+00 -8.314110817545701693e+00 3.639981433423406632e+00 3.422513571409127309e+01
2.021995240853065212e+01 -5.189311176727260388e+00 -8.389850687956558417e+00 -5.189311176727260388e+00 2.597101409762972679e+01 3.830776526824804407e+00 -8.389850687956558417e+00 3.830776526824804407e+00 3.311642174709152897e+01
1.969883126453330036e+01 -5.105914974285511221e+00 -8.450488136832795760e+00 -5.105914974285511221e+00 2.557680935919708176e+01 4.020835771381127799e+00 -8.450488136832795760e+00 4.020835771381127799e+00 3.186628464015275597e+01
3.577206720343718160e+01 -4.921534830749094702e+00 -2.099475701554381502e+01 -4.921534830749094702e+00 4.497150804369930910e+01 1.532627554265364012e+01 -2.099475701554381502e+01 1.532627554265364012e+01 5.191193826118681187e+01
3.563582146030147157e+01 -4.783737510126074177e+00 -2.107874907685688015e+01 -4.783737510126074177e+00 4.482298759866398541e+01 1.536923699930227905e+01 -2.107874907685688015e+01 1.536923699930227905e+01 5.155338594361924720e+01
3.542016942931518741e+01 -4.642319842032661903e+00 -2.111340097407348182e+01 -4.642319842032661903e+00 4.458682026534548726e+01 1.538359771093483097e+01 -2.111340097407348182e+01 1.538359771093483097e+01 5.097350971736177883e+01
3.512764535370760655e+01 -4.498712725707156856e+00 -2.109871270719360936e+01 -4.498712725707156856e+00 4.426590232172011952e+01 1.537001278804593518e+01 -2.109871270719360936e+01 1.537001278804593518e+01 5.018382573532022661e+01
3.475942153646913368e+01 -4.354053984640251507e+00 -2.103470151596712867e+01 -4.354053984640251507e+00 4.386231977752083822e+01 1.532920630012967322e+01 -2.103470151596712867e+01 1.532920630012967322e+01 4.918721303572105086e+01
3.431642892409215762e+01 -4.210188272066861970e+00 -2.092178115439065067e+01 -4.210188272066861970e+00 4.337743457298648053e+01 1.526183335768068439e+01 -2.092178115439065067e+01 1.526183335768068439e+01 4.798967105151518098e+01
3.380096040330793272e+01 -4.068270651227538615e+00 -2.076050329445966369e+01 -4.068270651227538615e+00 4.281450502084041432e+01 1.516875594819192052e+01 -2.076050329445966369e+01 1.516875594819192052e+01 4.659487184942258153e+01
3.321406759885785220e+01 -3.930180254856915134e+00 -2.055195404041528917e+01 -3.930180254856915134e+00 4.217499649982065080e+01 1.505100845665491960e+01 -2.055195404041528917e+01 1.505100845665491960e+01 4.501267656636260739e+01
3.255914674146414001e+01 -3.797054906445684441e+00 -2.029751257224624439e+01 -3.797054906445684441e+00 4.146361546163870315e+01 1.490948735006235637e+01 -2.029751257224624439e+01 1.490948735006235637e+01 4.324925703278478295e+01
3.183881827310536750e+01 -3.670601341229887904e+00 -1.999893734443815063e+01 -3.670601341229887904e+00 4.068346506126918172e+01 1.474558904815280336e+01 -1.999893734443815063e+01 1.474558904815280336e+01 4.131711206733688613e+01
-1.094998429671965390e+01 6.208844468029331765e+00 -3.802425783438590834e+00 6.208844468029331765e+00 8.185493285852293965e+00 1.179336047893541206e+01 -3.802425783438590834e+00 1.179336047893541206e+01 1.650834966817203053e+01
-1.106578395153811734e+01 6.179244400305147877e+00 -3.710790186347374231e+00 6.179244400305147877e+00 8.298006050905168962e+00 1.183524123369586256e+01 -3.710790186347374231e+00 1.183524123369586256e+01 1.650161335013596187e+01
-1.117771880190693068e+01 6.142023082684927360e+00 -3.615524562646906581e+00 6.142023082684927360e+00 8.388684476800913004e+00 1.186019992411369017e+01 -3.615524562646906581e+00 1.186019992411369017e+01 1.644801176318942382e+01
-1.128609586500200379e+01 6.097559771680083784e+00 -3.516628912337189661e+00 6.097559771680083784e+00 8.455867058822853721e+00 1.186771281500646680e+01 -3.516628912337189661e+00 1.186771281500646680e+01 1.634624459929328211e+01
-1.139102349982659490e+01 6.046143424632647090e+00 -3.414374132926375260e+00 6.046143424632647090e+00 8.497820052918813261e+00 1.185727423102563804e+01 -3.414374132926375260e+00 1.185727423102563804e+01 1.619517408891330135e+01
-1.149318798006802389e+01 5.988279716891168114e+00 -3.309031121922616947e+00 5.988279716891168114e+00 8.512376279023566639e+00 1.182825207798551581e+01 -3.309031121922616947e+00 1.182825207798551581e+01 1.599312066749892658e+01
-1.159401603260256586e+01 5.924474323804202136e+00 -3.200961076003451922e+00 5.924474323804202136e+00 8.496917061224968037e+00 1.177999620186652940e+01 -3.200961076003451922e+00 1.177999620186652940e+01 1.573789909515105734e+01
-1.169498856380812235e+01 5.855287100221929109e+00 -3.090489072178663310e+00 5.855287100221929109e+00 8.449022381783521496e+00 1.171180226914748523e+01 -3.090489072178663310e+00 1.171180226914748523e+01 1.542708935413019944e+01
-1.179834499308542561e+01 5.781332080496163428e+00 -2.977940187458035570e+00 5.781332080496163428e+00 8.365604009106277772e+00 1.162294788647330535e+01 -2.977940187458035570e+00 1.162294788647330535e+01 1.505772963168053913e+01
-1.190639697917071338e+01 5.703132999809334969e+00 -2.863585319349721381e+00 5.703132999809334969e+00 8.243971027945585561e+00 1.151272872032279260e+01 -2.863585319349721381e+00 1.151272872032279260e+01 1.462662333720587249e+01
1.488990026239728870e+01 1.166208175830272076e+01 1.246642413050721654e+00 1.166208175830272076e+01 1.551022584679557426e+01 -2.140077796909647390e+01 1.246642413050721654e+00 -2.140077796909647390e+01 3.554448302450594177e+00
1.495371771235450176e+01 1.164580197852878030e+01 1.228222903186010795e+00 1.164580197852878030e+01 1.558495592021571241e+01 -2.140263240184180660e+01 1.228222903186010795e+00 -2.140263240184180660e+01 3.717941512469504328e+00
1.501872984494572805e+01 1.161709393314428418e+01 1.208894008032722622e+00 1.161709393314428418e+01 1.566154042638118504e+01 -2.135486292756537097e+01 1.208894008032722622e+00 -2.135486292756537097e+01 3.872875802125334221e+00
1.508299307200518413e+01 1.157627858166284796e+01 1.188923193852203575e+00 1.157627858166284796e+01 1.573816059471483797e+01 -2.125768351927623456e+01 1.188923193852203575e+00 -2.125768351927623456e+01 4.011245014661787955e+00
1.514492042704888419e+01 1.152367688359808895e+01 1.168399616064902169e+00 1.152367688359808895e+01 1.581378222233946396e+01 -2.111121899456303552e+01 1.168399616064902169e+00 -2.111121899456303552e+01 4.131497845763055565e+00
1.520321024093827234e+01 1.145977027822042871e+01 1.147376767923088181e+00 1.145977027822042871e+01 1.588722845770514169e+01 -2.091571898860302525e+01 1.147376767923088181e+00 -2.091571898860302525e+01 4.231708538347445980e+00
1.525623988502118777e+01 1.138502237371619863e+01 1.125890311594940352e+00 1.138502237371619863e+01 1.595723329384149380e+01 -2.067148662982573271e+01 1.125890311594940352e+00 -2.067148662982573271e+01 4.309773024492367099e+00
1.530254721040226684e+01 1.130002159586036470e+01 1.103815429491830979e+00 1.130002159586036470e+01 1.602253072377815712e+01 -2.037880721557658958e+01 1.103815429491830979e+00 -2.037880721557658958e+01 4.363480249770692154e+00
1.533997465590664966e+01 1.120540986368015623e+01 1.080991641856952068e+00 1.120540986368015623e+01 1.608112366609707067e+01 -2.003801953645330514e+01 1.080991641856952068e+00 -2.003801953645330514e+01 4.390119889400777353e+00
1.536718489022760536e+01 1.110184692728689271e+01 1.057151482428957401e+00 1.110184692728689271e+01 1.613165695840742231e+01 -1.964937322763313077e+01 1.057151482428957401e+00 -1.964937322763313077e+01 4.387498720039584299e+00
-4.949464253369020739e+00 -1.846107063523582426e+01 -1.232846099168542153e+01 -1.846107063523582426e+01 4.837612462249668788e+00 -3.800513296514552053e+00 -1.232846099168542153e+01 -3.800513296514552053e+00 2.654108925089429860e+01
-5.093962729780487919e+00 -1.834209200432833953e+01 -1.236047777952151705e+01 -1.834209200432833953e+01 4.668206040720069616e+00 -3.651011634595251021e+00 -1.236047777952151705e+01 -3.651011634595251021e+00 2.612143356862220855e+01
-5.272637642448698259e+00 -1.820002313239009695e+01 -1.236843248453756594e+01 -1.820002313239009695e+01 4.465774995424742322e+00 -3.485852521626258582e+00 -1.236843248453756594e+01 -3.485852521626258582e+00 2.560117426408830354e+01
-5.484157208180916676e+00 -1.803619580261383604e+01 -1.235146124736531448e+01 -1.803619580261383604e+01 4.231921065608996280e+00 -3.305287916589982888e+00 -1.235146124736531448e+01 -3.305287916589982888e+00 2.498504456674783825e+01
-5.727351617415960661e+00 -1.785226574545538725e+01 -1.230886218226804907e+01 -1.785226574545538725e+01 3.967760069623503583e+00 -3.109587775539004895e+00 -1.230886218226804907e+01 -3.109587775539004895e+00 2.427637393458264015e+01
-6.001932917031076009e+00 -1.765021263863367196e+01 -1.224007738007043677e+01 -1.765021263863367196e+01 3.673723937152390651e+00 -2.899399992999518894e+00 -1.224007738007043677e+01 -2.899399992999518894e+00 2.347832985194299482e+01
-6.306569323833532081e+00 -1.743252007783243585e+01 -1.214469290815851998e+01 -1.743252007783243585e+01 3.351072463107702681e+00 -2.675120504515309694e+00 -1.214469290815851998e+01 -2.675120504515309694e+00 2.259517762445967648e+01
-6.640702928647994163e+00 -1.720145569389335805e+01 -1.202256478997092337e+01 -1.720145569389335805e+01 3.000363556664773945e+00 -2.437523184103776774e+00 -1.202256478997092337e+01 -2.437523184103776774e+00 2.163046267495658270e+01
-7.003613848667579411e+00 -1.695979103562294199e+01 -1.187369302550764338e+01 -1.695979103562294199e+01 2.622371091841002144e+00 -2.186985970238532140e+00 -1.187369302550764338e+01 -2.186985970238532140e+00 2.058850430027501233e+01
-7.394654189366094421e+00 -1.670982972800320354e+01 -1.169823958840023259e+01 -1.670982972800320354e+01 2.217526998320517695e+00 -1.924372722287835957e+00 -1.169823958840023259e+01 -1.924372722287835957e+00 1.947252397597575424e+01
7.073649983123748264e+00 -6.026879289054365429e+00 -6.616551099785274559e+00 -6.026879289054365429e+00 -2.899725837263532924e+01 -1.496793296429480336e+01 -6.616551099785274559e+00 -1.496793296429480336e+01 1.019399208054138661e+01
6.933129257575894044e+00 -6.085144871393737276e+00 -6.849174929934185307e+00 -6.085144871393737276e+00 -2.892410208800477633e+01 -1.500409087820186116e+01 -6.849174929934185307e+00 -1.500409087820186116e+01 1.010240055835033246e+01
6.770994175205376386e+00 -6.135499197178404529e+00 -7.068625513025494911e+00 -6.135499197178404529e+00 -2.884356440002987654e+01 -1.500622856184366327e+01 -7.068625513025494911e+00 -1.500622856184366327e+01 9.975290600264724361e+00
6.587683235220769262e+00 -6.177960537208727843e+00 -7.275030744661706628e+00 -6.177960537208727843e+00 -2.875621170352171418e+01 -1.497412676561592093e+01 -7.275030744661706628e+00 -1.497412676561592093e+01 9.813466121500280082e+00
6.383799374033863216e+00 -6.212163475477558983e+00 -7.468006938035315123e+00 -6.212163475477558983e+00 -2.866359701651065350e+01 -1.490751142751327230e+01 -7.468006938035315123e+00 -1.490751142751327230e+01 9.616616518450927131e+00
6.159616653650017426e+00 -6.238016657983113333e+00 -7.647243489540249684e+00 -6.238016657983113333e+00 -2.856743779423027974e+01 -1.480609021473000197e+01 -7.647243489540249684e+00 -1.480609021473000197e+01 9.384138854704875854e+00
5.915409136074589291e+00 -6.255355647522173435e+00 -7.812502878771861781e+00 -6.255355647522173435e+00 -2.846983517872168079e+01 -1.466964387766182121e+01 -7.812502878771861781e+00 -1.466964387766182121e+01 9.115101319443901673e+00
5.650756592899364605e+00 -6.264271798096526567e+00 -7.963565856125866205e+00 -6.264271798096526567e+00 -2.837312783243059044e+01 -1.449777045870087377e+01 -7.963565856125866205e+00 -1.449777045870087377e+01 8.808170144241927346e+00
5.366024440131487161e+00 -6.264509318501171542e+00 -8.100505504803694024e+00 -6.264509318501171542e+00 -2.827981885500594927e+01 -1.429036033304501174e+01 -8.100505504803694024e+00 -1.429036033304501174e+01 8.462029831473225627e+00
5.060134700549877351e+00 -6.256506707944681445e+00 -8.223047762799982507e+00 -6.256506707944681445e+00 -2.819235653369564432e+01 -1.404666439787958865e+01 -8.223047762799982507e+00 -1.404666439787958865e+01 8.074816759501356245e+00
-1.258264898577600022e+01 -4.017372815732903391e+00 -1.881228114678027197e+01 -4.017372815732903391e+00 1.895250661423743432e+00 -4.101613012062625963e+00 -1.881228114678027197e+01 -4.101613012062625963e+00 2.441893019384946939e+01
-1.287042594162945974e+01 -4.035190422214496309e+00 -1.871168854815678273e+01 -4.035190422214496309e+00 1.755875374174331149e+00 -3.998506050697064662e+00 -1.871168854815678273e+01 -3.998506050697064662e+00 2.384864016385437324e+01
-1.317527885740030413e+01 -4.047762235924857954e+00 -1.857602149372841538e+01 -4.047762235924857954e+00 1.580991496545866459e+00 -3.876767480523340303e+00 -1.857602149372841538e+01 -3.876767480523340303e+00 2.319159557478747757e+01
-1.349534457220771344e+01 -4.054907367458085332e+00 -1.840594927429700789e+01 -4.054907367458085332e+00 1.371847165439090688e+00 -3.736614368828538701e+00 -1.840594927429700789e+01 -3.736614368828538701e+00 2.245289750789529393e+01
-1.382946539385390494e+01 -4.056879061982444412e+00 -1.820230398112973091e+01 -4.056879061982444412e+00 1.128677537081679505e+00 -3.578318049721516125e+00 -1.820230398112973091e+01 -3.578318049721516125e+00 2.163572961672174699e+01
-1.417704438729938943e+01 -4.053333629626716395e+00 -1.796609859489964123e+01 -4.053333629626716395e+00 8.512836331271383949e-01 -3.402782970231795101e+00 -1.796609859489964123e+01 -3.402782970231795101e+00 2.074215404049413891e+01
-1.453793684101944628e+01 -4.045048894836291709e+00 -1.769811094005213192e+01 -4.045048894836291709e+00 5.394483862883814318e-01 -3.210443264933546814e+00 -1.769811094005213192e+01 -3.210443264933546814e+00 1.977412438479623447e+01
-1.491093079599450988e+01 -4.031482189393453375e+00 -1.739939017514145192e+01 -4.031482189393453375e+00 1.938410873672555823e-01 -3.002384270262198118e+00 -1.739939017514145192e+01 -3.002384270262198118e+00 1.873504137045905438e+01
-1.529551976188805718e+01 -4.013845472317766117e+00 -1.707067794673180572e+01 -4.013845472317766117e+00 -1.849594175373449334e-01 -2.779022031851329455e+00 -1.707067794673180572e+01 -2.779022031851329455e+00 1.762819718467004648e+01
-1.569181227234362197e+01 -3.991505630688560569e+00 -1.671313194702098670e+01 -3.991505630688560569e+00 -5.974596187619526377e-01 -2.541695131304633204e+00 -1.671313194702098670e+01 -2.541695131304633204e+00 1.645541881042884924e+01
-9.788731070430246817e+00 2.246740037074246032e+01 6.483894161162315761e+00 2.246740037074246032e+01 6.681327578917874987e+00 4.677871019642063644e+00 6.483894161162315761e+00 4.677871019642063644e+00 1.639381425807812098e+00
-9.756959549936725651e+00 2.247507561527059394e+01 6.420478133678106047e+00 2.247507561527059394e+01 6.695426077731960746e+00 4.889384791425590571e+00 6.420478133678106047e+00 4.889384791425590571e+00 1.696247185503237498e+00
-9.713720524616304530e+00 2.246130372260664032e+01 6.339479808445056541e+00 2.246130372260664032e+01 6.714078917861793450e+00 5.092134631513874687e+00 6.339479808445056541e+00 5.092134631513874687e+00 1.749084802680352713e+00
-9.660792183508597475e+00 2.242575808660047088e+01 6.240935475035402469e+00 2.242575808660047088e+01 6.735399041551048960e+00 5.286120539906916882e+00 6.240935475035402469e+00 5.286120539906916882e+00 1.799472873731468248e+00
