1.078467264524412883e+00 0.000000000000000000e+00 0.000000000000000000e+00 0.000000000000000000e+00 2.348270245446089532e+00 -2.005327058462429424e+00 0.000000000000000000e+00 -2.005327058462429424e+00 -3.920384019934485265e-01
1.101070954676249158e+00 -1.768512717479671023e-02 8.737682465093835060e-02 -1.768512717479671023e-02 2.164438954179235264e+00 -2.117929601322817046e+00 8.737682465093835060e-02 -2.117929601322817046e+00 -6.243320049458397358e-01
1.135989135222805979e+00 -3.547875206232223300e-02 1.739399164564105760e-01 -3.547875206232223300e-02 1.995074024609556629e+00 -2.230441729422597330e+00 1.739399164564105760e-01 -2.230441729422597330e+00 -8.350526460173182119e-01
1.182914395978017952e+00 -5.323621104560482403e-02 2.597435242727811344e-01 -5.323621104560482403e-02 1.841332765672826888e+00 -2.342736862096920003e+00 2.597435242727811344e-01 -2.342736862096920003e+00 -1.024471569489706413e+00
1.240237354203074904e+00 -7.086708936403712800e-02 3.446249015309567620e-01 -7.086708936403712800e-02 1.702817352422373975e+00 -2.454833082297906532e+00 3.446249015309567620e-01 -2.454833082297906532e+00 -1.193872664963628205e+00
1.306059299925222073e+00 -8.826288930489033235e-02 4.286021311830589542e-01 -8.826288930489033235e-02 1.578912964486068216e+00 -2.566694224121313983e+00 4.286021311830589542e-01 -2.566694224121313983e+00 -1.345154642411838131e+00
1.378770850405649062e+00 -1.052608642990712218e-01 5.116028814206017294e-01 -1.052608642990712218e-01 1.469022864443900955e+00 -2.678392619375628225e+00 5.116028814206017294e-01 -2.678392619375628225e+00 -1.479492893722231583e+00
1.456003138916443396e+00 -1.218067654902153796e-01 5.937537329084355830e-01 -1.218067654902153796e-01 1.371935494503733644e+00 -2.790054848725699532e+00 5.937537329084355830e-01 -2.790054848725699532e+00 -1.599744525330000444e+00
1.535459630538178244e+00 -1.377016804049866483e-01 6.751089345029247513e-01 -1.377016804049866483e-01 1.286186135543727627e+00 -2.901897907596985515e+00 6.751089345029247513e-01 -2.901897907596985515e+00 -1.708694311861851389e+00
1.614590629021726675e+00 -1.528913601870206529e-01 7.558493157252839101e-01 -1.528913601870206529e-01 1.210074990064464506e+00 -3.014247289127672591e+00 7.558493157252839101e-01 -3.014247289127672591e+00 -1.809922677837835003e+00
-4.436154191054487228e+01 8.050333299909414819e+00 1.606724331277907680e+01 8.050333299909414819e+00 -3.678845403108604728e+01 5.183409146874757845e+00 1.606724331277907680e+01 5.183409146874757845e+00 -4.841133977805699118e+01
-4.427041886980310181e+01 7.979478999500988934e+00 1.599090475528897137e+01 7.979478999500988934e+00 -3.674243229333767857e+01 5.187416873203678058e+00 1.599090475528897137e+01 5.187416873203678058e+00 -4.819753045476769415e+01
-4.412368622928205042e+01 7.904789554280196917e+00 1.589702041028229473e+01 7.904789554280196917e+00 -3.663997639967536912e+01 5.185537652245619356e+00 1.589702041028229473e+01 5.185537652245619356e+00 -4.782176296605226185e+01
-4.392126728608548092e+01 7.826360842867351231e+00 1.578547522341468756e+01 7.826360842867351231e+00 -3.648085624141038608e+01 5.177924889793077412e+00 1.578547522341468756e+01 5.177924889793077412e+00 -4.728606993866124242e+01
-4.366389071772771757e+01 7.744365446779007733e+00 1.565621166751395599e+01 7.744365446779007733e+00 -3.626581967178113075e+01 5.164597761570111523e+00 1.565621166751395599e+01 5.164597761570111523e+00 -4.659256070224144253e+01
-4.335215097165470866e+01 7.658841717463287679e+00 1.550930644547634785e+01 7.658841717463287679e+00 -3.599526938099290874e+01 5.145498740404538474e+00 1.550930644547634785e+01 5.145498740404538474e+00 -4.574551144325864271e+01
-4.298832995902978382e+01 7.569962236436750480e+00 1.534447192144093819e+01 7.569962236436750480e+00 -3.567196667331061377e+01 5.120321014711368690e+00 1.534447192144093819e+01 5.120321014711368690e+00 -4.474697396418746820e+01
-4.257378915626135552e+01 7.477842058043765228e+00 1.516180397402803770e+01 7.477842058043765228e+00 -3.529731137659076268e+01 5.088834475801858659e+00 1.516180397402803770e+01 5.088834475801858659e+00 -4.360394740431046756e+01
-4.211119398899399613e+01 7.382730466697134730e+00 1.496145600903013673e+01 7.382730466697134730e+00 -3.487414149799451479e+01 5.050732312091021470e+00 1.496145600903013673e+01 5.050732312091021470e+00 -4.232343090291021781e+01
-4.160315235570012504e+01 7.284857571085602501e+00 1.474348555361942381e+01 7.284857571085602501e+00 -3.440537174757924532e+01 5.005707711993867548e+00 1.474348555361942381e+01 5.005707711993867548e+00 -4.091338238547238149e+01
1.979532022998438734e+01 -8.141724057631870792e+00 2.023874095618184654e+01 -8.141724057631870792e+00 5.983675208262336120e+00 4.088286856836443661e+00 2.023874095618184654e+01 4.088286856836443661e+00 4.188542232839451707e+00
1.982415885705734482e+01 -8.125140058068204496e+00 2.029457554370957340e+01 -8.125140058068204496e+00 5.901327689393341736e+00 4.089127685293284742e+00 2.029457554370957340e+01 4.089127685293284742e+00 4.108556189636480838e+00
1.984766627391458016e+01 -8.097017029681920164e+00 2.031185725199274827e+01 -8.097017029681920164e+00 5.829678370890120753e+00 4.085585471794249024e+00 2.031185725199274827e+01 4.085585471794249024e+00 4.020340761536759899e+00
1.986553835111426025e+01 -8.057641211947689897e+00 2.029055030109703495e+01 -8.057641211947689897e+00 5.768959822325843589e+00 4.077570766503503030e+00 2.029055030109703495e+01 4.077570766503503030e+00 3.923073010050615039e+00
1.987713104983837553e+01 -8.007388294176019272e+00 2.023042212144926211e+01 -8.007388294176019272e+00 5.718814244357172782e+00 4.064886779782208137e+00 2.023042212144926211e+01 4.064886779782208137e+00 3.816305685998875319e+00
1.988115629245091753e+01 -7.946794975381910930e+00 2.013138326321359983e+01 -7.946794975381910930e+00 5.678257688789931201e+00 4.047086262451196070e+00 2.013138326321359983e+01 4.047086262451196070e+00 3.698428692336523493e+00
1.987618288157853286e+01 -7.876469514449036424e+00 1.999330849661987841e+01 -7.876469514449036424e+00 5.645930518119439689e+00 4.023721965331295003e+00 1.999330849661987841e+01 4.023721965331295003e+00 3.567635142379708135e+00
1.986106585932254731e+01 -7.797002280293904519e+00 1.981605470193076357e+01 -7.797002280293904519e+00 5.620669884479852385e+00 3.993935169998494406e+00 1.981605470193076357e+01 3.993935169998494406e+00 3.422100259477411477e+00
1.983406989886777794e+01 -7.709144651537519266e+00 1.959944297947458480e+01 -7.709144651537519266e+00 5.600615231285817508e+00 3.957028167733289692e+00 1.959944297947458480e+01 3.957028167733289692e+00 3.259373118127775193e+00
1.979381747274237213e+01 -7.613594336899392800e+00 1.934324075967817436e+01 -7.613594336899392800e+00 5.584120681557985577e+00 3.911999120374337835e+00 1.934324075967817436e+01 3.911999120374337835e+00 3.077324812237944407e+00
-3.811525883765816047e+01 6.527233714892207495e+00 1.899529223788702836e+01 6.527233714892207495e+00 -2.478011850998824528e+01 -1.531414544970217229e+00 1.899529223788702836e+01 -1.531414544970217229e+00 -2.323493716965040079e+01
-3.809785232789882059e+01 6.419060648825473336e+00 1.894122456347745143e+01 6.419060648825473336e+00 -2.486807513135073577e+01 -1.461939374923172164e+00 1.894122456347745143e+01 -1.461939374923172164e+00 -2.334629734313785931e+01
-3.804020151496889923e+01 6.307153575248067412e+00 1.886133943309762984e+01 6.307153575248067412e+00 -2.491859738448755124e+01 -1.397103426328780262e+00 1.886133943309762984e+01 -1.397103426328780262e+00 -2.337007806773865326e+01
-3.794502204069434725e+01 6.192002818378562701e+00 1.875569342261892558e+01 6.192002818378562701e+00 -2.493398602150123011e+01 -1.336661537077754369e+00 1.875569342261892558e+01 -1.336661537077754369e+00 -2.330605303996728495e+01
-3.781308710865061329e+01 6.074230712802070720e+00 1.862432424928892516e+01 6.074230712802070720e+00 -2.491480680110550949e+01 -1.280311969189434684e+00 1.862432424928892516e+01 -1.280311969189434684e+00 -2.315480687716128827e+01
-3.764596198461236298e+01 5.954478451727496235e+00 1.846736392347417066e+01 5.954478451727496235e+00 -2.486226667522302591e+01 -1.227847277802116777e+00 1.846736392347417066e+01 -1.227847277802116777e+00 -2.291856489692802512e+01
-3.744504220674015471e+01 5.833406086987531936e+00 1.828488787966982443e+01 5.833406086987531936e+00 -2.477761031302400596e+01 -1.179003442182723127e+00 1.828488787966982443e+01 -1.179003442182723127e+00 -2.259921296164663218e+01
-3.721215706154173830e+01 5.711617094543498752e+00 1.807691497649968326e+01 5.711617094543498752e+00 -2.466251613202587478e+01 -1.133516441598175994e+00 1.807691497649968326e+01 -1.133516441598175994e+00 -2.219935356140029725e+01
-3.694894724928695950e+01 5.589790384851883509e+00 1.784335092084478092e+01 5.589790384851883509e+00 -2.451860597387468133e+01 -1.091065679444023440e+00 1.784335092084478092e+01 -1.091065679444023440e+00 -2.172175891388634383e+01
-3.665741178409768963e+01 5.468548292497798613e+00 1.758406370233858595e+01 5.468548292497798613e+00 -2.434784113544471396e+01 -1.051349417739605219e+00 1.758406370233858595e+01 -1.051349417739605219e+00 -2.116944639891136859e+01
3.704540921373708073e+01 -7.637558306827016530e+00 -2.190610607439301205e+01 -7.637558306827016530e+00 2.942946839834916517e+01 6.053408113738363738e+00 -2.190610607439301205e+01 6.053408113738363738e+00 -8.738571649308170208e+00
3.714576859378129825e+01 -7.627084033694879750e+00 -2.192892062561864108e+01 -7.627084033694879750e+00 2.949960201878350219e+01 5.889516545906125167e+00 -2.192892062561864108e+01 5.889516545906125167e+00 -8.509193869624596118e+00
3.725686630426348955e+01 -7.608406380260937851e+00 -2.191663315898632192e+01 -7.608406380260937851e+00 2.959439859158442587e+01 5.709077386907150498e+00 -2.191663315898632192e+01 5.709077386907150498e+00 -8.243640239039278228e+00
3.737776934270299733e+01 -7.581314100680506485e+00 -2.186929648595722497e+01 -7.581314100680506485e+00 2.971294271809165011e+01 5.512161052023001773e+00 -2.186929648595722497e+01 5.512161052023001773e+00 -7.944480915329172888e+00
3.750743908369680213e+01 -7.546000836977878379e+00 -2.178655853012354626e+01 -7.546000836977878379e+00 2.985438941492646236e+01 5.299066806200311675e+00 -2.178655853012354626e+01 5.299066806200311675e+00 -7.613986791324613534e+00
3.764464325981758464e+01 -7.502466589153052645e+00 -2.166820804564061120e+01 -7.502466589153052645e+00 3.001745360320036227e+01 5.070076310565320377e+00 -2.166820804564061120e+01 5.070076310565320377e+00 -7.254939270647239091e+00
3.778770950812828033e+01 -7.450975414511881390e+00 -2.151384014463944183e+01 -7.450975414511881390e+00 3.020062135435980366e+01 4.825576849166613336e+00 -2.151384014463944183e+01 4.825576849166613336e+00 -6.870647871530400685e+00
3.793508869243456871e+01 -7.391668143617486919e+00 -2.132312035453262311e+01 -7.391668143617486919e+00 3.040209707872500289e+01 4.565867686950821458e+00 -2.132312035453262311e+01 4.565867686950821458e+00 -6.464457319848222028e+00
3.808549573384794940e+01 -7.324914456698062182e+00 -2.109553816452883979e+01 -7.324914456698062182e+00 3.062038445156278499e+01 4.291406523248088689e+00 -2.109553816452883979e+01 4.291406523248088689e+00 -6.039835568217562844e+00
3.823706462740709355e+01 -7.250960807239067663e+00 -2.083047744091444642e+01 -7.250960807239067663e+00 3.085326539150399938e+01 4.002457415364268023e+00 -2.083047744091444642e+01 4.002457415364268023e+00 -5.600056927230991022e+00
-1.062281251327588372e+01 1.170342616848661166e+01 -3.058245683894633693e+00 1.170342616848661166e+01 2.067878160129547283e+01 1.168062368151024488e+00 -3.058245683894633693e+00 1.168062368151024488e+00 -8.545218432248317342e+00
-1.059870806035003099e+01 1.170847128654085978e+01 -3.060994278676876235e+00 1.170847128654085978e+01 2.051563803468105363e+01 1.119310976487038811e+00 -3.060994278676876235e+00 1.119310976487038811e+00 -8.732611114671865238e+00
-1.054324792747412509e+01 1.170527062024838116e+01 -3.060958112956057242e+00 1.170527062024838116e+01 2.035739492323760302e+01 1.063597683565399299e+00 -3.060958112956057242e+00 1.063597683565399299e+00 -8.883259424743327415e+00
-1.045659486039184927e+01 1.169380608674876321e+01 -3.057829778105215279e+00 1.169380608674876321e+01 2.020551697865829510e+01 1.000777826502829981e+00 -3.057829778105215279e+00 1.000777826502829981e+00 -8.996367716604689591e+00
-1.033990616216940772e+01 1.167420426606487460e+01 -3.051374196939027339e+00 1.167420426606487460e+01 2.006025736098886014e+01 9.309237367409689545e-01 -3.051374196939027339e+00 9.309237367409689545e-01 -9.072243398882909204e+00
-1.019437530159382987e+01 1.164660982107999310e+01 -3.041211629388894000e+00 1.164660982107999310e+01 1.992210430746035499e+01 8.540354142798163295e-01 -3.041211629388894000e+00 8.540354142798163295e-01 -9.110868388717582533e+00
-1.002162973610196950e+01 1.161120358039821099e+01 -3.027016583967443886e+00 1.161120358039821099e+01 1.979120248095605206e+01 7.701128591193718842e-01 -3.027016583967443886e+00 7.701128591193718842e-01 -9.113056414827129359e+00
-9.823369254572316578e+00 1.156820253834444401e+01 -3.008427403466487959e+00 1.156820253834444401e+01 1.966755188147595845e+01 6.791018226784073519e-01 -3.008427403466487959e+00 6.791018226784073519e-01 -9.079639288790392726e+00
-9.601763800254014214e+00 1.151791410354565137e+01 -2.985064347817426800e+00 1.151791410354565137e+01 1.955075468609106082e+01 5.809480563756941329e-01 -2.985064347817426800e+00 5.809480563756941329e-01 -9.012352965206678945e+00
-9.358621659188008479e+00 1.146055527032674703e+01 -2.956493428370432053e+00 1.146055527032674703e+01 1.944072048049931212e+01 4.755430630487753052e-01 -2.956493428370432053e+00 4.755430630487753052e-01 -8.912390912863015657e+00
-1.227073461637917262e+01 1.181860051073298479e+01 -1.148495443489218459e+01 1.181860051073298479e+01 -9.458643278833083201e+00 8.008832591275002244e+00 -1.148495443489218459e+01 8.008832591275002244e+00 -2.013190864111754053e+01
-1.222429762802620523e+01 1.179779600285580088e+01 -1.145852957723418619e+01 1.179779600285580088e+01 -9.306046175439862012e+00 8.003359660504830941e+00 -1.145852957723418619e+01 8.003359660504830941e+00 -1.985621666383629247e+01
-1.214541002995515306e+01 1.176825691859794176e+01 -1.141861588010223194e+01 1.176825691859794176e+01 -9.122233096542704089e+00 7.984121479615744477e+00 -1.141861588010223194e+01 7.984121479615744477e+00 -1.950401422003063701e+01
-1.203453250657427986e+01 1.173005696746472815e+01 -1.136502906973301386e+01 1.173005696746472815e+01 -8.907959564571156008e+00 7.950989056973430280e+00 -1.136502906973301386e+01 7.950989056973430280e+00 -1.907753102223656327e+01
-1.189221787917350248e+01 1.168319614945616003e+01 -1.129736374384726183e+01 1.168319614945616003e+01 -8.664533923244691849e+00 7.903704409309257883e+00 -1.129736374384726183e+01 7.903704409309257883e+00 -1.857966016853796987e+01
-1.171984820097760682e+01 1.162765603719590501e+01 -1.121526978229469584e+01 1.162765603719590501e+01 -8.393854192325354902e+00 7.841972698601940905e+00 -1.121526978229469584e+01 7.841972698601940905e+00 -1.801379229617967681e+01
-1.151911879060900823e+01 1.156354719494194683e+01 -1.111823121853806029e+01 1.156354719494194683e+01 -8.098113229596480167e+00 7.765646505840835268e+00 -1.111823121853806029e+01 7.765646505840835268e+00 -1.738298634963254941e+01
-1.129111686327120978e+01 1.149075905843630352e+01 -1.100591635980340577e+01 1.149075905843630352e+01 -7.778969498927817305e+00 7.674302001370336690e+00 -1.100591635980340577e+01 7.674302001370336690e+00 -1.669194130986087998e+01
-1.103879079917709127e+01 1.140953118357127494e+01 -1.087768024791915877e+01 1.140953118357127494e+01 -7.439776782811523326e+00 7.567699629298148878e+00 -1.087768024791915877e+01 7.567699629298148878e+00 -1.594395567722783369e+01
-1.076223273520831292e+01 1.131980828821786211e+01 -1.073317276273504639e+01 1.131980828821786211e+01 -7.081032620408524103e+00 7.445397132592338707e+00 -1.073317276273504639e+01 7.445397132592338707e+00 -1.514374686007403348e+01
2.073629273156591424e+01 -1.055396307771556863e+01 1.731229700707052643e+01 -1.055396307771556863e+01 -2.327471328851889609e+01 1.619590335407934134e+01 1.731229700707052643e+01 1.619590335407934134e+01 -6.216200058845306131e+00
2.078546504580859633e+01 -1.064973981867936459e+01 1.738166639408918002e+01 -1.064973981867936459e+01 -2.314163843660361763e+01 1.613982870387444635e+01 1.738166639408918002e+01 1.613982870387444635e+01 -5.965785495572404784e+00
2.082613237088411040e+01 -1.073078307733859305e+01 1.742266153459298295e+01 -1.073078307733859305e+01 -2.298026218604644200e+01 1.606408512797248278e+01 1.742266153459298295e+01 1.606408512797248278e+01 -5.699490095995941807e+00
2.085836755466542414e+01 -1.079651007070964219e+01 1.743513673283603183e+01 -1.079651007070964219e+01 -2.279127659164041120e+01 1.596890938196054321e+01 1.743513673283603183e+01 1.596890938196054321e+01 -5.420191351097527033e+00
2.088149675432772057e+01 -1.084628337990417535e+01 1.741901914094538029e+01 -1.084628337990417535e+01 -2.257626609462224110e+01 1.585430146583862587e+01 1.741901914094538029e+01 1.585430146583862587e+01 -5.130202180843388859e+00
2.089488255098267189e+01 -1.087959306981153063e+01 1.737410842727039650e+01 -1.087959306981153063e+01 -2.233694262000629749e+01 1.572011568386082736e+01 1.737410842727039650e+01 1.572011568386082736e+01 -4.831799081263280726e+00
2.089794216164666096e+01 -1.089605668909871028e+01 1.730029532000166625e+01 -1.089605668909871028e+01 -2.207540054413996344e+01 1.556613349240829081e+01 1.730029532000166625e+01 1.556613349240829081e+01 -4.527458880037575462e+00
2.089020207514549909e+01 -1.089527357446447375e+01 1.719743412339327904e+01 -1.089527357446447375e+01 -2.179367960746589006e+01 1.539202707605273091e+01 1.719743412339327904e+01 1.539202707605273091e+01 -4.219494497132501465e+00
2.087080632897199806e+01 -1.087706160622644447e+01 1.706526986988989947e+01 -1.087706160622644447e+01 -2.149440233341035622e+01 1.519719543984229659e+01 1.706526986988989947e+01 1.519719543984229659e+01 -3.910455608101385039e+00
2.083935425982492262e+01 -1.084122045273400303e+01 1.690371149965034547e+01 -1.084122045273400303e+01 -2.117995448981254469e+01 1.498098295292041193e+01 1.690371149965034547e+01 1.498098295292041193e+01 -3.602381953386883495e+00
4.509901923600731521e+01 4.353941515619207614e+00 5.064501907248799562e-01 4.353941515619207614e+00 1.233778782834573917e+01 1.368798242246661268e+01 5.064501907248799562e-01 1.368798242246661268e+01 2.266776087693564179e+01
4.534127726847726336e+01 4.309283635520988476e+00 4.627925067624552580e-01 4.309283635520988476e+00 1.252259599855966954e+01 1.365936277514236963e+01 4.627925067624552580e-01 1.365936277514236963e+01 2.319775954510327765e+01
4.554003554269043974e+01 4.257852497380365975e+00 4.181521739648635383e-01 4.257852497380365975e+00 1.270035015392114985e+01 1.360266744681335283e+01 4.181521739648635383e-01 1.360266744681335283e+01 2.364628609645518154e+01
4.569281988925830262e+01 4.199911310706762713e+00 3.726695707371284749e-01 4.199911310706762713e+00 1.286938330087052051e+01 1.351737001846072062e+01 3.726695707371284749e-01 1.351737001846072062e+01 2.400886596933122163e+01
4.579759482130798887e+01 4.135968947218388259e+00 3.266254538892979231e-01 4.135968947218388259e+00 1.302808108775001017e+01 1.340308444947065958e+01 3.266254538892979231e-01 1.340308444947065958e+01 2.428235819691898101e+01
4.585265825067860845e+01 4.066692204339106276e+00 2.802479383295356508e-01 4.066692204339106276e+00 1.317481161560121450e+01 1.325949488843186508e+01 2.802479383295356508e-01 1.325949488843186508e+01 2.446406049492175683e+01
4.585616771080420762e+01 3.992537311885245632e+00 2.337300443647495896e-01 3.992537311885245632e+00 1.330743411374751872e+01 1.308623284203115134e+01 2.337300443647495896e-01 1.308623284203115134e+01 2.455116529523906976e+01
4.580905320861806729e+01 3.914100878078155876e+00 1.871770557987074701e-01 3.914100878078155876e+00 1.342668556881529796e+01 1.288273679664841609e+01 1.871770557987074701e-01 1.288273679664841609e+01 2.454688375388584376e+01
4.570392733055581402e+01 3.832242720648609602e+00 1.407995402389452533e-01 3.832242720648609602e+00 1.352295006006042044e+01 1.264911203608743584e+01 1.407995402389452533e-01 1.264911203608743584e+01 2.443438800955983581e+01
4.554298348919594019e+01 3.747576995118585774e+00 9.459749768546282800e-02 3.747576995118585774e+00 1.359763137153312229e+01 1.238472685752559777e+01 9.459749768546282800e-02 1.238472685752559777e+01 2.421887206324693409e+01
5.382032835607600596e+00 -4.580351540276460298e+00 2.370842741133622589e+00 -4.580351540276460298e+00 1.108147598151160729e+01 9.111339308512365065e+00 2.370842741133622589e+00 9.111339308512365065e+00 4.571684618467813266e+00
5.417848934841679842e+00 -4.591351173959071552e+00 2.406156410117925137e+00 -4.591351173959071552e+00 1.121632467176416448e+01 9.298907287116486842e+00 2.406156410117925137e+00 9.298907287116486842e+00 4.789829066558344728e+00
5.462260180134438592e+00 -4.600287254830099037e+00 2.437486524978998315e+00 -4.600287254830099037e+00 1.134692064883111406e+01 9.463847960543168014e+00 2.437486524978998315e+00 9.463847960543168014e+00 4.999288648902736831e+00
5.514943580611020302e+00 -4.607267446514496712e+00 2.464707478154398057e+00 -4.607267446514496712e+00 1.147236671583785039e+01 9.605963945479995658e+00 2.464707478154398057e+00 9.605963945479995658e+00 5.199507103438736344e+00
5.575145490896758815e+00 -4.612112309637342200e+00 2.487765437831648274e+00 -4.612112309637342200e+00 1.159140679715993549e+01 9.725004026802080759e+00 2.487765437831648274e+00 9.725004026802080759e+00 5.388313213729809092e+00
5.641699555054675130e+00 -4.614768012386162077e+00 2.506516852510813465e+00 -4.614768012386162077e+00 1.170249771417305418e+01 9.820681101509549649e+00 2.506516852510813465e+00 9.820681101509549649e+00 5.563230716402055798e+00
5.713493248960261006e+00 -4.615180722948478476e+00 2.520925834316908087e+00 -4.615180722948478476e+00 1.180432955944028706e+01 9.892761898415010080e+00 2.520925834316908087e+00 9.892761898415010080e+00 5.722052507143956745e+00
5.789324328801552788e+00 -4.613278665574323867e+00 2.530866775687489412e+00 -4.613278665574323867e+00 1.189553859371224220e+01 9.940977258456078047e+00 2.530866775687489412e+00 9.940977258456078047e+00 5.862445874081549491e+00
5.867326625079379632e+00 -4.609025952388714487e+00 2.536249956935096250e+00 -4.609025952388714487e+00 1.197433042323971897e+01 9.965075966507864536e+00 2.536249956935096250e+00 9.965075966507864536e+00 5.981360347841190084e+00
5.946118454606855508e+00 -4.602386695516665682e+00 2.536949770497285428e+00 -4.602386695516665682e+00 1.203941308452328940e+01 9.964806807445484083e+00 2.536949770497285428e+00 9.964806807445484083e+00 6.076319665048979246e+00
2.811030669236142288e+01 5.226886021694577167e+00 -7.227657355232399716e+00 5.226886021694577167e+00 2.040209017479726228e+01 -6.242371782513051137e+00 -7.227657355232399716e+00 -6.242371782513051137e+00 -7.736872982769854801e+00
2.810493027814636235e+01 5.341653834047780158e+00 -7.214722022021903491e+00 5.341653834047780158e+00 2.036862510149823180e+01 -6.326442576410621577e+00 -7.214722022021903491e+00 -6.326442576410621577e+00 -7.800165621400633853e+00
2.811541694745692865e+01 5.449661204764224109e+00 -7.187112449353136867e+00 5.449661204764224109e+00 2.036330191910708010e+01 -6.406769398693081818e+00 -7.187112449353136867e+00 -6.406769398693081818e+00 -7.818033770293596696e+00
2.813928254851058597e+01 5.550180632250449442e+00 -7.144864125108705721e+00 5.550180632250449442e+00 2.038358324401736255e+01 -6.483068346299572404e+00 -7.144864125108705721e+00 -6.483068346299572404e+00 -7.795534452720333185e+00
2.817585281153779064e+01 5.642573334619518377e+00 -7.087977049288610054e+00 5.642573334619518377e+00 2.042847541551606838e+01 -6.554949052521407360e+00 -7.087977049288610054e+00 -6.554949052521407360e+00 -7.733750049100380330e+00
2.822324687876033167e+01 5.726129554219276940e+00 -7.016557685540674605e+00 5.726129554219276940e+00 2.049615080764889186e+01 -6.622003406708600437e+00 -7.016557685540674605e+00 -6.622003406708600437e+00 -7.636566482579275394e+00
2.828050657734780771e+01 5.800334716751915032e+00 -6.930677009630113794e+00 5.800334716751915032e+00 2.058543832028978926e+01 -6.683716834563338871e+00 -6.930677009630113794e+00 -6.683716834563338871e+00 -7.505935586700442030e+00
2.834528970704811002e+01 5.864727479743532257e+00 -6.830281789733015252e+00 5.864727479743532257e+00 2.069381831377361536e+01 -6.739627993611722268e+00 -6.830281789733015252e+00 -6.739627993611722268e+00 -7.346293346789840584e+00
2.841695748597430082e+01 5.918686805248493776e+00 -6.715443001614595175e+00 5.918686805248493776e+00 2.082056328650690702e+01 -6.789222309555941415e+00 -6.715443001614595175e+00 -6.789222309555941415e+00 -7.159183485740900466e+00
2.849240472439820593e+01 5.961964278088546898e+00 -6.585983205861815293e+00 5.961964278088546898e+00 2.096228414570063592e+01 -6.832127159628614166e+00 -6.585983205861815293e+00 -6.832127159628614166e+00 -6.950443760242585256e+00
-1.365247693090332248e+01 8.386553339145605079e+00 -1.719816281544316539e+01 8.386553339145605079e+00 -4.028975387492434557e+00 2.534683869322457372e+00 -1.719816281544316539e+01 2.534683869322457372e+00 1.089794021344067687e+01
-1.360130381339994265e+01 8.374530849151049949e+00 -1.724366219335882633e+01 8.374530849151049949e+00 -4.007885860278920909e+00 2.508103037877743358e+00 -1.724366219335882633e+01 2.508103037877743358e+00 1.097757324656090994e+01
-1.354660969351576050e+01 8.353240643045365843e+00 -1.725597657992380718e+01 8.353240643045365843e+00 -3.989879490590565236e+00 2.467073326196781213e+00 -1.725597657992380718e+01 2.467073326196781213e+00 1.103431064243809523e+01
-1.348928850449771488e+01 8.323102322148544729e+00 -1.723532489756593833e+01 8.323102322148544729e+00 -3.975248174997799477e+00 2.411886630849999325e+00 -1.723532489756593833e+01 2.411886630849999325e+00 1.106747739025312072e+01
-1.343090919041186382e+01 8.284371295959713777e+00 -1.718194431224869234e+01 8.284371295959713777e+00 -3.965104769175382682e+00 2.343144988513909510e+00 -1.718194431224869234e+01 2.343144988513909510e+00 1.107521264936949557e+01
-1.337338732250164774e+01 8.237467165798861402e+00 -1.709612672054248605e+01 8.237467165798861402e+00 -3.960999973653720918e+00 2.261450435865020925e+00 -1.709612672054248605e+01 2.261450435865020925e+00 1.105534543904465572e+01
-1.331883915090268111e+01 8.182663584700769377e+00 -1.697814577548211190e+01 8.182663584700769377e+00 -3.964630437248434447e+00 2.167550957865059136e+00 -1.697814577548211190e+01 2.167550957865059136e+00 1.100552234317951061e+01
-1.326981877060621784e+01 8.120434884592381053e+00 -1.682829337363799027e+01 8.120434884592381053e+00 -3.978167140702091764e+00 2.062176295940097326e+00 -1.682829337363799027e+01 2.062176295940097326e+00 1.092266020424890627e+01
-1.322893500721046856e+01 8.051091205579782084e+00 -1.664675195036664235e+01 8.051091205579782084e+00 -4.003981743649428715e+00 1.946129165658815552e+00 -1.664675195036664235e+01 1.946129165658815552e+00 1.080367586472767982e+01
-1.319890614752755909e+01 7.975015661911655229e+00 -1.643357623627502662e+01 7.975015661911655229e+00 -4.044482392796489023e+00 1.820084577840331619e+00 -1.643357623627502662e+01 1.820084577840331619e+00 1.064506656577068178e+01
1.612930462785614338e+01 -1.009802438355677623e+01 1.787006708261597865e+01 -1.009802438355677623e+01 -1.284615881036757479e+01 -4.449279190908621118e+00 1.787006708261597865e+01 -4.449279190908621118e+00 -1.126997053139766436e+01
1.640424885796169363e+01 -1.004730792673498208e+01 1.791122879148352709e+01 -1.004730792673498208e+01 -1.283771212253729743e+01 -4.416673159391743653e+00 1.791122879148352709e+01 -4.416673159391743653e+00 -1.088874335399114024e+01
1.668288056684045984e+01 -9.982677141143311061e+00 1.791589717594025544e+01 -9.982677141143311061e+00 -1.279613262050825462e+01 -4.375584110204457922e+00 1.791589717594025544e+01 -4.375584110204457922e+00 -1.046877040208573106e+01
1.696318344836521774e+01 -9.904967613104757262e+00 1.788405407106611733e+01 -9.904967613104757262e+00 -1.272174727284161833e+01 -4.326956619190150732e+00 1.788405407106611733e+01 -4.326956619190150732e+00 -1.001344851573361261e+01
1.724297771212814823e+01 -9.814942269262058261e+00 1.781586296114168277e+01 -9.814942269262058261e+00 -1.261502836745908063e+01 -4.271898746472793995e+00 1.781586296114168277e+01 -4.271898746472793995e+00 -9.526210864827088898e+00
1.752004723788131813e+01 -9.713364036257946310e+00 1.771157815504786726e+01 -9.713364036257946310e+00 -1.247670250116324553e+01 -4.211591211856618777e+00 1.771157815504786726e+01 -4.211591211856618777e+00 -9.010363464818011536e+00
1.779206691585638112e+01 -9.601032170575287239e+00 1.757156295118597811e+01 -9.601032170575287239e+00 -1.230769608487743483e+01 -4.147232900065924710e+00 1.757156295118597811e+01 -4.147232900065924710e+00 -8.468776373076671860e+00
1.805692961532579588e+01 -9.478836753297272821e+00 1.739608982335698784e+01 -9.478836753297272821e+00 -1.210873571540425431e+01 -4.080149850265462952e+00 1.739608982335698784e+01 -4.080149850265462952e+00 -7.905518531697651063e+00
1.831225573176102372e+01 -9.347595205826833009e+00 1.718559472964246027e+01 -9.347595205826833009e+00 -1.188129275126897433e+01 -4.011577277019660492e+00 1.718559472964246027e+01 -4.011577277019660492e+00 -7.323114864570001714e+00
1.855599262919470505e+01 -9.208161279407027777e+00 1.694031381400323966e+01 -9.208161279407027777e+00 -1.162623910863472432e+01 -3.942823054573208807e+00 1.694031381400323966e+01 -3.942823054573208807e+00 -6.725761468228763640e+00
4.024061027805494462e+01 -8.311384589597004435e+00 1.198906488094659650e+01 -8.311384589597004435e+00 4.128808748464288669e+01 2.206712732583790881e+01 1.198906488094659650e+01 2.206712732583790881e+01 6.227704989721329909e+00
4.028926449557301481e+01 -8.161692709768852083e+00 1.209738673484785210e+01 -8.161692709768852083e+00 4.122401099545452041e+01 2.200447979289469558e+01 1.209738673484785210e+01 2.200447979289469558e+01 6.184592334227168031e+00
4.033821496011751861e+01 -8.007661682318206076e+00 1.218547665947315117e+01 -8.007661682318206076e+00 4.115543852198259600e+01 2.189960834553662750e+01 1.218547665947315117e+01 2.189960834553662750e+01 6.122903247545950833e+00
4.038641609394809961e+01 -7.850406790168119819e+00 1.225267245558692863e+01 -7.850406790168119819e+00 4.108247462200117184e+01 2.175268724672042708e+01 1.225267245558692863e+01 2.175268724672042708e+01 6.041243626023864444e+00
4.043252607229796070e+01 -7.691182726607021181e+00 1.229812023470122817e+01 -7.691182726607021181e+00 4.100506701662321518e+01 2.156369907015042386e+01 1.229812023470122817e+01 2.156369907015042386e+01 5.938724728581603607e+00
4.047485454448685260e+01 -7.531296463810361885e+00 1.232110551869346615e+01 -7.531296463810361885e+00 4.092291945882229243e+01 2.133259153693960286e+01 1.232110551869346615e+01 2.133259153693960286e+01 5.813865320086991417e+00
4.051172858613019656e+01 -7.372054973953590995e+00 1.232086155055404930e+01 -7.372054973953590995e+00 4.083563114379794001e+01 2.105926008931392346e+01 1.232086155055404930e+01 2.105926008931392346e+01 5.664696229129018157e+00
4.054091763138190885e+01 -7.214678097733796314e+00 1.229667385216039754e+01 -7.214678097733796314e+00 4.074234818306218386e+01 2.074366987468204471e+01 1.229667385216039754e+01 2.074366987468204471e+01 5.488952037270238726e+00
4.055893642110743968e+01 -7.060629643987478055e+00 1.224793250316396609e+01 -7.060629643987478055e+00 4.064075287929057367e+01 2.038533295676512935e+01 1.224793250316396609e+01 2.038533295676512935e+01 5.281404855808853327e+00
4.056658656490773041e+01 -6.910606664541544930e+00 1.217383589396381360e+01 -6.910606664541544930e+00 4.053305837203352979e+01 1.998417963038048484e+01 1.217383589396381360e+01 1.998417963038048484e+01 5.045069433896234301e+00
6.958627530228230995e+00 1.012247980682087345e+01 -1.333323242300351019e+01 1.012247980682087345e+01 -1.349833478850245605e+01 -1.049082307449783613e+01 -1.333323242300351019e+01 -1.049082307449783613e+01 -2.163327551621641831e+01
6.959944544444486958e+00 9.980992237893957508e+00 -1.319083026087086097e+01 9.980992237893957508e+00 -1.336897472548356092e+01 -1.045934277635650211e+01 -1.319083026087086097e+01 -1.045934277635650211e+01 -2.145227752080182881e+01
6.989211527027946680e+00 9.827011325776727091e+00 -1.302437429742743014e+01 9.827011325776727091e+00 -1.319763483432151396e+01 -1.041694223533871266e+01 -1.302437429742743014e+01 -1.041694223533871266e+01 -2.118673452944927149e+01
7.047050401358510463e+00 9.661268745033765981e+00 -1.283435841300431335e+01 9.661268745033765981e+00 -1.298418707196751676e+01 -1.036396899686265094e+01 -1.283435841300431335e+01 -1.036396899686265094e+01 -2.083730504926687033e+01
7.132455114909871163e+00 9.484788840055500714e+00 -1.262142282284552408e+01 9.484788840055500714e+00 -1.273040574924068480e+01 -1.030078889821060528e+01 -1.262142282284552408e+01 -1.030078889821060528e+01 -2.040680602732827964e+01
7.244309863971033714e+00 9.298705706417036865e+00 -1.238622603405918987e+01 9.298705706417036865e+00 -1.243808346882425830e+01 -1.022771290107252717e+01 -1.238622603405918987e+01 -1.022771290107252717e+01 -1.989820074562008401e+01
7.381334218053972052e+00 9.104299774606401385e+00 -1.212955459680224379e+01 9.104299774606401385e+00 -1.210919575204262166e+01 -1.014505196713836810e+01 -1.212955459680224379e+01 -1.014505196713836810e+01 -1.931419640003124627e+01
7.541845325660137433e+00 8.902851475111619450e+00 -1.185208531004692389e+01 8.902851475111619450e+00 -1.174617541682302502e+01 -1.005308047436984253e+01 -1.185208531004692389e+01 -1.005308047436984253e+01 -1.865828673660766768e+01
7.723922541057491209e+00 8.695659530284835625e+00 -1.155465959954250721e+01 8.695659530284835625e+00 -1.135165649159798029e+01 -9.951999633272215817e+00 -1.155465959954250721e+01 -9.951999633272215817e+00 -1.793566664475791939e+01
7.925444008008730279e+00 8.484132413662875294e+00 -1.123784451307654919e+01 8.484132413662875294e+00 -1.092856567462582973e+01 -9.841937486894289933e+00 -1.123784451307654919e+01 -9.841937486894289933e+00 -1.715052496136424764e+01
-3.123501805383718022e+01 -3.978530368926153304e+00 2.388752720722686629e+00 -3.978530368926153304e+00 -2.988670741860040891e+01 -1.376842486455541881e+01 2.388752720722686629e+00 -1.376842486455541881e+01 -4.231372665103193498e+01
-3.129109046267714334e+01 -4.006150381377686642e+00 2.317754154468847805e+00 -4.006150381377686642e+00 -2.988644256916594344e+01 -1.381057376026912920e+01 2.317754154468847805e+00 -1.381057376026912920e+01 -4.242314730310020110e+01
-3.128999322930578231e+01 -4.031670516170232865e+00 2.245525930126412995e+00 -4.031670516170232865e+00 -2.983105120172889357e+01 -1.384297998035781241e+01 2.245525930126412995e+00 -1.384297998035781241e+01 -4.237799047452362089e+01
-3.123131016175464580e+01 -4.055015102036803043e+00 2.171746444810673360e+00 -4.055015102036803043e+00 -2.972002253523707793e+01 -1.386532192193675961e+01 2.171746444810673360e+00 -1.386532192193675961e+01 -4.217961824810802085e+01
-3.111606282212811081e+01 -4.076032796443414874e+00 2.096056260003423155e+00 -4.076032796443414874e+00 -2.955460514559583984e+01 -1.387727798212125840e+01 2.096056260003423155e+00 -1.387727798212125840e+01 -4.182982781644442127e+01
-3.094542411506452950e+01 -4.094629010306331196e+00 2.018020265919467260e+00 -4.094629010306331196e+00 -2.933604760871051909e+01 -1.387833737985912563e+01 2.018020265919467260e+00 -1.387833737985912563e+01 -4.133109741352676991e+01
-3.072094530153719916e+01 -4.110614565458075909e+00 1.937222270590358342e+00 -4.110614565458075909e+00 -2.906593902118792272e+01 -1.386798933409817458e+01 1.937222270590358342e+00 -1.386798933409817458e+01 -4.068630254750069497e+01
-3.044334525858254636e+01 -4.123819201547918034e+00 1.853208246414153049e+00 -4.123819201547918034e+00 -2.874537661639940822e+01 -1.384560955688573181e+01 1.853208246414153049e+00 -1.384560955688573181e+01 -3.989911327481524950e+01
-3.011640754955007893e+01 -4.134034822591635461e+00 1.765278234171189231e+00 -4.134034822591635461e+00 -2.837778451917629496e+01 -1.381047917118539203e+01 1.765278234171189231e+00 -1.381047917118539203e+01 -3.897231051453232453e+01
-2.974060511985849686e+01 -4.141053332605004300e+00 1.672921452809281062e+00 -4.141053332605004300e+00 -2.796390052437173779e+01 -1.376182254651049952e+01 1.672921452809281062e+00 -1.376182254651049952e+01 -3.790998051506940669e+01
-2.249359134097159441e+01 -5.919989435891695351e+00 1.541285990218527502e+01 -5.919989435891695351e+00 -3.137895078218203793e+01 -2.242502112516743917e+00 1.541285990218527502e+01 -2.242502112516743917e+00 -3.744786674388671344e+01
-2.241743359167784888e+01 -5.885760810869190784e+00 1.531879708006622920e+01 -5.885760810869190784e+00 -3.133169343960420861e+01 -2.390844981907454425e+00 1.531879708006622920e+01 -2.390844981907454425e+00 -3.727644120437631869e+01
-2.229774636985823122e+01 -5.845676793997402143e+00 1.520246117576806810e+01 -5.845676793997402143e+00 -3.123113508633402446e+01 -2.535798878523660704e+00 1.520246117576806810e+01 -2.535798878523660704e+00 -3.697307165817851171e+01
-2.213479326228410216e+01 -5.800095110180305547e+00 1.506392749979689860e+01 -5.800095110180305547e+00 -3.107738868813063249e+01 -2.677796837775435979e+00 1.506392749979689860e+01 -2.677796837775435979e+00 -3.654014921386197301e+01
-2.192960978841432151e+01 -5.749448794827974218e+00 1.490340315604449195e+01 -5.749448794827974218e+00 -3.087143328157332434e+01 -2.817177756940233202e+00 1.490340315604449195e+01 -2.817177756940233202e+00 -3.598046036015240645e+01
-2.168345739922608217e+01 -5.694152055723961325e+00 1.472118938653525078e+01 -5.694152055723961325e+00 -3.061449266238624389e+01 -2.954318188548551216e+00 1.472118938653525078e+01 -2.954318188548551216e+00 -3.529718696593254634e+01
-2.139787996009442494e+01 -5.634675583531391752e+00 1.451749329516095344e+01 -5.634675583531391752e+00 -3.030799773018527787e+01 -3.089538202251316257e+00 1.451749329516095344e+01 -3.089538202251316257e+00 -3.449428283277264740e+01
-2.107517444145541319e+01 -5.571395930780765227e+00 1.429269143445209345e+01 -5.571395930780765227e+00 -2.995432076591259118e+01 -3.223289661085129154e+00 1.429269143445209345e+01 -3.223289661085129154e+00 -3.357637955679786046e+01
-2.071620691412919157e+01 -5.504953236773935110e+00 1.404721683981875380e+01 -5.504953236773935110e+00 -2.955444080614748259e+01 -3.355817324194815043e+00 1.404721683981875380e+01 -3.355817324194815043e+00 -3.254859825242299820e+01
-2.032455462715552130e+01 -5.435535777776149935e+00 1.378108833888745544e+01 -5.435535777776149935e+00 -2.911202923806232690e+01 -3.487742503255700122e+00 1.378108833888745544e+01 -3.487742503255700122e+00 -3.141621065507506572e+01
1.667503304999753055e+01 1.246325283388418370e+01 1.758469032782186359e+00 1.246325283388418370e+01 3.849855777553685954e+01 8.286636017658118192e+00 1.758469032782186359e+00 8.286636017658118192e+00 1.775113159332132895e+01
1.670871884828874698e+01 1.251655203431362651e+01 1.621509437223231043e+00 1.251655203431362651e+01 3.835964563501168101e+01 8.242114474329103047e+00 1.621509437223231043e+00 8.242114474329103047e+00 1.760704784720992677e+01
1.673881618556094608e+01 1.255618341997947773e+01 1.482597296698048517e+00 1.255618341997947773e+01 3.819357376991123232e+01 8.170169348996951797e+00 1.482597296698048517e+00 8.170169348996951797e+00 1.740978803413541698e+01
1.676430481309304810e+01 1.258191831444425546e+01 1.341926106653742456e+00 1.258191831444425546e+01 3.800090507608163648e+01 8.071099680079916183e+00 1.341926106653742456e+00 8.071099680079916183e+00 1.715871889627091917e+01
