1.553646789897332459e-01 6.788871525507355065e-01 -1.991975395160727524e+00 6.788871525507353955e-01 9.388166712871718333e-01 -3.450781247256998974e+00 -1.991975395160727524e+00 -3.450781247256998974e+00 -3.300138763250674567e-01
1.202332714625424376e-01 6.823137129626568598e-01 -1.987827566444927641e+00 6.823137129626567488e-01 1.031922023334810090e+00 -3.497484194528881041e+00 -1.987827566444927641e+00 -3.497484194528881041e+00 -2.563439293580359601e-01
9.747417350910524136e-02 6.842650467839732631e-01 -1.984553956254080376e+00 6.842650467839731521e-01 1.136614977377500946e+00 -3.550113573023303992e+00 -1.984553956254080376e+00 -3.550113573023303992e+00 -1.659110857689037877e-01
8.774529149679921591e-02 6.849852738685047182e-01 -1.982313590203579556e+00 6.849852738685046072e-01 1.252707783803179042e+00 -3.608619330047548868e+00 -1.982313590203579556e+00 -3.608619330047548868e+00 -5.949291249914914759e-02
9.032425776029556763e-02 6.844853831387471832e-01 -1.981208822396241853e+00 6.844853831387472942e-01 1.378572026500611836e+00 -3.672817089065484542e+00 -1.981208822396241853e+00 -3.672817089065484542e+00 6.084913390870422267e-02
1.043349995411565478e-01 6.828859855886054708e-01 -1.981442587530253707e+00 6.828859855886053598e-01 1.512552164930400345e+00 -3.742443522912628051e+00 -1.981442587530253707e+00 -3.742443522912628051e+00 1.929993480557504193e-01
1.284424268835178129e-01 6.803089035400941009e-01 -1.983202160007884407e+00 6.803089035400941009e-01 1.652493279287820638e+00 -3.817244345900558056e+00 -1.983202160007884407e+00 -3.817244345900558056e+00 3.341548723622422834e-01
1.611842200178356388e-01 6.769277855154128831e-01 -1.986742300727486255e+00 6.769277855154128831e-01 1.796006020539280046e+00 -3.897009830572404798e+00 -1.986742300727486255e+00 -3.897009830572404798e+00 4.811511902058846490e-01
2.007561059560843408e-01 6.729119969036234661e-01 -1.992396072067006862e+00 6.729119969036233551e-01 1.940771748587756473e+00 -3.981485042090989079e+00 -1.992396072067006862e+00 -3.981485042090989079e+00 6.307695361080002394e-01
2.455305957033471209e-01 6.685068688866552256e-01 -2.000418234924799421e+00 6.685068688866552256e-01 2.084276956390992197e+00 -4.070460252999440698e+00 -2.000418234924799421e+00 -4.070460252999440698e+00 7.796283980207648900e-01
1.382026745356663078e+01 -2.177191666767669176e+01 -1.472669555059167656e+01 -2.177191666767669176e+01 2.596641806757351389e+01 -4.291992965628464773e+00 -1.472669555059167656e+01 -4.291992965628464773e+00 3.396122044306243737e+01
1.360600124549373646e+01 -2.170538740702268754e+01 -1.461251433209453765e+01 -2.170538740702268754e+01 2.560175091888131504e+01 -4.495585558560634354e+00 -1.461251433209453765e+01 -4.495585558560634354e+00 3.322467042899613432e+01
1.334764683207097136e+01 -2.160577876060197511e+01 -1.447816792003401076e+01 -2.160577876060197511e+01 2.519228987127622688e+01 -4.714033000994441558e+00 -1.447816792003401076e+01 -4.714033000994441558e+00 3.235758474810962326e+01
1.304777999480337236e+01 -2.147480203530488296e+01 -1.432499713217984016e+01 -2.147480203530488296e+01 2.474235729783175941e+01 -4.946735453401315041e+00 -1.432499713217984016e+01 -4.946735453401315041e+00 3.136880221227978183e+01
1.270765333976530442e+01 -2.131460959649863440e+01 -1.415450156735345644e+01 -2.131460959649863440e+01 2.425495239619077026e+01 -5.192299170994285618e+00 -1.415450156735345644e+01 -5.192299170994285618e+00 3.026504455269439475e+01
1.232859004238743417e+01 -2.112770665633196288e+01 -1.396819846671535359e+01 -2.112770665633196288e+01 2.373314493335239561e+01 -5.449224554951928035e+00 -1.396819846671535359e+01 -5.449224554951928035e+00 2.905356277071352977e+01
1.191201913213488695e+01 -2.091707477010863769e+01 -1.376748157505250170e+01 -2.091707477010863769e+01 2.318014581502840343e+01 -5.715782656044835264e+00 -1.376748157505250170e+01 -5.715782656044835264e+00 2.774211949553044221e+01
1.145938728081185864e+01 -2.068587191652318680e+01 -1.355356821376111753e+01 -2.068587191652318680e+01 2.259913066225239220e+01 -5.990085743991922840e+00 -1.355356821376111753e+01 -5.990085743991922840e+00 2.633893605715434205e+01
1.097222937191792269e+01 -2.043750306701720021e+01 -1.332772863125464369e+01 -2.043750306701720021e+01 2.199338095009242622e+01 -6.270157876816723430e+00 -1.332772863125464369e+01 -6.270157876816723430e+00 2.485272777108857767e+01
1.045246842041231972e+01 -2.017537319303226084e+01 -1.309084494448685909e+01 -2.017537319303226084e+01 2.136626636531192602e+01 -6.554023112542773255e+00 -1.309084494448685909e+01 -6.554023112542773255e+00 2.329229816453185364e+01
-2.866966397041378656e+01 3.842268456403001409e+00 -5.388302831983647678e+00 3.842268456403001409e+00 -1.340784061675693550e+01 4.026284579310225986e+00 -5.388302831983647678e+00 4.026284579310225986e+00 8.119517663825767784e+00
-2.857784044177495986e+01 3.888881445418609584e+00 -5.393543563923644868e+00 3.888881445418609584e+00 -1.343280790659783541e+01 3.865335058251580858e+00 -5.393543563923644868e+00 3.865335058251580858e+00 8.194548706318824927e+00
-2.847431753267854049e+01 3.933888998945557880e+00 -5.397640192411952142e+00 3.933888998945557880e+00 -1.346229625040106015e+01 3.687556144484211540e+00 -5.397640192411952142e+00 3.687556144484211540e+00 8.257271410065483153e+00
-2.835974110797627645e+01 3.977069677606097198e+00 -5.400592717448570390e+00 3.977069677606097198e+00 -1.349597348909998473e+01 3.492726398630372486e+00 -5.400592717448570390e+00 3.492726398630372486e+00 8.305360661599401340e+00
-2.823577196300127312e+01 4.017999055926216201e+00 -5.402253512781667766e+00 4.017999055926216201e+00 -1.353444858098341541e+01 3.280956540378936914e+00 -5.402253512781667766e+00 3.280956540378936914e+00 8.337709264031847312e+00
-2.810456913168655291e+01 4.056363428120772774e+00 -5.402438045596457350e+00 4.056363428120772774e+00 -1.357862573684381502e+01 3.052283476292863451e+00 -5.402438045596457350e+00 3.052283476292863451e+00 8.352656422029726357e+00
-2.796842082093550275e+01 4.091867541686106335e+00 -5.400906423233711173e+00 4.091867541686106335e+00 -1.362955679372547735e+01 2.806504220275882755e+00 -5.400906423233711173e+00 2.806504220275882755e+00 8.348485980415503604e+00
-2.783015038281437725e+01 4.124253050681511823e+00 -5.397381846471247968e+00 4.124253050681511823e+00 -1.368864420102079649e+01 2.543341973105813558e+00 -5.397381846471247968e+00 2.543341973105813558e+00 8.323001998693193570e+00
-2.769254426282649462e+01 4.153224702603326435e+00 -5.391532156242448970e+00 4.153224702603326435e+00 -1.375732731468512604e+01 2.262316949464204363e+00 -5.391532156242448970e+00 2.262316949464204363e+00 8.273805550270543208e+00
-2.755857343928994752e+01 4.178634871199721879e+00 -5.382969833636256141e+00 4.178634871199721879e+00 -1.383706394395529493e+01 1.962857097625210656e+00 -5.382969833636256141e+00 1.962857097625210656e+00 8.198460801992345282e+00
-2.655459789889031086e+00 -1.297825040312089584e+01 -1.921714798350512732e+00 -1.297825040312089584e+01 3.827705454575422106e+00 -7.799935339885938568e+00 -1.921714798350512732e+00 -7.799935339885938568e+00 -3.497516585308865888e+00
-2.666057281989812733e+00 -1.292845124793278089e+01 -2.012400346139417984e+00 -1.292845124793278089e+01 3.843157866134338629e+00 -7.796964419023497683e+00 -2.012400346139417984e+00 -7.796964419023497683e+00 -3.504273618733808160e+00
-2.655858328053505080e+00 -1.286609814056374113e+01 -2.104299623792857510e+00 -1.286609814056374113e+01 3.871925075460903365e+00 -7.786529965262729114e+00 -2.104299623792857510e+00 -7.786529965262729114e+00 -3.483386595841157618e+00
-2.625025966420122092e+00 -1.279169831140492519e+01 -2.198028553928653483e+00 -1.279169831140492519e+01 3.914206351637351755e+00 -7.769066747510330551e+00 -2.198028553928653483e+00 -7.769066747510330551e+00 -3.436811976711058758e+00
-2.574755811583083975e+00 -1.270570464473414418e+01 -2.293931328597943242e+00 -1.270570464473414418e+01 3.968969118510276672e+00 -7.745027650044113976e+00 -2.293931328597943242e+00 -7.745027650044113976e+00 -3.365854068063606874e+00
-2.506569554715836201e+00 -1.260875117854033256e+01 -2.392442716707425809e+00 -1.260875117854033256e+01 4.034927184730693561e+00 -7.715010480110791491e+00 -2.392442716707425809e+00 -7.715010480110791491e+00 -3.272578022205621551e+00
-2.422568578867423383e+00 -1.250149006618353908e+01 -2.493943141050461776e+00 -1.250149006618353908e+01 4.110413936156255943e+00 -7.679576814214846614e+00 -2.493943141050461776e+00 -7.679576814214846614e+00 -3.159447529608395921e+00
-2.324999190055788478e+00 -1.238453723028158571e+01 -2.598885485904862236e+00 -1.238453723028158571e+01 4.193563489562383673e+00 -7.639306344231879820e+00 -2.598885485904862236e+00 -7.639306344231879820e+00 -3.029288588165470308e+00
-2.216234501896662046e+00 -1.225852670882341044e+01 -2.707686404806213698e+00 -1.225852670882341044e+01 4.282491846353382314e+00 -7.594851223521936312e+00 -2.707686404806213698e+00 -7.594851223521936312e+00 -2.884963426512611395e+00
-2.098883127830236006e+00 -1.212409253979794777e+01 -2.820853128145664801e+00 -1.212409253979794777e+01 4.375025161995757195e+00 -7.546773028589503163e+00 -2.820853128145664801e+00 -7.546773028589503163e+00 -2.729932080532297523e+00
-3.907550659773288970e+00 2.121752071202426482e+00 7.857323904518455748e+00 2.121752071202426482e+00 2.947956878381876322e+01 1.410884605279419013e+01 7.857323904518455748e+00 1.410884605279419013e+01 -5.954674267253677655e+00
-3.983701787781542158e+00 2.043737918655744945e+00 7.605475231578433970e+00 2.043737918655744945e+00 2.928153285812334161e+01 1.397718037628027332e+01 7.605475231578433970e+00 1.397718037628027332e+01 -6.360598652261208130e+00
-4.030116177964883306e+00 1.965025131907153444e+00 7.339743443087625607e+00 1.965025131907153444e+00 2.907688677805599298e+01 1.381169363891489077e+01 7.339743443087625607e+00 1.381169363891489077e+01 -6.749952867095219133e+00
-4.045969800239007874e+00 1.886240690368621742e+00 7.060038970558606408e+00 1.886240690368621742e+00 2.886778018731491713e+01 1.361299490641252774e+01 7.060038970558606408e+00 1.361299490641252774e+01 -7.119960288645552637e+00
-4.031871720318402019e+00 1.807922004964697571e+00 6.766863397520952894e+00 1.807922004964697571e+00 2.865484006531206873e+01 1.338178281297509642e+01 6.766863397520952894e+00 1.338178281297509642e+01 -7.469187821113416170e+00
-3.988896760052158985e+00 1.730696055107351361e+00 6.460628739016815558e+00 1.730696055107351361e+00 2.843871130515691092e+01 1.311882764759444520e+01 6.460628739016815558e+00 1.311882764759444520e+01 -7.796757693322054372e+00
-3.918567583726493719e+00 1.655171906511069269e+00 6.141729096390863951e+00 1.655171906511069269e+00 2.821980592189159509e+01 1.282484595816996986e+01 6.141729096390863951e+00 1.282484595816996986e+01 -8.102508681994098794e+00
-3.822639733694926267e+00 1.581958624890337672e+00 5.810433175105370829e+00 1.581958624890337672e+00 2.799832096618845867e+01 1.250053637890358438e+01 5.810433175105370829e+00 1.250053637890358438e+01 -8.386655751499370481e+00
-3.703119544075763159e+00 1.511683189657127446e+00 5.466973853227639069e+00 1.511683189657127446e+00 2.777450722981228282e+01 1.214652588920725407e+01 5.466973853227639069e+00 1.214652588920725407e+01 -8.649593003182536322e+00
-3.562156658567189993e+00 1.444936752828440030e+00 5.111458612942579194e+00 1.444936752828440030e+00 2.754854384973792492e+01 1.176342355479546953e+01 5.111458612942579194e+00 1.176342355479546953e+01 -8.892072812337962873e+00
-2.872996404954980676e+01 -1.090410210173129668e+00 5.207556237337936267e+00 -1.090410210173129668e+00 -2.506639662227055609e+01 -9.534598577097675332e+00 5.207556237337936267e+00 -9.534598577097675332e+00 -5.385949207084625812e+01
-2.854510488263261081e+01 -1.093017852515414390e+00 5.386671032718504115e+00 -1.093017852515414390e+00 -2.490215294662461076e+01 -9.458183318893325975e+00 5.386671032718504115e+00 -9.458183318893325975e+00 -5.333463791360491513e+01
-2.829252259865201680e+01 -1.093131228269426769e+00 5.556904727368102925e+00 -1.093131228269426769e+00 -2.467237808515950803e+01 -9.374209677088151338e+00 5.556904727368102925e+00 -9.374209677088151338e+00 -5.262103202189195628e+01
-2.797238726123903874e+01 -1.090769233394168758e+00 5.718502968753758076e+00 -1.090769233394168758e+00 -2.437722320554725997e+01 -9.282488692092130123e+00 5.718502968753758076e+00 -9.282488692092130123e+00 -5.172126314209065612e+01
-2.758638061074486814e+01 -1.085931867889640356e+00 5.871257901326446316e+00 -1.085931867889640356e+00 -2.401793544108200962e+01 -9.183058155823268009e+00 5.871257901326446316e+00 -9.183058155823268009e+00 -5.063997968011552331e+01
-2.713648672286471708e+01 -1.078808091345861975e+00 6.014697126111117065e+00 -1.078808091345861975e+00 -2.359642328362295771e+01 -9.076107027871584521e+00 6.014697126111117065e+00 -9.076107027871584521e+00 -4.938404086908430202e+01
-2.662572895103891568e+01 -1.069549071434850340e+00 6.148499411804736248e+00 -1.069549071434850340e+00 -2.311518099975837970e+01 -8.961503036524062438e+00 6.148499411804736248e+00 -8.961503036524062438e+00 -4.795905880882062888e+01
-2.605577013965964639e+01 -1.058381559664630434e+00 6.271984503883227369e+00 -1.058381559664630434e+00 -2.257560689045443070e+01 -8.839567413083740277e+00 6.271984503883227369e+00 -8.839567413083740277e+00 -4.637202500415524042e+01
-2.543307270670561593e+01 -1.045418931789214190e+00 6.384831171043555464e+00 -1.045418931789214190e+00 -2.198363428683775922e+01 -8.710262365632614134e+00 6.384831171043555464e+00 -8.710262365632614134e+00 -4.463847193338784791e+01
-2.476069779753515476e+01 -1.030963523152634842e+00 6.486415846638654337e+00 -1.030963523152634842e+00 -2.134194641508664958e+01 -8.573890229514715244e+00 6.486415846638654337e+00 -8.573890229514715244e+00 -4.276788536793748108e+01
-6.372301417819635772e-01 -3.397555186437721364e+00 -4.032021516798530492e+00 -3.397555186437721364e+00 1.154135134045567224e+00 8.525256322518057317e+00 -4.032021516798530492e+00 8.525256322518057317e+00 5.567869717121301854e+00
-5.402438442644625916e-01 -3.360288892569476715e+00 -3.954201257959752969e+00 -3.360288892569476715e+00 1.276627978796205154e+00 8.478181207723755719e+00 -3.954201257959752969e+00 8.478181207723755719e+00 5.847213376054182454e+00
-4.408188896106490784e-01 -3.317946579032314602e+00 -3.873707508334500726e+00 -3.317946579032314602e+00 1.399084695292971414e+00 8.406322110773743361e+00 -3.873707508334500726e+00 8.406322110773743361e+00 6.113171516927747184e+00
-3.396236505171418840e-01 -3.270925656618819843e+00 -3.790449947288092147e+00 -3.270925656618819843e+00 1.520620141316019636e+00 8.309426133890921662e+00 -3.790449947288092147e+00 8.309426133890921662e+00 6.362980328320840151e+00
-2.381393853926642989e-01 -3.219497087233026189e+00 -3.704663408470694197e+00 -3.219497087233026189e+00 1.639572417187270092e+00 8.187294571678995325e+00 -3.704663408470694197e+00 8.187294571678995325e+00 6.593912127066181128e+00
-1.378112243920682489e-01 -3.164130538175260909e+00 -3.616546597278597730e+00 -3.164130538175260909e+00 1.754261559101707446e+00 8.039638398106998096e+00 -3.616546597278597730e+00 8.039638398106998096e+00 6.803365678885034740e+00
-4.048170846279000590e-02 -3.105151163730366370e+00 -3.526298219108093157e+00 -3.105151163730366370e+00 1.862610192461731540e+00 7.866096330636215939e+00 -3.526298219108093157e+00 7.866096330636215939e+00 6.988215889817532833e+00
5.177178779757080074e-02 -3.043046695325604123e+00 -3.434135043482410943e+00 -3.043046695325604123e+00 1.962595135050550166e+00 7.666180637839386414e+00 -3.434135043482410943e+00 7.666180637839386414e+00 7.145265409396067469e+00
1.369260821722214638e-01 -2.978196479626623372e+00 -3.340201583417034659e+00 -2.978196479626623372e+00 2.052012563382014321e+00 7.439277139400696015e+00 -3.340201583417034659e+00 7.439277139400696015e+00 7.271280758899157703e+00
2.128496076827553207e-01 -2.911052119806814886e+00 -3.244660416054385710e+00 -2.911052119806814886e+00 2.128875423493201691e+00 7.184717462623525286e+00 -3.244660416054385710e+00 7.184717462623525286e+00 7.363064587859190269e+00
4.626719493360209157e+01 -1.033044538324569039e+01 -2.019628579286232650e+01 -1.033044538324569039e+01 6.725760535431093956e+01 1.461795138093290447e+01 -2.019628579286232650e+01 1.461795138093290447e+01 7.863646553896282398e+01
4.617290889462810100e+01 -1.022889487611925041e+01 -2.007746950328983360e+01 -1.022889487611925041e+01 6.698250163478890329e+01 1.441258655567437685e+01 -2.007746950328983360e+01 1.441258655567437685e+01 7.815797360528421223e+01
4.595801579021147631e+01 -1.010120917775597604e+01 -1.990670381937134437e+01 -1.010120917775597604e+01 6.655631387180793013e+01 1.412743083952279122e+01 -1.990670381937134437e+01 1.412743083952279122e+01 7.733869364469582308e+01
4.562344479651125795e+01 -9.949584522713587731e+00 -1.968542474062536130e+01 -9.949584522713587731e+00 6.598368794616314403e+01 1.376530554917921556e+01 -1.968542474062536130e+01 1.376530554917921556e+01 7.618553534899852764e+01
4.517098668939757999e+01 -9.776791545357202295e+00 -1.941591297216951162e+01 -9.776791545357202295e+00 6.527117877330380225e+01 1.333021458918348401e+01 -1.941591297216951162e+01 1.333021458918348401e+01 7.470875344416560893e+01
4.460229709184472568e+01 -9.586361115091152740e+00 -1.910147975995235825e+01 -9.586361115091152740e+00 6.442593256259841894e+01 1.282769922826583908e+01 -1.910147975995235825e+01 1.282769922826583908e+01 7.292095093773599501e+01
4.392391402518988741e+01 -9.382128195335448950e+00 -1.874579112627409216e+01 -9.382128195335448950e+00 6.346018065112230033e+01 1.226387513496392501e+01 -1.874579112627409216e+01 1.226387513496392501e+01 7.084322857557575048e+01
4.314175042862693488e+01 -9.168552831653455470e+00 -1.835388151650547428e+01 -9.168552831653455470e+00 6.238615437595073132e+01 1.164654738901362485e+01 -1.835388151650547428e+01 1.164654738901362485e+01 6.849901849100452011e+01
4.226435472281897177e+01 -8.950331587176293624e+00 -1.793141045816062729e+01 -8.950331587176293624e+00 6.121877123796419795e+01 1.098455161098175736e+01 -1.793141045816062729e+01 1.098455161098175736e+01 6.591763196831182370e+01
4.130258982177070948e+01 -8.732279283818954241e+00 -1.748462877267304449e+01 -8.732279283818954241e+00 5.997497603148110557e+01 1.028739918591443470e+01 -1.748462877267304449e+01 1.028739918591443470e+01 6.313341473715795615e+01
-3.936136479078629957e+00 8.584523483880209582e+00 1.208076433598895427e+01 8.584523483880209582e+00 6.444766933925172303e+00 -7.931580684524206504e+00 1.208076433598895427e+01 -7.931580684524206504e+00 1.974117771579535585e+01
-3.902308042922725928e+00 8.548481804294956632e+00 1.193334073097548576e+01 8.548481804294956632e+00 6.564336060657077532e+00 -7.874936047812086670e+00 1.193334073097548576e+01 -7.874936047812086670e+00 1.990448988949269093e+01
-3.879797737799834945e+00 8.503461194049174665e+00 1.175403202550017667e+01 8.503461194049174665e+00 6.665785381426751144e+00 -7.814026868882439913e+00 1.175403202550017667e+01 -7.814026868882439913e+00 2.000800850289956045e+01
-3.869091397633471985e+00 8.449749554727166156e+00 1.154276624416694830e+01 8.449749554727166156e+00 6.748089246840105027e+00 -7.748943116980364643e+00 1.154276624416694830e+01 -7.748943116980364643e+00 2.004932238024740698e+01
-3.871430598005954682e+00 8.387688769460297067e+00 1.129972332546599567e+01 8.387688769460297067e+00 6.809340308901114192e+00 -7.679828742898009430e+00 1.129972332546599567e+01 -7.679828742898009430e+00 2.002656016123825111e+01
-3.888326822234887015e+00 8.317746678323066689e+00 1.102492126324633226e+01 8.317746678323066689e+00 6.847505262670620318e+00 -7.606917666672623923e+00 1.102492126324633226e+01 -7.606917666672623923e+00 1.993747261474469568e+01
-3.921579455222179433e+00 8.240409115238982452e+00 1.071837805135698218e+01 8.240409115238982452e+00 6.860190926229083885e+00 -7.530461802190477449e+00 1.071837805135698218e+01 -7.530461802190477449e+00 1.977973853424328254e+01
-3.973203808057971465e+00 8.156413828017834433e+00 1.037996773285481034e+01 8.156413828017834433e+00 6.844986123807945688e+00 -7.450659081790779403e+00 1.037996773285481034e+01 -7.450659081790779403e+00 1.955076680547526280e+01
-4.045269173379457683e+00 8.066354613677249930e+00 1.000956435079668161e+01 8.066354613677249930e+00 6.799389710393552555e+00 -7.367761419359794672e+00 1.000956435079668161e+01 -7.367761419359794672e+00 1.924785835108777476e+01
-4.139988794615989676e+00 7.971131164668183722e+00 9.606772040504175436e+00 7.971131164668183722e+00 6.720990510217343505e+00 -7.281966747236737092e+00 9.606772040504175436e+00 -7.281966747236737092e+00 1.886853001991617163e+01
8.026574837961938158e+00 1.149481507437572958e+01 -1.788049369137154443e+01 1.149481507437572958e+01 1.274044848576543432e+00 -1.589212740325603512e+01 -1.788049369137154443e+01 -1.589212740325603512e+01 -1.333379511155023778e+01
7.869588075162036844e+00 1.150464145042188058e+01 -1.789949497101879317e+01 1.150464145042188058e+01 1.167945322317658352e+00 -1.605211817788588036e+01 -1.789949497101879317e+01 -1.605211817788588036e+01 -1.371416453717457706e+01
7.733557009344530719e+00 1.150100406260369112e+01 -1.789068199655383395e+01 1.150100406260369112e+01 1.092627869087319015e+00 -1.619294480475721798e+01 -1.789068199655383395e+01 -1.619294480475721798e+01 -1.403526806675630390e+01
7.620291286190110647e+00 1.148402958611881530e+01 -1.785412715380388349e+01 1.148402958611881530e+01 1.049666880627726284e+00 -1.631504159883340677e+01 -1.785412715380388349e+01 -1.631504159883340677e+01 -1.429404739909504762e+01
7.529754712785163839e+00 1.145384469616489653e+01 -1.778986663568256077e+01 1.145384469616489653e+01 1.038537559691479650e+00 -1.641839046365764432e+01 -1.778986663568256077e+01 -1.641839046365764432e+01 -1.449015870151147745e+01
7.461567263536744932e+00 1.141072083959404360e+01 -1.769784615281945150e+01 1.141072083959404360e+01 1.058298890524620228e+00 -1.650297330277311758e+01 -1.769784615281945150e+01 -1.650297330277311758e+01 -1.462423534999383889e+01
7.415113658913419670e+00 1.135496565617196651e+01 -1.757815618749857833e+01 1.135496565617196651e+01 1.107774603434698690e+00 -1.656882630909344556e+01 -1.757815618749857833e+01 -1.656882630909344556e+01 -1.469729074612331310e+01
7.389760522926946074e+00 1.128688678566439130e+01 -1.743074245034953051e+01 1.128688678566439130e+01 1.185716042902039247e+00 -1.661591328970501280e+01 -1.743074245034953051e+01 -1.661591328970501280e+01 -1.471066402770361847e+01
7.384693515021011123e+00 1.120686425366425532e+01 -1.725553255554507714e+01 1.120686425366425532e+01 1.290729781752509853e+00 -1.664412566586697650e+01 -1.725553255554507714e+01 -1.664412566586697650e+01 -1.466591149002014127e+01
7.399007812355274716e+00 1.111531427867812383e+01 -1.705234553851714452e+01 1.111531427867812383e+01 1.421277621157523541e+00 -1.665335485883850097e+01 -1.705234553851714452e+01 -1.665335485883850097e+01 -1.456495135749441694e+01
-1.326914142450172207e+01 4.133488619786152896e+00 -1.817379168466693429e+01 4.133488619786152896e+00 1.224023042180016674e+01 3.748557526385123406e+00 -1.817379168466693429e+01 3.748557526385123406e+00 -3.579337556982471114e+01
-1.318194991970129770e+01 4.055210268394168871e+00 -1.821198829896552596e+01 4.055210268394168871e+00 1.230384874058401934e+01 3.624212630580321282e+00 -1.821198829896552596e+01 3.624212630580321282e+00 -3.558456619151488098e+01
-1.303670395368614976e+01 3.976090017501593632e+00 -1.823096764205495290e+01 3.976090017501593632e+00 1.240958033656051818e+01 3.488593602332811461e+00 -1.823096764205495290e+01 3.488593602332811461e+00 -3.524440218894967103e+01
-1.283292767021681513e+01 3.896237680086763966e+00 -1.823041857716326319e+01 3.896237680086763966e+00 1.255766313784939925e+01 3.340950052957283312e+00 -1.823041857716326319e+01 3.340950052957283312e+00 -3.477381697244494774e+01
-1.257171919907667146e+01 3.815708162638849821e+00 -1.820975543507265115e+01 3.815708162638849821e+00 1.274701731683033579e+01 3.181025752170948184e+00 -1.820975543507265115e+01 3.181025752170948184e+00 -3.417553756429611411e+01
-1.225450610898411519e+01 3.734684486788415025e+00 -1.816837424440225490e+01 3.734684486788415025e+00 1.297621530478493312e+01 3.008454656712679309e+00 -1.816837424440225490e+01 3.008454656712679309e+00 -3.345340741874500168e+01
-1.188322842922311828e+01 3.653331372002964539e+00 -1.810548801214065762e+01 3.653331372002964539e+00 1.324333537459227550e+01 2.822980536299688037e+00 -1.810548801214065762e+01 2.822980536299688037e+00 -3.261191056574040914e+01
-1.146033864964323001e+01 3.572014861543627795e+00 -1.802027314095031940e+01 3.572014861543627795e+00 1.354618126668560230e+01 2.624292254160015769e+00 -1.802027314095031940e+01 2.624292254160015769e+00 -3.165653765419924781e+01
-1.098697150435394576e+01 3.491046092182361615e+00 -1.791197924214592874e+01 3.491046092182361615e+00 1.388369145560764473e+01 2.412334903804494779e+00 -1.791197924214592874e+01 2.412334903804494779e+00 -3.059186422488559742e+01
-1.046839801631549172e+01 3.410699596365010855e+00 -1.777919704917215427e+01 3.410699596365010855e+00 1.425108907680069592e+01 2.186358096547813545e+00 -1.777919704917215427e+01 2.186358096547813545e+00 -2.942623606415314796e+01
5.670045122089369949e-01 -6.271337008582500872e+00 1.108239891291300694e+01 -6.271337008582500872e+00 -1.600678903844675816e+01 2.309936953167297968e+00 1.108239891291300694e+01 2.309936953167297968e+00 1.709629897456468939e+01
4.586549558461139875e-01 -6.397293594983152865e+00 1.125461710764834855e+01 -6.397293594983152865e+00 -1.605201493913216026e+01 2.298562339334809579e+00 1.125461710764834855e+01 2.298562339334809579e+00 1.691021683357665140e+01
3.270474031484908450e-01 -6.511076073927307917e+00 1.139189379695257998e+01 -6.511076073927307917e+00 -1.610183792815561787e+01 2.272088198194337938e+00 1.139189379695257998e+01 2.272088198194337938e+00 1.666620774546725059e+01
1.734356054809903236e-01 -6.611866781481320565e+00 1.149466506825697820e+01 -6.611866781481320565e+00 -1.615598545087257421e+01 2.230968787486796945e+00 1.149466506825697820e+01 2.230968787486796945e+00 1.636414451806903259e+01
-2.234948085297203818e-03 -6.698848053711546235e+00 1.156318530589645555e+01 -6.698848053711546235e+00 -1.621527517121667472e+01 2.175603854024190653e+00 1.156318530589645555e+01 2.175603854024190653e+00 1.600408166231090945e+01
-2.001641309563739757e-01 -6.771311248542157379e+00 1.159781791606374313e+01 -6.771311248542157379e+00 -1.628094267024321695e+01 2.106320463379977248e+00 1.159781791606374313e+01 2.106320463379977248e+00 1.558592832664469441e+01
-4.208607118020636917e-01 -6.828620405135876759e+00 1.159894447526121120e+01 -6.828620405135876759e+00 -1.635455059458093174e+01 2.023300318650522733e+00 1.159894447526121120e+01 2.023300318650522733e+00 1.510913940178128811e+01
-6.649788217692826908e-01 -6.870284925132514431e+00 1.156696473030086025e+01 -6.870284925132514431e+00 -1.643782512364529680e+01 1.926706952622555313e+00 1.156696473030086025e+01 1.926706952622555313e+00 1.457306075657378308e+01
-9.334814872687686726e-01 -6.896014083577886922e+00 1.150236927954288113e+01 -6.896014083577886922e+00 -1.653267413994815271e+01 1.816576705915349255e+00 1.150236927954288113e+01 1.816576705915349255e+00 1.397656583182470413e+01
-1.227240883163076779e+00 -6.905517155517809869e+00 1.140552152918000139e+01 -6.905517155517809869e+00 -1.664129625095552356e+01 1.692782386361448177e+00 1.140552152918000139e+01 1.692782386361448177e+00 1.331856440895586324e+01
-9.551634175557884632e+00 -1.428417089644876681e+00 5.283211105184560274e+00 -1.428417089644876681e+00 5.035425963623386458e+00 -1.084828537058548648e+01 5.283211105184560274e+00 -1.084828537058548648e+01 -3.726303936916858106e+01
-9.540910323533523751e+00 -1.415621792699570669e+00 5.141252968301395221e+00 -1.415621792699570669e+00 4.963475332519768024e+00 -1.093007994790633752e+01 5.141252968301395221e+00 -1.093007994790633752e+01 -3.737497072038352997e+01
-9.473267564610631908e+00 -1.402624850673464874e+00 4.988882612700560770e+00 -1.402624850673464874e+00 4.934346784029665756e+00 -1.099763104997431995e+01 4.988882612700560770e+00 -1.099763104997431995e+01 -3.735304640068927995e+01
-9.348779224273135569e+00 -1.389481257679504589e+00 4.825880061930274856e+00 -1.389481257679504589e+00 4.947966992669154074e+00 -1.105125031009612435e+01 4.825880061930274856e+00 -1.105125031009612435e+01 -3.719832962960277456e+01
-9.167976912279508284e+00 -1.376209345088671432e+00 4.652245315990536589e+00 -1.376209345088671432e+00 5.004170976099393542e+00 -1.109095605964273368e+01 4.652245315990536589e+00 -1.109095605964273368e+01 -3.691151699922131968e+01
-8.931905516775714204e+00 -1.362919101126856658e+00 4.467996706252328920e+00 -1.362919101126856658e+00 5.102372130448968868e+00 -1.111685828684003674e+01 4.467996706252328920e+00 -1.111685828684003674e+01 -3.649427666430426598e+01
-8.641866565101459230e+00 -1.349573863052096367e+00 4.273097569973687726e+00 -1.349573863052096367e+00 5.241947189104497973e+00 -1.112906697991392235e+01 4.273097569973687726e+00 -1.112906697991392235e+01 -3.594880838936941814e+01
-8.299271572822345178e+00 -1.336173630864390560e+00 4.067584569896575353e+00 -1.336173630864390560e+00 5.422199559968670535e+00 -1.112782044668715997e+01 4.067584569896575353e+00 -1.112782044668715997e+01 -3.527767856635423982e+01
-7.905862020181645633e+00 -1.322700073192757841e+00 3.851439374650011516e+00 -1.322700073192757841e+00 5.642176011750432707e+00 -1.111324700675661958e+01 3.851439374650011516e+00 -1.111324700675661958e+01 -3.448383854598680642e+01
-7.463489375648520330e+00 -1.309079864553270189e+00 3.624606990121050920e+00 -1.309079864553270189e+00 5.900959975900695653e+00 -1.108565829342898823e+01 3.624606990121050920e+00 -1.108565829342898823e+01 -3.357089960835052267e+01
2.185775779572150057e+01 1.998843821974655199e+01 -6.513917300519624476e+00 1.998843821974655199e+01 2.469651130933633709e+01 -1.373810386880693457e+01 -6.513917300519624476e+00 -1.373810386880693457e+01 3.000603372584276229e+01
2.168245242675747519e+01 1.999771484686213086e+01 -6.595259414183924029e+00 1.999771484686213086e+01 2.468939981530466099e+01 -1.354695606264363050e+01 -6.595259414183924029e+00 -1.354695606264363050e+01 2.975827561075403338e+01
2.147143116326307677e+01 1.998357987233877253e+01 -6.667307298024645057e+00 1.998357987233877253e+01 2.464805105421454456e+01 -1.334119800884099227e+01 -6.667307298024645057e+00 -1.334119800884099227e+01 2.940835137843795621e+01
2.122597900292224438e+01 1.994635014492046565e+01 -6.730747457653759369e+00 1.994635014492046565e+01 2.457230660169399172e+01 -1.312123456968300061e+01 -6.730747457653759369e+00 -1.312123456968300061e+01 2.895805650511044504e+01
2.094708169738293435e+01 1.988655374584718771e+01 -6.786125577019239685e+00 1.988655374584718771e+01 2.446158556837902864e+01 -1.288771704536562446e+01 -6.786125577019239685e+00 -1.288771704536562446e+01 2.840892242636743248e+01
2.063567219016910315e+01 1.980489478343890042e+01 -6.833987340069062277e+00 1.980489478343890042e+01 2.431530706490568505e+01 -1.264141995504083127e+01 -6.833987340069062277e+00 -1.264141995504083127e+01 2.776270941300882811e+01
2.029268342480470722e+01 1.970234140663556843e+01 -6.875001649707195739e+00 1.970234140663556843e+01 2.413294301003397990e+01 -1.238317062598458129e+01 -6.875001649707195739e+00 -1.238317062598458129e+01 2.702114253041857239e+01
1.991901313939770901e+01 1.958005539416513230e+01 -6.909819806129611663e+00 1.958005539416513230e+01 2.391380689815195026e+01 -1.211386679630483520e+01 -6.909819806129611663e+00 -1.211386679630483520e+01 2.618629889814055289e+01
1.951545345580807123e+01 1.943942735995953086e+01 -6.939110712240279533e+00 1.943942735995953086e+01 2.365766989405560494e+01 -1.183428298515355515e+01 -6.939110712240279533e+00 -1.183428298515355515e+01 2.526036125196668536e+01
1.908277889318775777e+01 1.928195353419869562e+01 -6.963543270943167940e+00 1.928195353419869562e+01 2.336407432733696155e+01 -1.154533453334670234e+01 -6.963543270943167940e+00 -1.154533453334670234e+01 2.424561794393685332e+01
2.984194594170353554e+01 -1.712205935443927274e+01 3.150526062494721558e+00 -1.712205935443927274e+01 -1.977068298209023967e+00 1.470156995738810046e+01 3.150526062494721558e+00 1.470156995738810046e+01 1.542221610970768886e+01
2.987496419752649857e+01 -1.706070918995008157e+01 3.090619221654564708e+00 -1.706070918995008157e+01 -1.768427846276426241e+00 1.470263908601701353e+01 3.090619221654564708e+00 1.470263908601701353e+01 1.572041390312232778e+01
2.986698137043060441e+01 -1.697255953449610999e+01 3.026168584141522899e+00 -1.697255953449610999e+01 -1.560428871521176930e+00 1.466824878178694114e+01 3.026168584141522899e+00 1.466824878178694114e+01 1.594475272708948310e+01
2.981773017825862837e+01 -1.685814495239181099e+01 2.956853411366922035e+00 -1.685814495239181099e+01 -1.354603791644719779e+00 1.459743682893186012e+01 2.956853411366922035e+00 1.459743682893186012e+01 1.609223902144819007e+01
2.972678296955899668e+01 -1.671824947129839245e+01 2.882370783552568927e+00 -1.671824947129839245e+01 -1.153286870820183774e+00 1.448925883049622954e+01 2.882370783552568927e+00 1.448925883049622954e+01 1.616114436158170875e+01
2.959401501265833900e+01 -1.655388876341332249e+01 2.802275230436416908e+00 -1.655388876341332249e+01 -9.586163663053975936e-01 1.434284166476643563e+01 2.802275230436416908e+00 1.434284166476643563e+01 1.615059562577641827e+01
2.941926593826232050e+01 -1.636629232665985256e+01 2.715978731272562285e+00 -1.636629232665985256e+01 -7.733898313460197960e-01 1.415724093478693746e+01 2.715978731272562285e+00 1.415724093478693746e+01 1.605957714183486473e+01
2.920264265923383462e+01 -1.615683220944508847e+01 2.622804171262693274e+00 -1.615683220944508847e+01 -6.002800875143357029e-01 1.393145878717074915e+01 2.622804171262693274e+00 1.393145878717074915e+01 1.588746525139016441e+01
2.894414517557287070e+01 -1.592714774233336250e+01 2.521949703935124631e+00 -1.592714774233336250e+01 -4.423876078341965057e-01 1.366455082496233153e+01 2.521949703935124631e+00 1.366455082496233153e+01 1.563344028916016093e+01
2.864421895754148295e+01 -1.567887825588901407e+01 2.412542207576242603e+00 -1.567887825588901407e+01 -3.025812207931884990e-01 1.335557265120614012e+01 2.412542207576242603e+00 1.335557265120614012e+01 1.529734188585051413e+01
2.091220721513486325e+01 3.088162931485005647e+00 -1.113935509855263284e+01 3.088162931485005647e+00 2.334175627642713025e+01 -6.214733648257110943e+00 -1.113935509855263284e+01 -6.214733648257110943e+00 4.243759383740624891e+00
2.094093340661918035e+01 3.090056771589023921e+00 -1.124923322346613830e+01 3.090056771589023921e+00 2.328003832836440523e+01 -6.306735338543903779e+00 -1.124923322346613830e+01 -6.306735338543903779e+00 4.186926481179853887e+00
2.097696946691619857e+01 3.090393060953288806e+00 -1.134765981055441486e+01 3.090393060953288806e+00 2.322272754091757463e+01 -6.396418402161291539e+00 -1.134765981055441486e+01 -6.396418402161291539e+00 4.129828087015714466e+00
2.102065168539019169e+01 3.088959406295106902e+00 -1.143440476709454146e+01 3.088959406295106902e+00 2.317093897882077869e+01 -6.483853636870170689e+00 -1.143440476709454146e+01 -6.483853636870170689e+00 4.072765091732025056e+00
2.107036941298072819e+01 3.085649610973131285e+00 -1.150893710987978302e+01 3.085649610973131285e+00 2.312417705774772969e+01 -6.568952545469421089e+00 -1.150893710987978302e+01 -6.568952545469421089e+00 4.014286141230376970e+00
2.112422880958378713e+01 3.080357478346014588e+00 -1.157061965906205891e+01 3.080357478346014588e+00 2.308166300232855406e+01 -6.651715127959040075e+00 -1.157061965906205891e+01 -6.651715127959040075e+00 3.952408898205631793e+00
2.117996434685064244e+01 3.072994511212635338e+00 -1.161858514207037096e+01 3.072994511212635338e+00 2.304238794447045535e+01 -6.732176783219479432e+00 -1.161858514207037096e+01 -6.732176783219479432e+00 3.884708539347035305e+00
2.123508040370964167e+01 3.063507611252319407e+00 -1.165193088745327188e+01 3.063507611252319407e+00 2.300488283063480210e+01 -6.810479106772532987e+00 -1.165193088745327188e+01 -6.810479106772532987e+00 3.808176159816428985e+00
2.128676276916509025e+01 3.051843680144394000e+00 -1.166961262823751611e+01 3.051843680144394000e+00 2.296757241064162258e+01 -6.886852191341119145e+00 -1.166961262823751611e+01 -6.886852191341119145e+00 3.719360368770040282e+00
2.133226802998220251e+01 3.037931920127960872e+00 -1.167042680248784237e+01 3.037931920127960872e+00 2.292882833599025716e+01 -6.961543829088379987e+00 -1.167042680248784237e+01 -6.961543829088379987e+00 3.614915972005445788e+00
-1.940313115320008208e+01 9.970738057672717147e+00 -1.899180316104602539e+01 9.970738057672717147e+00 -3.341825889135581917e+01 -1.195577808202566139e+01 -1.899180316104602539e+01 -1.195577808202566139e+01 -3.636262515972751430e+01
-1.920810835660899230e+01 9.948646513558673021e+00 -1.889209013527063519e+01 9.948646513558673021e+00 -3.328350799919171266e+01 -1.208501549682569909e+01 -1.889209013527063519e+01 -1.208501549682569909e+01 -3.589768659757268665e+01
-1.896754762410990836e+01 9.915716188005372800e+00 -1.876575058911928551e+01 9.915716188005372800e+00 -3.309168414851151852e+01 -1.220179583990214667e+01 -1.876575058911928551e+01 -1.220179583990214667e+01 -3.529639767029831177e+01
-1.868342477523603407e+01 9.871834177039488623e+00 -1.861208828142314431e+01 9.871834177039488623e+00 -3.284421745631068745e+01 -1.230647664050386680e+01 -1.861208828142314431e+01 -1.230647664050386680e+01 -3.456415895129511995e+01
-1.835760272554723471e+01 9.817019297989910243e+00 -1.843074568293334181e+01 9.817019297989910243e+00 -3.254248158759801868e+01 -1.239902026397308354e+01 -1.843074568293334181e+01 -1.239902026397308354e+01 -3.370484681031396690e+01
-1.799205729457671410e+01 9.751384454829960191e+00 -1.822144053371656014e+01 9.751384454829960191e+00 -3.218783139005341809e+01 -1.247938907565202449e+01 -1.822144053371656014e+01 -1.247938907565202449e+01 -3.272269514635456034e+01
-1.758927236973763186e+01 9.675061368861854305e+00 -1.798413519911503400e+01 9.675061368861854305e+00 -3.178226150053897214e+01 -1.254756425821179988e+01 -1.798413519911503400e+01 -1.254756425821179988e+01 -3.162340561006984885e+01
-1.715222108899423148e+01 9.588332300018905130e+00 -1.771884849645764959e+01 9.588332300018905130e+00 -3.132818053715228857e+01 -1.260362108096795986e+01 -1.771884849645764959e+01 -1.260362108096795986e+01 -3.041339491061049571e+01
-1.668167496283090045e+01 9.491648864194417001e+00 -1.742640838821545302e+01 9.491648864194417001e+00 -3.082598366380001309e+01 -1.264750309193384403e+01 -1.742640838821545302e+01 -1.264750309193384403e+01 -2.909719802423840918e+01
-1.618715555966476671e+01 9.385594398583899434e+00 -1.710579873862852196e+01 9.385594398583899434e+00 -3.028500427561039743e+01 -1.267953018570054091e+01 -1.710579873862852196e+01 -1.267953018570054091e+01 -2.769111075777026088e+01
9.747315792337746032e+00 2.003508739184887943e+01 2.346825614929757720e+01 2.003508739184887943e+01 1.951406434577812732e+01 6.281211362579067092e+00 2.346825614929757720e+01 6.281211362579067092e+00 3.065803839839315703e+00
9.967470400197198543e+00 2.002390640981739978e+01 2.337228903035965288e+01 2.002390640981739978e+01 1.959167036323304600e+01 6.211499904322094423e+00 2.337228903035965288e+01 6.211499904322094423e+00 3.427221046559746576e+00
1.018290970573027643e+01 1.999045276869126297e+01 2.321709485644347737e+01 1.999045276869126297e+01 1.967581350436771004e+01 6.115014816568016265e+00 2.321709485644347737e+01 6.115014816568016265e+00 3.772331166068131569e+00
1.039207980248851726e+01 1.993469074648315242e+01 2.300203063177727003e+01 1.993469074648315242e+01 1.976586863440400421e+01 5.991773960310493585e+00 2.300203063177727003e+01 5.991773960310493585e+00 4.097347667708442387e+00
