2.576416117385774140e-02 3.359266719989591476e-01 -9.599737016153095936e-01 3.359266719989591476e-01 4.131995017188007102e-01 -1.662108405209834494e+00 -9.599737016153095936e-01 -1.662108405209834494e+00 3.935935360050092369e-01
7.833955550957510949e-02 3.594532010521488963e-01 -9.446934355906883019e-01 3.594532010521489518e-01 4.857581361046979240e-01 -1.558030177548065831e+00 -9.446934355906883019e-01 -1.558030177548065831e+00 5.546583906037695355e-01
1.456447427403905204e-01 3.831579226692046203e-01 -9.353435422876994476e-01 3.831579226692046203e-01 5.700785024621395358e-01 -1.455977830579007426e+00 -9.353435422876994476e-01 -1.455977830579007426e+00 7.362835617713847647e-01
2.270694232320246142e-01 4.069547052225903072e-01 -9.318541125540529269e-01 4.069547052225902517e-01 6.654508449201047560e-01 -1.355866444003208438e+00 -9.318541125540529269e-01 -1.355866444003208438e+00 9.374021553323382827e-01
3.217173664955595425e-01 4.306393157165936403e-01 -9.337818127916120980e-01 4.306393157165936403e-01 7.710354305632803884e-01 -1.257868455014601317e+00 -9.337818127916120980e-01 -1.257868455014601317e+00 1.155789968174959492e+00
4.278309791598105538e-01 4.540322229274854071e-01 -9.407616108818346312e-01 4.540322229274855181e-01 8.851179259543909827e-01 -1.162111093426809960e+00 -9.407616108818346312e-01 -1.162111093426809960e+00 1.388210151868443987e+00
5.432600127935994783e-01 4.769412201711400456e-01 -9.522218190542705019e-01 4.769412201711401567e-01 1.005743749391694086e+00 -1.068652978198682879e+00 -9.522218190542705019e-01 -1.068652978198682879e+00 1.630901452370292493e+00
6.654925599232155431e-01 4.991114595797697118e-01 -9.675371498308569240e-01 4.991114595797696563e-01 1.130524328322375371e+00 -9.776045544892356665e-01 -9.675371498308569240e-01 -9.776045544892356665e-01 1.879542044122055611e+00
7.920872713760100936e-01 5.203392703369620342e-01 -9.860033651051788306e-01 5.203392703369620342e-01 1.257326025030850447e+00 -8.889756868621131458e-01 -9.860033651051788306e-01 -8.889756868621131458e-01 2.130099428799323125e+00
9.203906478662521318e-01 5.403089368986765395e-01 -1.006942702050249272e+00 5.403089368986765395e-01 1.383757195159305509e+00 -8.026774327930380482e-01 -1.006942702050249272e+00 -8.026774327930380482e-01 2.378034785418117636e+00
-2.620823254221885890e+01 6.284850798389108206e+00 2.855282031853486835e+00 6.284850798389108206e+00 2.562395244027189101e+00 -1.071106435114837829e+01 2.855282031853486835e+00 -1.071106435114837829e+01 -2.382319191022195781e+01
-2.603893531302017550e+01 6.293977582145735106e+00 2.771997825330894116e+00 6.293977582145735106e+00 2.579929731608102905e+00 -1.067734134611631802e+01 2.771997825330894116e+00 -1.067734134611631802e+01 -2.357776439793012102e+01
-2.581530145406234311e+01 6.300762746635509615e+00 2.683348176236223903e+00 6.300762746635509615e+00 2.627315255354629731e+00 -1.063163367554525074e+01 2.683348176236223903e+00 -1.063163367554525074e+01 -2.322972971067741454e+01
-2.553871381136909235e+01 6.305169415964466673e+00 2.589240894834560436e+00 6.305169415964466673e+00 2.703869611228396419e+00 -1.057408884301104379e+01 2.589240894834560436e+00 -1.057408884301104379e+01 -2.278187197845829104e+01
-2.521132962473744143e+01 6.307105400397690964e+00 2.489786608807802448e+00 6.307105400397690964e+00 2.808357456781536587e+00 -1.050479903824861161e+01 2.489786608807802448e+00 -1.050479903824861161e+01 -2.223725190047194289e+01
-2.483480830939587491e+01 6.306496948147248816e+00 2.385077507890865256e+00 6.306496948147248816e+00 2.940225653604557454e+00 -1.042370894741700837e+01 2.385077507890865256e+00 -1.042370894741700837e+01 -2.159821109598521716e+01
-2.441150992255822061e+01 6.303214993584259851e+00 2.275224219765647593e+00 6.303214993584259851e+00 3.098349486931490038e+00 -1.033076325667527762e+01 2.275224219765647593e+00 -1.033076325667527762e+01 -2.086860309591757812e+01
-2.394445828752970584e+01 6.297148909026824448e+00 2.160300496220081801e+00 6.297148909026824448e+00 3.280774534382128405e+00 -1.022574071065962897e+01 2.160300496220081801e+00 -1.022574071065962897e+01 -2.005292675933290170e+01
-2.343617940304701364e+01 6.288206504740029068e+00 2.040361651095117246e+00 6.288206504740029068e+00 3.486283891455588702e+00 -1.010838317811229459e+01 2.040361651095117246e+00 -1.010838317811229459e+01 -1.915555187966617723e+01
-2.288945739910459309e+01 6.276092773572142569e+00 1.915518312072651552e+00 6.276092773572142569e+00 3.713236580870376446e+00 -9.978266586252667381e+00 1.915518312072651552e+00 -9.978266586252667381e+00 -1.818099575392826139e+01
2.035580509468825383e+01 -2.739015642779968562e+00 -7.465716936186973518e-01 -2.739015642779968562e+00 -5.931673567166543037e+00 -1.616789645890499827e+01 -7.465716936186973518e-01 -1.616789645890499827e+01 4.112870089684934527e+01
2.018268857048764175e+01 -2.761256678625383820e+00 -8.442861163273605030e-01 -2.761256678625383820e+00 -5.988969184348442276e+00 -1.626131593799287245e+01 -8.442861163273605030e-01 -1.626131593799287245e+01 4.082039166597940039e+01
1.993251255991237159e+01 -2.778258239680292618e+00 -9.503765701637040264e-01 -2.778258239680292618e+00 -6.087342996741624823e+00 -1.632878754192775972e+01 -9.503765701637040264e-01 -1.632878754192775972e+01 4.034851815066297576e+01
1.960754037350119816e+01 -2.789895576544920708e+00 -1.064486628271231083e+00 -2.789895576544920708e+00 -6.226117793318747040e+00 -1.636995484385316857e+01 -1.064486628271231083e+00 -1.636995484385316857e+01 3.971680501155044851e+01
1.920934028942270544e+01 -2.796043939819494728e+00 -1.185867794251297624e+00 -2.796043939819494728e+00 -6.405828214364553297e+00 -1.638437231019847573e+01 -1.185867794251297624e+00 -1.638437231019847573e+01 3.892819277020792157e+01
1.874021126090130096e+01 -2.796614222789890025e+00 -1.313860678419384032e+00 -2.796614222789890025e+00 -6.627187113592039935e+00 -1.637171915679282819e+01 -1.313860678419384032e+00 -1.637171915679282819e+01 3.798594273237235086e+01
1.820211363564772356e+01 -2.791303462628084375e+00 -1.447146501406451735e+00 -2.791303462628084375e+00 -6.890604381886176633e+00 -1.633178152752233814e+01 -1.447146501406451735e+00 -1.633178152752233814e+01 3.689417162823627194e+01
1.759889682371213482e+01 -2.780236408733851139e+00 -1.585190622927754811e+00 -2.780236408733851139e+00 -7.196739408931482451e+00 -1.626450595835851942e+01 -1.585190622927754811e+00 -1.626450595835851942e+01 3.565799418319042502e+01
1.693319838383261455e+01 -2.763341775735891570e+00 -1.726264372729282792e+00 -2.763341775735891570e+00 -7.545413981299711637e+00 -1.617010630541527760e+01 -1.726264372729282792e+00 -1.617010630541527760e+01 3.428288154948202049e+01
1.620981225722904995e+01 -2.740512635577256439e+00 -1.869975681268888801e+00 -2.740512635577256439e+00 -7.937626094189051962e+00 -1.604849346197849158e+01 -1.869975681268888801e+00 -1.604849346197849158e+01 3.277524941052801921e+01
6.991486688990628195e+00 -9.702445661884425476e+00 8.361636064072927255e+00 -9.702445661884425476e+00 -1.100137773909449201e+01 -1.086082016015679486e+01 8.361636064072927255e+00 -1.086082016015679486e+01 -1.806191313372429263e+01
6.973627694130139609e+00 -9.745416590334455620e+00 8.203693300342466799e+00 -9.745416590334455620e+00 -1.093380513405093168e+01 -1.084955805931619999e+01 8.203693300342466799e+00 -1.084955805931619999e+01 -1.799475966835602847e+01
6.984598219544438713e+00 -9.777362322977756648e+00 8.024702435526434030e+00 -9.777362322977756648e+00 -1.082625024867684793e+01 -1.082473770115295153e+01 8.024702435526434030e+00 -1.082473770115295153e+01 -1.784751407807771884e+01
7.024070242878946324e+00 -9.798228189421898549e+00 7.824754586945540602e+00 -9.798228189421898549e+00 -1.067929623382483229e+01 -1.078612218063318018e+01 7.824754586945540602e+00 -1.078612218063318018e+01 -1.762312856408058437e+01
7.091005026677489553e+00 -9.807831955025447357e+00 7.604360011595804103e+00 -9.807831955025447357e+00 -1.049430984930563504e+01 -1.073358393350788909e+01 7.604360011595804103e+00 -1.073358393350788909e+01 -1.732349836663554044e+01
7.184782973159195230e+00 -9.805991385146967332e+00 7.364211201114669869e+00 -9.805991385146967332e+00 -1.027229338564713856e+01 -1.066688605474320717e+01 7.364211201114669869e+00 -1.066688605474320717e+01 -1.695048227908520744e+01
7.303727523622873363e+00 -9.792688256322318097e+00 7.105091764460303772e+00 -9.792688256322318097e+00 -1.001521497697682861e+01 -1.058582808623356541e+01 7.105091764460303772e+00 -1.058582808623356541e+01 -1.650726940765466466e+01
7.446508365186061518e+00 -9.767886121623211793e+00 6.827803534055012058e+00 -9.767886121623211793e+00 -9.724860522780751637e+00 -1.049017312294509274e+01 6.827803534055012058e+00 -1.049017312294509274e+01 -1.599690307085586127e+01
7.611339598362708792e+00 -9.731566757585506267e+00 6.533203012713531876e+00 -9.731566757585506267e+00 -9.403307497971249873e+00 -1.037961136598735656e+01 6.533203012713531876e+00 -1.037961136598735656e+01 -1.542268171569874013e+01
7.796599334844057871e+00 -9.683857728458201919e+00 6.222110256322316957e+00 -9.683857728458201919e+00 -9.052487589747519436e+00 -1.025381479300577681e+01 6.222110256322316957e+00 -1.025381479300577681e+01 -1.478810424729882733e+01
-8.271700400155227229e+00 3.661616071174160325e+00 -9.348485436509449187e+00 3.661616071174160325e+00 5.262481231239090285e+00 -1.420136770807268611e+01 -9.348485436509449187e+00 -1.420136770807268611e+01 3.249699781005190857e+01
-8.274453129700619414e+00 3.732197496053733854e+00 -9.327003351037562950e+00 3.732197496053733854e+00 4.904806307301815771e+00 -1.409894098060915901e+01 -9.327003351037562950e+00 -1.409894098060915901e+01 3.203462920490784427e+01
-8.308457435849586403e+00 3.796661744165769292e+00 -9.289346730524448148e+00 3.796661744165769292e+00 4.499345437792237057e+00 -1.397512212615562177e+01 -9.289346730524448148e+00 -1.397512212615562177e+01 3.145430703832852259e+01
-8.373191559407247908e+00 3.854630989886388193e+00 -9.235173732738980235e+00 3.854630989886388193e+00 4.050110771002006338e+00 -1.383068478765620313e+01 -9.235173732738980235e+00 -1.383068478765620313e+01 3.076196857011774810e+01
-8.472577690183380028e+00 3.905313598575085088e+00 -9.164718249734031374e+00 3.905313598575085088e+00 3.557318207287622158e+00 -1.366696035064266290e+01 -9.164718249734031374e+00 -1.366696035064266290e+01 2.995590458911987497e+01
-8.604492808005717919e+00 3.948493669875359657e+00 -9.077746389456727627e+00 3.948493669875359657e+00 3.027966516539005504e+00 -1.348463249957725196e+01 -9.077746389456727627e+00 -1.348463249957725196e+01 2.904647831244696832e+01
-8.771689642419655542e+00 3.983289610664831226e+00 -8.974653969227322392e+00 3.983289610664831226e+00 2.463297125806039656e+00 -1.328515856186635880e+01 -8.974653969227322392e+00 -1.328515856186635880e+01 2.803448137473952784e+01
-8.974510035656320994e+00 4.010061254871001069e+00 -8.855333038867563289e+00 4.010061254871001069e+00 1.867394150165875288e+00 -1.306897033822298404e+01 -8.855333038867563289e+00 -1.306897033822298404e+01 2.692640877838898206e+01
-9.214609223782224134e+00 4.027657133925862887e+00 -8.720413307750581211e+00 4.027657133925862887e+00 1.242938352378404110e+00 -1.283754314774988714e+01 -8.720413307750581211e+00 -1.283754314774988714e+01 2.572591283775947346e+01
-9.492472982599490905e+00 4.037156749611923168e+00 -8.570002726054623210e+00 4.037156749611923168e+00 5.928263955600199253e-01 -1.259103891571444400e+01 -8.570002726054623210e+00 -1.259103891571444400e+01 2.443846302854903740e+01
-2.236731855859766682e+01 -1.007804029456690564e+00 -1.045764747494778923e+01 -1.007804029456690564e+00 -3.396645797151979451e+01 1.549283943096903826e+01 -1.045764747494778923e+01 1.549283943096903826e+01 -8.978079563261546880e+00
-2.229133363056885031e+01 -9.393821134336894918e-01 -1.039561210239636679e+01 -9.393821134336894918e-01 -3.394242440003464623e+01 1.553052377227209924e+01 -1.039561210239636679e+01 1.553052377227209924e+01 -8.855577442871021887e+00
-2.219691736217029643e+01 -8.698584252913225123e-01 -1.031449179584507903e+01 -8.698584252913225123e-01 -3.389017425783148241e+01 1.554146679705088374e+01 -1.031449179584507903e+01 1.554146679705088374e+01 -8.689284549261628854e+00
-2.208603053429241214e+01 -7.995877730002328709e-01 -1.021451064453854407e+01 -7.995877730002328709e-01 -3.381170567400816651e+01 1.552600463917232432e+01 -1.021451064453854407e+01 1.552600463917232432e+01 -8.483103770110439257e+00
-2.195994298598801464e+01 -7.289809868422180150e-01 -1.009578069309906745e+01 -7.289809868422180150e-01 -3.370849390275840562e+01 1.548404392811782593e+01 -1.009578069309906745e+01 1.548404392811782593e+01 -8.238697100648366245e+00
-2.182024201607315206e+01 -6.586169640325379993e-01 -9.959011557467938758e+00 -6.586169640325379993e-01 -3.358220093931311112e+01 1.541552864157623404e+01 -9.959011557467938758e+00 1.541552864157623404e+01 -7.959108419781452781e+00
-2.166763724048909978e+01 -5.890746017864531003e-01 -9.804240585852591394e+00 -5.890746017864531003e-01 -3.343398457810280178e+01 1.531984253412485408e+01 -9.804240585852591394e+00 1.531984253412485408e+01 -7.645644914769964551e+00
-2.150489242658613875e+01 -5.205779893485799059e-01 -9.632121371883158645e+00 -5.205779893485799059e-01 -3.326660858647775854e+01 1.519679886472650665e+01 -9.632121371883158645e+00 1.519679886472650665e+01 -7.302676325883928676e+00
-2.133368824369889083e+01 -4.538180685564869865e-01 -9.442523196833615629e+00 -4.538180685564869865e-01 -3.308251927202505271e+01 1.504512779432835856e+01 -9.442523196833615629e+00 1.504512779432835856e+01 -6.932667634814130508e+00
-2.115650834762186250e+01 -3.887761653064563117e-01 -9.236155676645246615e+00 -3.887761653064563117e-01 -3.288395752719083731e+01 1.486447451495976857e+01 -9.236155676645246615e+00 1.486447451495976857e+01 -6.540100626452906241e+00
-1.825546968162180050e+01 -1.064764141904579198e+01 -8.445679126724160435e-01 -1.064764141904579198e+01 -6.189576689193298620e+00 -2.426130022375244621e+01 -8.445679126724160435e-01 -2.426130022375244621e+01 -2.890606586791460320e+00
-1.816330296662493282e+01 -1.058625200015600143e+01 -8.783183286181031058e-01 -1.058625200015600143e+01 -6.086875586620124956e+00 -2.420424201647939455e+01 -8.783183286181031058e-01 -2.420424201647939455e+01 -2.643378825397034060e+00
-1.804971877723512463e+01 -1.051616345284954335e+01 -9.180700420157965613e-01 -1.051616345284954335e+01 -5.977237204423532013e+00 -2.410240348571124969e+01 -9.180700420157965613e-01 -2.410240348571124969e+01 -2.375174051807979581e+00
-1.791613026300529654e+01 -1.043746754008439659e+01 -9.634927062167619738e-01 -1.043746754008439659e+01 -5.862093044748034387e+00 -2.395582133663120672e+01 -9.634927062167619738e-01 -2.395582133663120672e+01 -2.089405848061218762e+00
-1.776398727867155714e+01 -1.035062307665046966e+01 -1.014237621980669024e+00 -1.035062307665046966e+01 -5.742617673455797878e+00 -2.376493603143757127e+01 -1.014237621980669024e+00 -2.376493603143757127e+01 -1.788166409598735074e+00
-1.759453780046245797e+01 -1.025612558252086437e+01 -1.069864327109204760e+00 -1.025612558252086437e+01 -5.619820483084621898e+00 -2.353004121159588991e+01 -1.069864327109204760e+00 -2.353004121159588991e+01 -1.473162527438989011e+00
-1.740961708753764015e+01 -1.015443387248549101e+01 -1.129932359404057340e+00 -1.015443387248549101e+01 -5.495132975779022821e+00 -2.325177921781203949e+01 -1.129932359404057340e+00 -2.325177921781203949e+01 -1.146835096264295251e+00
-1.721117051460630876e+01 -1.004617193465862357e+01 -1.194019609258510251e+00 -1.004617193465862357e+01 -5.370078416641495878e+00 -2.293071898042549961e+01 -1.194019609258510251e+00 -2.293071898042549961e+01 -8.116984211233537749e-01
-1.700105169341970424e+01 -9.931853641604961425e+00 -1.261612204107866342e+00 -9.931853641604961425e+00 -5.245996544858575028e+00 -2.256753954532533157e+01 -1.261612204107866342e+00 -2.256753954532533157e+01 -4.700465759657080911e-01
-1.678102247277106684e+01 -9.812066276255587027e+00 -1.332214623979023571e+00 -9.812066276255587027e+00 -5.124263804799988442e+00 -2.216280984285103273e+01 -1.332214623979023571e+00 -2.216280984285103273e+01 -1.239166984585530623e-01
1.345766447994135140e+00 1.093035955140516080e+01 2.079351609363973452e+01 1.093035955140516080e+01 8.715395317510612472e+00 -1.888216946116437089e+00 2.079351609363973452e+01 -1.888216946116437089e+00 9.334483135675988308e+00
1.205045867844636076e+00 1.097848944308205965e+01 2.063900043616729718e+01 1.097848944308205965e+01 8.609944811194594649e+00 -2.022894311167490855e+00 2.063900043616729718e+01 -2.022894311167490855e+00 8.987250068144518877e+00
1.062364839939986982e+00 1.101723076844530524e+01 2.043660668764706401e+01 1.101723076844530524e+01 8.498828790723788273e+00 -2.162355888171481055e+00 2.043660668764706401e+01 -2.162355888171481055e+00 8.609998768472259201e+00
9.184607804082713933e-01 1.104681734236477375e+01 2.018750392242843361e+01 1.104681734236477375e+01 8.382676757670941114e+00 -2.306727577442956978e+00 2.018750392242843361e+01 -2.306727577442956978e+00 8.205804801486102917e+00
7.730279313427232957e-01 1.106744700819190541e+01 1.989316697276757751e+01 1.106744700819190541e+01 8.260967125018634505e+00 -2.455667649556709353e+00 1.989316697276757751e+01 -2.455667649556709353e+00 7.774524281112275226e+00
6.253108908560367496e-01 1.107935358079657817e+01 1.955514261395754261e+01 1.107935358079657817e+01 8.132710676009676121e+00 -2.608672503254535258e+00 1.955514261395754261e+01 -2.608672503254535258e+00 7.316157207350774350e+00
4.745362713016847978e-01 1.108277087504867531e+01 1.917488769249528602e+01 1.108277087504867531e+01 7.996954165405329107e+00 -2.765274508796673025e+00 1.917488769249528602e+01 -2.765274508796673025e+00 6.830397822294834498e+00
3.197867989593676241e-01 1.107798666309573932e+01 1.875385905487775062e+01 1.107798666309573932e+01 7.852456575819300788e+00 -2.924862150369590186e+00 1.875385905487775062e+01 -2.924862150369590186e+00 6.316616624371701683e+00
1.596236130913603612e-01 1.106530670284453777e+01 1.829344160456498969e+01 1.106530670284453777e+01 7.697940918346865224e+00 -3.086877869437418820e+00 1.829344160456498969e+01 -3.086877869437418820e+00 5.773482667398980972e+00
-7.212289447846254205e-03 1.104494682340573064e+01 1.779475045862874794e+01 1.104494682340573064e+01 7.531626602825083339e+00 -3.250764107464288788e+00 1.779475045862874794e+01 -3.250764107464288788e+00 5.200060691897149923e+00
-1.653702442355065116e+01 -8.049821765679324059e+00 1.089806931298858217e+01 -8.049821765679324059e+00 -2.035628212245624180e+00 -1.043228515906827170e+01 1.089806931298858217e+01 -1.043228515906827170e+01 -1.394649659450569956e+01
-1.653484237826616621e+01 -8.088218428080283573e+00 1.075757493509166807e+01 -8.088218428080283573e+00 -1.982855722088051609e+00 -1.045672773355751595e+01 1.075757493509166807e+01 -1.045672773355751595e+01 -1.389713469613732499e+01
-1.649453871830565532e+01 -8.119078782818014872e+00 1.059482002798999645e+01 -8.119078782818014872e+00 -1.907290943790846738e+00 -1.046283379305107886e+01 1.059482002798999645e+01 -1.046283379305107886e+01 -1.377987268273994026e+01
-1.641776373001873424e+01 -8.142439502922513839e+00 1.040954788047362634e+01 -8.142439502922513839e+00 -1.810492481128642028e+00 -1.045036496285401384e+01 1.040954788047362634e+01 -1.045036496285401384e+01 -1.359874458761259497e+01
-1.630486580719032119e+01 -8.158062213698835663e+00 1.020168514648257663e+01 -8.158062213698835663e+00 -1.692863737431342885e+00 -1.041943126205629966e+01 1.020168514648257663e+01 -1.041943126205629966e+01 -1.335477725559504592e+01
-1.615712850587011573e+01 -8.165983588176970898e+00 9.971433527681799802e+00 -8.165983588176970898e+00 -1.555981652988577713e+00 -1.036986766202297083e+01 9.971433527681799802e+00 -1.036986766202297083e+01 -1.305073950045164466e+01
-1.597667886179760544e+01 -8.166130280296934885e+00 9.718664668466324486e+00 -8.166130280296934885e+00 -1.401844907934875595e+00 -1.030163748972403859e+01 9.718664668466324486e+00 -1.030163748972403859e+01 -1.269035363472651312e+01
-1.576546054556234644e+01 -8.158557299603717894e+00 9.443341895806160124e+00 -8.158557299603717894e+00 -1.232580538009736104e+00 -1.021481409121948580e+01 9.443341895806160124e+00 -1.021481409121948580e+01 -1.227719527884380923e+01
-1.552576562153879181e+01 -8.143301319127310478e+00 9.145281844551352179e+00 -8.143301319127310478e+00 -1.050077204257714447e+00 -1.010943413953930126e+01 9.145281844551352179e+00 -1.010943413953930126e+01 -1.181496840883266053e+01
-1.525955609683148317e+01 -8.120399011897704966e+00 8.824392832126919828e+00 -8.120399011897704966e+00 -8.566636440832618993e-01 -9.985497634683486723e+00 8.824392832126919828e+00 -9.985497634683486723e+00 -1.130734032769220221e+01
1.557629636632726111e+01 -8.285954407377092323e+00 8.294444964378886453e+00 -8.285954407377092323e+00 -1.345113338343661313e+00 1.062074942290863611e+01 8.294444964378886453e+00 1.062074942290863611e+01 -1.143499564204670982e+01
1.564130050337284139e+01 -8.346235559423801575e+00 8.292948751573900878e+00 -8.346235559423801575e+00 -1.269635711663170019e+00 1.073071205074503354e+01 8.292948751573900878e+00 1.073071205074503354e+01 -1.096761842042141843e+01
1.567993163639799015e+01 -8.401937939754041906e+00 8.279825342874735483e+00 -8.401937939754041906e+00 -1.212563305150049286e+00 1.082594689711547531e+01 8.279825342874735483e+00 1.082594689711547531e+01 -1.086338827056075473e+01
1.573969001529596490e+01 -8.448050136804123866e+00 8.251667699484499963e+00 -8.448050136804123866e+00 -1.121005897481022195e+00 1.090421865614262842e+01 8.251667699484499963e+00 1.090421865614262842e+01 -1.068308561422966285e+01
1.581505948201465017e+01 -8.484193590707727495e+00 8.208602008025293273e+00 -8.484193590707727495e+00 -1.000786099933327788e+00 1.096563548778830288e+01 8.208602008025293273e+00 1.096563548778830288e+01 -1.045728366729872505e+01
1.590503054357718682e+01 -8.510043821579431622e+00 8.150574188516216623e+00 -8.510043821579431622e+00 -8.528052455220178629e-01 1.100994501880828125e+01 8.150574188516216623e+00 1.100994501880828125e+01 -1.018715416268750928e+01
1.600841344040370018e+01 -8.525348456175022349e+00 8.077566214296968639e+00 -8.525348456175022349e+00 -6.786496803535851940e-01 1.103676868933624000e+01 8.077566214296968639e+00 1.103676868933624000e+01 -9.875671499345685334e+00
1.612315313321987631e+01 -8.529873147910585374e+00 7.989343738783635906e+00 -8.529873147910585374e+00 -4.801040437978334463e-01 1.104572793950586274e+01 7.989343738783635906e+00 1.104572793950586274e+01 -9.526350876031960624e+00
1.624793367582373804e+01 -8.523581843465519725e+00 7.885870708655614791e+00 -8.523581843465519725e+00 -2.593675884114905461e-01 1.103628196950811358e+01 7.885870708655614791e+00 1.103628196950811358e+01 -9.142833678127148644e+00
1.638053778899825375e+01 -8.506222169595607951e+00 7.766552244122973292e+00 -8.506222169595607951e+00 -1.717940726689953096e-02 1.100776379291185236e+01 7.766552244122973292e+00 1.100776379291185236e+01 -8.728022197939713678e+00
-7.269359694461229537e+00 1.549214331526565847e+00 -6.505060352489663300e-01 1.549214331526565847e+00 4.150460182051766700e-01 5.318239783838857093e+00 -6.505060352489663300e-01 5.318239783838857093e+00 9.393585885582243833e+00
-7.345595961029640186e+00 1.624346511613334432e+00 -6.495467469944256056e-01 1.624346511613334432e+00 3.297417626645984812e-01 5.378819742102026957e+00 -6.495467469944256056e-01 5.378819742102026957e+00 9.163519602497947503e+00
-7.421596930479012144e+00 1.697361017628758129e+00 -6.485150596263346001e-01 1.697361017628758129e+00 2.341025336647226396e-01 5.421716216880548167e+00 -6.485150596263346001e-01 5.421716216880548167e+00 8.907769733881700347e+00
-7.496059418765439908e+00 1.767660556886047729e+00 -6.477367691556694673e-01 1.767660556886047729e+00 1.299021094875300875e-01 5.447218804628621847e+00 -6.477367691556694673e-01 5.447218804628621847e+00 8.628960747599700554e+00
-7.569508319462165957e+00 1.834738335590351044e+00 -6.474109731446933136e-01 1.834738335590351044e+00 1.704999124108309144e-02 5.455291305789474521e+00 -6.474109731446933136e-01 5.455291305789474521e+00 8.327146942987109668e+00
-7.643301115948255564e+00 1.898033260611654560e+00 -6.480987647234206506e-01 1.898033260611654560e+00 -1.051597124317332904e-01 5.446060418811818238e+00 -6.480987647234206506e-01 5.446060418811818238e+00 8.001622428686813393e+00
-7.719265885840851382e+00 1.957110937268655926e+00 -6.501259399028276320e-01 1.957110937268655926e+00 -2.378491877909478802e-01 5.419580443030815431e+00 -6.501259399028276320e-01 5.419580443030815431e+00 7.651011621541355723e+00
-7.798633414070309300e+00 2.011482671544890799e+00 -6.539992924777657812e-01 2.011482671544890799e+00 -3.814709292962497611e-01 5.375923777560016603e+00 -6.539992924777657812e-01 5.375923777560016603e+00 7.274445732188135061e+00
-7.883267977810547222e+00 2.060804567650996511e+00 -6.600808180159865035e-01 2.060804567650996511e+00 -5.372557218779929755e-01 5.315108522177809824e+00 -6.600808180159865035e-01 5.315108522177809824e+00 6.870132882566783117e+00
-7.975287251132911592e+00 2.104606031348895456e+00 -6.689497094258917143e-01 2.104606031348895456e+00 -7.062895522394314618e-01 5.237297574889681506e+00 -6.689497094258917143e-01 5.237297574889681506e+00 6.435973498384340630e+00
-4.237337460066007822e+01 -1.010623626262269958e+01 5.893994179608049500e+00 -1.010623626262269958e+01 -2.864811482298999223e+01 -1.687596381201495532e+01 5.893994179608049500e+00 -1.687596381201495532e+01 -3.092861719291715161e+01
-4.229367636615032211e+01 -1.007584977149989491e+01 5.990230697627903389e+00 -1.007584977149989491e+01 -2.864802010200768834e+01 -1.688295422050891403e+01 5.990230697627903389e+00 -1.688295422050891403e+01 -3.081677065701376250e+01
-4.216011978110309144e+01 -1.003964741206368672e+01 6.075100697771396163e+00 -1.003964741206368672e+01 -2.860325496577128845e+01 -1.686884079414576831e+01 6.075100697771396163e+00 -1.686884079414576831e+01 -3.058146479277663587e+01
-4.197342472498386456e+01 -9.997591295921150589e+00 6.148755733610212992e+00 -9.997591295921150589e+00 -2.851378152588786818e+01 -1.683345303515736546e+01 6.148755733610212992e+00 -1.683345303515736546e+01 -3.022374153101110394e+01
-4.173448157502630806e+01 -9.949738255661673136e+00 6.210703256036378406e+00 -9.949738255661673136e+00 -2.838030071762647211e+01 -1.677656361318618039e+01 6.210703256036378406e+00 -1.677656361318618039e+01 -2.974572262172075554e+01
-4.144558257900214215e+01 -9.896088291285252581e+00 6.260829599871128082e+00 -9.896088291285252581e+00 -2.820421441152518582e+01 -1.669783153269592546e+01 6.260829599871128082e+00 -1.669783153269592546e+01 -2.915055280151805306e+01
-4.110801594227068989e+01 -9.836603514398962744e+00 6.298585383417106165e+00 -9.836603514398962744e+00 -2.798667820356810410e+01 -1.659674530038215323e+01 6.298585383417106165e+00 -1.659674530038215323e+01 -2.844116842085438535e+01
-4.072468012689042638e+01 -9.771378645985114630e+00 6.323875885692008758e+00 -9.771378645985114630e+00 -2.772956756920482491e+01 -1.647292603231566588e+01 6.323875885692008758e+00 -1.647292603231566588e+01 -2.762171825875462261e+01
-4.029710961277466197e+01 -9.700470518633084183e+00 6.336113836605557381e+00 -9.700470518633084183e+00 -2.743420860218759572e+01 -1.632563490483449087e+01 6.336113836605557381e+00 -1.632563490483449087e+01 -2.669563121477814249e+01
-3.982825969457124415e+01 -9.623746522967650208e+00 6.335337124550672883e+00 -9.623746522967650208e+00 -2.710279882930583994e+01 -1.615447408981296107e+01 6.335337124550672883e+00 -1.615447408981296107e+01 -2.566739706348609573e+01
-1.015106136333047182e+01 4.998105394919729605e+00 -1.313834052643688466e+01 4.998105394919729605e+00 -9.034004769701374116e+00 1.910525416861531411e+01 -1.313834052643688466e+01 1.910525416861531411e+01 -2.684637461189645080e+00
-1.008708742851630191e+01 4.977274545361884961e+00 -1.310659131236101338e+01 4.977274545361884961e+00 -8.917267884075634754e+00 1.927707667221140042e+01 -1.310659131236101338e+01 1.927707667221140042e+01 -2.437337419292223029e+00
-1.000861054049812182e+01 4.953480923522768364e+00 -1.305004259696781688e+01 4.953480923522768364e+00 -8.788240980097945965e+00 1.941051115717542785e+01 -1.305004259696781688e+01 1.941051115717542785e+01 -2.176156240595500169e+00
-9.916691444907495878e+00 4.926962282733589937e+00 -1.296884068999957407e+01 4.926962282733589937e+00 -8.648277422884444121e+00 1.950553933478961355e+01 -1.296884068999957407e+01 1.950553933478961355e+01 -1.903636056871681026e+00
-9.812281155069278782e+00 4.897846644018851947e+00 -1.286322334478750307e+01 4.897846644018851947e+00 -8.498419669348912464e+00 1.956150281121367129e+01 -1.286322334478750307e+01 1.956150281121367129e+01 -1.621496007592615030e+00
-9.696915923277462213e+00 4.866316894556408812e+00 -1.273361120184067552e+01 4.866316894556408812e+00 -8.340295415374269439e+00 1.957770661517174915e+01 -1.273361120184067552e+01 1.957770661517174915e+01 -1.332259935812720730e+00
-9.571766227470329014e+00 4.832610787677474207e+00 -1.258024201449029889e+01 4.832610787677474207e+00 -8.175404335818940993e+00 1.955336433179906308e+01 -1.258024201449029889e+01 1.955336433179906308e+01 -1.037976177923989773e+00
-9.439227889677797023e+00 4.796710034664263489e+00 -1.240370102170551903e+01 4.796710034664263489e+00 -8.006032520406130004e+00 1.948756152520632767e+01 -1.240370102170551903e+01 1.948756152520632767e+01 -7.422476113301933465e-01
-9.300489676555933727e+00 4.758888966283560507e+00 -1.220420768809975698e+01 4.758888966283560507e+00 -7.833825953736544889e+00 1.937932889335091247e+01 -1.220420768809975698e+01 1.937932889335091247e+01 -4.473603257545363809e-01
-9.158477782950440016e+00 4.719001272793080126e+00 -1.198238383007773145e+01 4.719001272793080126e+00 -7.661308478864604865e+00 1.922767884547238992e+01 -1.198238383007773145e+01 1.922767884547238992e+01 -1.570269309075037756e-01
2.508629037984371735e+01 1.818246113281529119e+01 1.062559217831035063e+01 1.818246113281529119e+01 3.202831928389753102e+01 -3.100259744308563992e+00 1.062559217831035063e+01 -3.100259744308563992e+00 4.686152519110862613e+01
2.493614305213844062e+01 1.818350769876119344e+01 1.083113773008532554e+01 1.818350769876119344e+01 3.188701543843512098e+01 -2.969561100431282963e+00 1.083113773008532554e+01 -2.969561100431282963e+00 4.650325078229515441e+01
2.471263145162549790e+01 1.815516320439303755e+01 1.099998370269070236e+01 1.815516320439303755e+01 3.167116121209302193e+01 -2.847008228166265198e+00 1.099998370269070236e+01 -2.847008228166265198e+00 4.594686143992260696e+01
2.441718588509762000e+01 1.809789860438648645e+01 1.113075211763104377e+01 1.809789860438648645e+01 3.138201248400631727e+01 -2.732618570279275794e+00 1.113075211763104377e+01 -2.732618570279275794e+00 4.519577594608092141e+01
2.405050406318540723e+01 1.801241160937212982e+01 1.122215221023973797e+01 1.801241160937212982e+01 3.102035417863442746e+01 -2.626531668896435523e+00 1.122215221023973797e+01 -2.626531668896435523e+00 4.425299445648168728e+01
2.361333602481676053e+01 1.790004531231388185e+01 1.127320718563394664e+01 1.790004531231388185e+01 3.058676190724760602e+01 -2.528695195720448652e+00 1.127320718563394664e+01 -2.528695195720448652e+00 4.312195319598061616e+01
2.310749581763123217e+01 1.776257887531977531e+01 1.128332398977765649e+01 1.776257887531977531e+01 3.008311948854846918e+01 -2.438952165859430199e+00 1.128332398977765649e+01 -2.438952165859430199e+00 4.180872224706393325e+01
2.253549519989898897e+01 1.760210543028160757e+01 1.125236308054474854e+01 1.760210543028160757e+01 2.951193868080718730e+01 -2.356866510169254525e+00 1.125236308054474854e+01 -2.356866510169254525e+00 4.032001707455115991e+01
2.189981104435866754e+01 1.742124139206413247e+01 1.118055121389016904e+01 1.742124139206413247e+01 2.887583589888850355e+01 -2.282071930568856821e+00 1.118055121389016904e+01 -2.282071930568856821e+00 3.866422764877528095e+01
2.120379236203714868e+01 1.722279504595552169e+01 1.106867331427334378e+01 1.722279504595552169e+01 2.817828225317966684e+01 -2.213975373022225579e+00 1.106867331427334378e+01 -2.213975373022225579e+00 3.685038932240257026e+01
3.972167077967215931e+01 -5.949881774917986199e+00 1.009936089638309298e+01 -5.949881774917986199e+00 3.924191684067736219e+01 8.586015376993653803e+00 1.009936089638309298e+01 8.586015376993653803e+00 6.365757454620173661e+01
3.993010004371091526e+01 -6.033449705953424669e+00 1.019817932935414362e+01 -6.033449705953424669e+00 3.914409674756215196e+01 8.631680819019816653e+00 1.019817932935414362e+01 8.631680819019816653e+00 6.378818493975413162e+01
4.002380628810986707e+01 -6.106225238892215579e+00 1.025956001773156245e+01 -6.106225238892215579e+00 3.894016001287463524e+01 8.642559280897136986e+00 1.025956001773156245e+01 8.642559280897136986e+00 6.363757332357285890e+01
4.000163625820798075e+01 -6.167175608366260775e+00 1.028307264261197673e+01 -6.167175608366260775e+00 3.863200003978968056e+01 8.619356485627152509e+00 1.028307264261197673e+01 8.619356485627152509e+00 6.320558478285269643e+01
3.986162769980587228e+01 -6.215491814837212914e+00 1.026876884226378905e+01 -6.215491814837212914e+00 3.822104548706649041e+01 8.562812581723669325e+00 1.026876884226378905e+01 8.562812581723669325e+00 6.249259799822861083e+01
3.960297161336518457e+01 -6.250519773571943993e+00 1.021678631873608190e+01 -6.250519773571943993e+00 3.770941352370967081e+01 8.473908696286381215e+00 1.021678631873608190e+01 8.473908696286381215e+00 6.150069571319294681e+01
3.922427376563899060e+01 -6.271966867716157523e+00 1.012755539093222623e+01 -6.271966867716157523e+00 3.709855002123455847e+01 8.353677594683386332e+00 1.012755539093222623e+01 8.353677594683386332e+00 6.023178854367668578e+01
3.872630873065335777e+01 -6.279488842147152639e+00 1.000181620736603172e+01 -6.279488842147152639e+00 3.639170819055066630e+01 8.203306957088003060e+00 1.000181620736603172e+01 8.203306957088003060e+00 5.869128129510620795e+01
3.810986829519050900e+01 -6.273361100963092518e+00 9.840687597186271063e+00 -6.273361100963092518e+00 3.559186583846936713e+01 8.024139378478759355e+00 9.840687597186271063e+00 8.024139378478759355e+00 5.688562875103215077e+01
3.737782698952497640e+01 -6.253772984481459574e+00 9.645529368127611747e+00 -6.253772984481459574e+00 3.470373926017162347e+01 7.817689581395536713e+00 9.645529368127611747e+00 7.817689581395536713e+00 5.482440120386557680e+01
-1.410177981155601579e+01 2.266248000753209269e+01 -1.082208973549232311e+01 2.266248000753209269e+01 6.432712473474782477e+00 1.354074190924307475e+00 -1.082208973549232311e+01 1.354074190924307475e+00 -2.065588976844330560e+01
-1.405857519016063861e+01 2.267799780462793535e+01 -1.080785288862844951e+01 2.267799780462793535e+01 6.346760712909730984e+00 1.511887259502760816e+00 -1.080785288862844951e+01 1.511887259502760816e+00 -2.070950668529567551e+01
-1.397520362934855243e+01 2.267752202311320175e+01 -1.077712838235024861e+01 2.267752202311320175e+01 6.290325705547028079e+00 1.666077068853647702e+00 -1.077712838235024861e+01 1.666077068853647702e+00 -2.068394257852340345e+01
-1.385139063978433427e+01 2.266079647294150945e+01 -1.073006261096993796e+01 2.266079647294150945e+01 6.263663641433066864e+00 1.816918108312389535e+00 -1.073006261096993796e+01 1.816918108312389535e+00 -2.057281099625566867e+01
-1.368869166103537616e+01 2.262774795695673546e+01 -1.066696666240100377e+01 2.262774795695673546e+01 6.266079147584777687e+00 1.964117589254536611e+00 -1.066696666240100377e+01 1.964117589254536611e+00 -2.037834445175390030e+01
-1.348838764333364182e+01 2.257866926378333261e+01 -1.058813332526788820e+01 2.257866926378333261e+01 6.296858551730065479e+00 2.107401022344667307e+00 -1.058813332526788820e+01 2.107401022344667307e+00 -2.010229967676480811e+01
-1.325177783620013017e+01 2.251324930550782355e+01 -1.049380049032796158e+01 2.251324930550782355e+01 6.355562670932254576e+00 2.246457319669304287e+00 -1.049380049032796158e+01 2.246457319669304287e+00 -1.974619551227771197e+01
-1.298096665787307380e+01 2.243200046222300159e+01 -1.038438904122886974e+01 2.243200046222300159e+01 6.440636065623955631e+00 2.381030291182053116e+00 -1.038438904122886974e+01 2.381030291182053116e+00 -1.931332583031768024e+01
-1.267697886853804867e+01 2.233459334672635066e+01 -1.025997217512672499e+01 2.233459334672635066e+01 6.552023837938084405e+00 2.510772250391379856e+00 -1.025997217512672499e+01 2.510772250391379856e+00 -1.880508137685085046e+01
-1.234222997434676294e+01 2.222155863839969214e+01 -1.012098907495819944e+01 2.222155863839969214e+01 6.687713066081547808e+00 2.635317211516722491e+00 -1.012098907495819944e+01 2.635317211516722491e+00 -1.822528670328409106e+01
2.068324270693503664e+01 1.047042918643980691e+01 -1.019116795725971514e+01 1.047042918643980691e+01 2.944737098872067804e+01 6.293927446932926273e+00 -1.019116795725971514e+01 6.293927446932926273e+00 1.685923429744899238e+01
2.081470119675594077e+01 1.040538682270607396e+01 -1.017035017390383267e+01 1.040538682270607396e+01 2.959036555984285144e+01 6.531148025630368892e+00 -1.017035017390383267e+01 6.531148025630368892e+00 1.721044192680571783e+01
2.093066082925604832e+01 1.032847374325164225e+01 -1.012987702149112756e+01 1.032847374325164225e+01 2.971182024175669767e+01 6.748325763837969227e+00 -1.012987702149112756e+01 6.748325763837969227e+00 1.750342316718228020e+01
2.102876155116151580e+01 1.024023593055031434e+01 -1.006995984807597466e+01 1.024023593055031434e+01 2.980918124547185499e+01 6.945249313501353328e+00 -1.006995984807597466e+01 6.945249313501353328e+00 1.773319372696302310e+01
2.110814035791698018e+01 1.014155400149531516e+01 -9.990792389374881566e+00 1.014155400149531516e+01 2.988149750474363842e+01 7.121548815525364340e+00 -9.990792389374881566e+00 7.121548815525364340e+00 1.789800998469936033e+01
2.116781095860203266e+01 1.003325573596628040e+01 -9.892832566172330644e+00 1.003325573596628040e+01 2.992801168904388120e+01 7.276819186139118933e+00 -9.892832566172330644e+00 7.276819186139118933e+00 1.799598742023977493e+01
2.120648765255255341e+01 9.916292200207891483e+00 -9.776238889509098584e+00 9.916292200207891483e+00 2.994710346328903583e+01 7.410620116896002862e+00 -9.776238889509098584e+00 7.410620116896002862e+00 1.802467791862110857e+01
2.122240920598209613e+01 9.791667297478431564e+00 -9.641486892507529660e+00 9.791667297478431564e+00 2.993755757616645496e+01 7.522581748700862825e+00 -9.641486892507529660e+00 7.522581748700862825e+00 1.798187993761028380e+01
2.121497679940326009e+01 9.660208807657530983e+00 -9.488541350491892956e+00 9.660208807657530983e+00 2.989844057376932440e+01 7.612281385444946480e+00 -9.488541350491892956e+00 7.612281385444946480e+00 1.786565612004220327e+01
2.118209456461017126e+01 9.523114369719978711e+00 -9.317860184246669064e+00 9.523114369719978711e+00 2.982837869374419881e+01 7.679402005046696011e+00 -9.317860184246669064e+00 7.679402005046696011e+00 1.767324132887214461e+01
1.540097737826594582e+01 3.725810506024567648e+00 -5.916469458078413624e+00 3.725810506024567648e+00 -1.451652418514001175e+00 -1.563606805422440438e+01 -5.916469458078413624e+00 -1.563606805422440438e+01 4.379522530205380093e+01
1.548634669487090676e+01 3.833141092684592799e+00 -5.822657609432819292e+00 3.833141092684592799e+00 -1.393587746673363714e+00 -1.553883644576488443e+01 -5.822657609432819292e+00 -1.553883644576488443e+01 4.396776287141585016e+01
1.549965169789696873e+01 3.932100392300109437e+00 -5.716805356442356434e+00 3.932100392300109437e+00 -1.383613447216076153e+00 -1.541666908866214314e+01 -5.716805356442356434e+00 -1.541666908866214314e+01 4.396909871509316758e+01
1.543980590115324425e+01 4.021833464917635048e+00 -5.598983944103149035e+00 4.021833464917635048e+00 -1.423314721305886543e+00 -1.526997564164389232e+01 -5.598983944103149035e+00 -1.526997564164389232e+01 4.379723797319429224e+01
