6.042775955428495438e-01 -9.294174697629666807e-04 -1.910220492769222567e+00 -9.294174697630027846e-04 -1.710823943788321033e-01 -2.866897495033992509e-04 -1.910220492769222567e+00 -2.866897495033992509e-04 3.766136439573797845e-01
5.746295293479332100e-01 9.114728688050895145e-02 -1.915386541106699925e+00 9.114728688050896532e-02 -2.046161629170546448e-01 1.532226939990663783e-01 -1.915386541106699925e+00 1.532226939990663783e-01 2.837938506874306266e-01
5.569962632408684833e-01 1.826490173540602224e-01 -1.921934590377579077e+00 1.826490173540602502e-01 -2.283024424211011205e-01 3.066529997870038327e-01 -1.921934590377579077e+00 3.066529997870038327e-01 2.053500043587652701e-01
5.503590315960850132e-01 2.729823692439983240e-01 -1.929833319990022611e+00 2.729823692439983240e-01 -2.430935090472877147e-01 4.599861446621857364e-01 -1.929833319990022611e+00 4.599861446621857364e-01 1.403056255565040267e-01
5.540227884188805296e-01 3.615111531193128669e-01 -1.939180412673263465e+00 3.615111531193128669e-01 -2.495420404977031215e-01 6.129444394617248326e-01 -1.939180412673263465e+00 6.129444394617248326e-01 8.773848372214944347e-02
5.669884739077803992e-01 4.475123987726482566e-01 -1.950004291153002445e+00 4.475123987726483121e-01 -2.483126085665931237e-01 7.651893273465069090e-01 -1.950004291153002445e+00 7.651893273465069090e-01 4.632852335040125308e-02
5.878064033911181152e-01 5.304884367800153377e-01 -1.962359204285610614e+00 5.304884367800153377e-01 -2.404690589280002455e-01 9.166268465410188915e-01 -1.962359204285610614e+00 9.166268465410188915e-01 1.403237085086314444e-02
6.151969067350538944e-01 6.097265497382357013e-01 -1.976291657748912467e+00 6.097265497382357013e-01 -2.270282563682645971e-01 1.066887119614308377e+00 -1.976291657748912467e+00 1.066887119614308377e+00 -1.072319061154876872e-02
6.469743926918790633e-01 6.847844414383247313e-01 -1.991935326237562975e+00 6.847844414383247313e-01 -2.094754489215400750e-01 1.216172606054630734e+00 -1.991935326237562975e+00 1.216172606054630734e+00 -3.103034585062004747e-02
6.821486689972565687e-01 7.550904241098537195e-01 -2.009348179561653680e+00 7.550904241098537195e-01 -1.889180667702675676e-01 1.364057406067215261e+00 -2.009348179561653680e+00 1.364057406067215261e+00 -4.858889236632637360e-02
1.250700789873625851e+01 -1.937341612591169948e+01 -8.173483736139143474e+00 -1.937341612591169948e+01 -1.927665668787058095e+01 1.118014151794637634e+01 -8.173483736139143474e+00 1.118014151794637634e+01 -2.060149276665242013e+01
1.271391579346614265e+01 -1.950280672415419758e+01 -8.396999867115024330e+00 -1.950280672415419758e+01 -1.911644573932576208e+01 1.118262909518145953e+01 -8.396999867115024330e+00 1.118262909518145953e+01 -2.011165954344996010e+01
1.293871229507772824e+01 -1.960880312178146667e+01 -8.606907487334272133e+00 -1.960880312178146667e+01 -1.891017802991372676e+01 1.116713661048943251e+01 -8.606907487334272133e+00 1.116713661048943251e+01 -1.954496750008705064e+01
1.318033652504429121e+01 -1.969054564136667551e+01 -8.802548120469953830e+00 -1.969054564136667551e+01 -1.865812792477071724e+01 1.113278609543438158e+01 -8.802548120469953830e+00 1.113278609543438158e+01 -1.890416028792591518e+01
1.343611799603992907e+01 -1.974724776951931560e+01 -8.982458485795547176e+00 -1.974724776951931560e+01 -1.836239888994108682e+01 1.107908369277111049e+01 -8.982458485795547176e+00 1.107908369277111049e+01 -1.819534710399978295e+01
1.370408127908384799e+01 -1.977790350073989956e+01 -9.145650868820656143e+00 -1.977790350073989956e+01 -1.802421642303330529e+01 1.100507827002737749e+01 -9.145650868820656143e+00 1.100507827002737749e+01 -1.742143621875260706e+01
1.398236069124972580e+01 -1.978201897778323826e+01 -9.290771734873244370e+00 -1.978201897778323826e+01 -1.764539133394644566e+01 1.091044058903971781e+01 -9.290771734873244370e+00 1.091044058903971781e+01 -1.658844537417219556e+01
1.426837720025708123e+01 -1.975866135918616706e+01 -9.417016279553729774e+00 -1.975866135918616706e+01 -1.722789905166129643e+01 1.079394515219966877e+01 -9.417016279553729774e+00 1.079394515219966877e+01 -1.569855120033925466e+01
1.456083214446111995e+01 -1.970781235393960884e+01 -9.523232169289977733e+00 -1.970781235393960884e+01 -1.677333089396795884e+01 1.065539075840733574e+01 -9.523232169289977733e+00 1.065539075840733574e+01 -1.475832016951403070e+01
1.485712820057227468e+01 -1.962839279250775348e+01 -9.608888964818623535e+00 -1.962839279250775348e+01 -1.628362570782906715e+01 1.049329583592711934e+01 -9.608888964818623535e+00 1.049329583592711934e+01 -1.376938018150478626e+01
-4.475258266833468923e+01 9.242586886943698232e+00 4.623418423655752285e+00 9.242586886943698232e+00 -4.046671878918617438e+01 -1.192635032155864749e+01 4.623418423655752285e+00 -1.192635032155864749e+01 -5.917565970714501589e+01
-4.457168050914938817e+01 9.267163580835354963e+00 4.785320760020272068e+00 9.267163580835354963e+00 -4.034379685854808884e+01 -1.190385053137614513e+01 4.785320760020272068e+00 -1.190385053137614513e+01 -5.873366382889319226e+01
-4.430739451215953295e+01 9.286067250706636855e+00 4.946242336299913056e+00 9.286067250706636855e+00 -4.014399102949150944e+01 -1.187190852155295140e+01 4.946242336299913056e+00 -1.187190852155295140e+01 -5.807130462098214707e+01
-4.396280157174905412e+01 9.299259435377745575e+00 5.106452380753269793e+00 9.299259435377745575e+00 -3.987028204345086380e+01 -1.183033198619007109e+01 5.106452380753269793e+00 -1.183033198619007109e+01 -5.719852429838994823e+01
-4.353834399148563961e+01 9.306547828949684131e+00 5.265297053323757304e+00 9.306547828949684131e+00 -3.952326604871303317e+01 -1.177883246643900961e+01 5.265297053323757304e+00 -1.177883246643900961e+01 -5.611695746125806750e+01
-4.303700251280372413e+01 9.307932431422452524e+00 5.421834055106296013e+00 9.307932431422452524e+00 -3.910482764308819270e+01 -1.171704458109167568e+01 5.421834055106296013e+00 -1.171704458109167568e+01 -5.483508479973221483e+01
-4.246150787946906036e+01 9.303220936897057314e+00 5.575140317785704624e+00 9.303220936897057314e+00 -3.861792833742086373e+01 -1.164435295127128178e+01 5.575140317785704624e+00 -1.164435295127128178e+01 -5.335782934482668338e+01
-4.181237931740891867e+01 9.292278731244199008e+00 5.723600471810422086e+00 9.292278731244199008e+00 -3.806137583513726952e+01 -1.156043065694953853e+01 5.723600471810422086e+00 -1.156043065694953853e+01 -5.168890260039209039e+01
-4.110300131719340300e+01 9.275298120362874599e+00 5.866176065325868549e+00 9.275298120362874599e+00 -3.744859308798731945e+01 -1.146439309099106296e+01 5.866176065325868549e+00 -1.146439309099106296e+01 -4.985582354057473253e+01
-4.032918161022441694e+01 9.252048337174290538e+00 6.001001731111787585e+00 9.252048337174290538e+00 -3.677333015425364948e+01 -1.135591333336756215e+01 6.001001731111787585e+00 -1.135591333336756215e+01 -4.785447681913608875e+01
1.047281098846453418e+01 6.865070335032082305e+00 -8.050846015934727262e+00 6.865070335032082305e+00 1.389014754366605686e+01 -1.724688484486397755e+01 -8.050846015934727262e+00 -1.724688484486397755e+01 3.420486296807858650e+01
1.053435072869425149e+01 6.876835285370117568e+00 -7.868782078576914252e+00 6.876835285370117568e+00 1.393264687407268099e+01 -1.716156677363431626e+01 -7.868782078576914252e+00 -1.716156677363431626e+01 3.431275270873506855e+01
1.055159889118078098e+01 6.879372823678320259e+00 -7.675858187060915938e+00 6.879372823678320259e+00 1.392739434722493108e+01 -1.702945507639952538e+01 -7.675858187060915938e+00 -1.702945507639952538e+01 3.428526566790004892e+01
1.052471518113233095e+01 6.872611969864156123e+00 -7.472571202034492543e+00 6.872611969864156123e+00 1.387435447307654002e+01 -1.685085141855289947e+01 -7.472571202034492543e+00 -1.685085141855289947e+01 3.412307615645264036e+01
1.045267038720711561e+01 6.856765664205235922e+00 -7.259914844793164512e+00 6.856765664205235922e+00 1.377175274931407500e+01 -1.662648334604293865e+01 -7.259914844793164512e+00 -1.662648334604293865e+01 3.382536790332866161e+01
1.033468372838722260e+01 6.831656456470215133e+00 -7.038740876447376671e+00 6.831656456470215133e+00 1.361902133519724245e+01 -1.635732683514203600e+01 -7.038740876447376671e+00 -1.635732683514203600e+01 3.339203443838930951e+01
1.016972599333086436e+01 6.797940912515064937e+00 -6.810043018292650352e+00 6.797940912515064937e+00 1.341419053315813592e+01 -1.604444658723823736e+01 -6.810043018292650352e+00 -1.604444658723823736e+01 3.282220625550099413e+01
9.957442281575355381e+00 6.755317366946500535e+00 -6.574690776462565722e+00 6.755317366946500535e+00 1.315745553845123084e+01 -1.568924445915915911e+01 -6.574690776462565722e+00 -1.568924445915915911e+01 3.211749815176894884e+01
9.696590441501298230e+00 6.704832776129446614e+00 -6.333589147136970077e+00 6.704832776129446614e+00 1.284650949806907150e+01 -1.529303358261673473e+01 -6.333589147136970077e+00 -1.529303358261673473e+01 3.127688091585137542e+01
9.387134983062416893e+00 6.646132239601215907e+00 -6.087660871518847827e+00 6.646132239601215907e+00 1.248252358353852109e+01 -1.485746424476245942e+01 -6.087660871518847827e+00 -1.485746424476245942e+01 3.030321149647289403e+01
3.536762988080921843e+01 8.439160519886789169e-01 1.016406986807063717e+01 8.439160519886789169e-01 2.788370504795875338e+00 8.340569156439661569e+00 1.016406986807063717e+01 8.340569156439661569e+00 5.108449613703526637e+01
3.535919124770389033e+01 8.797802426862791902e-01 1.032069441460246040e+01 8.797802426862791902e-01 2.550277987826463644e+00 8.185948785270349859e+00 1.032069441460246040e+01 8.185948785270349859e+00 5.076279083038065920e+01
3.524780129071370283e+01 9.120755947997555291e-01 1.043493241026569862e+01 9.120755947997555291e-01 2.259795623661537523e+00 8.014205021091498793e+00 1.043493241026569862e+01 8.014205021091498793e+00 5.022275347261160050e+01
3.503295017575518955e+01 9.406966254152913098e-01 1.050629160146254293e+01 9.406966254152913098e-01 1.917679373183448721e+00 7.825707054101464166e+00 1.050629160146254293e+01 7.825707054101464166e+00 4.946702113657349287e+01
3.471432145408689962e+01 9.654675296765261594e-01 1.053419183216699828e+01 9.654675296765261594e-01 1.524421489990007705e+00 7.620964718383693715e+00 1.053419183216699828e+01 7.620964718383693715e+00 4.849817815365483398e+01
3.429254802319173479e+01 9.862828246696430101e-01 1.051815842926689371e+01 9.862828246696430101e-01 1.080549388650296372e+00 7.400593330935448577e+00 1.051815842926689371e+01 7.400593330935448577e+00 4.731981094292540035e+01
3.376863197075096679e+01 1.003107349423370209e+00 1.045826171470477384e+01 1.003107349423370209e+00 5.861333911068590252e-01 7.165120306325812649e+00 1.045826171470477384e+01 7.165120306325812649e+00 4.593673655744946416e+01
3.314503456475362242e+01 1.015958684423343694e+00 1.035473023479390875e+01 1.015958684423343694e+00 4.212284358404421586e-02 6.915196122523319389e+00 1.035473023479390875e+01 6.915196122523319389e+00 4.435567074274001698e+01
3.242497303407110820e+01 1.024907151612107770e+00 1.020828478944537565e+01 1.024907151612107770e+00 -5.506383906076164347e-01 6.651418516039596440e+00 1.020828478944537565e+01 6.651418516039596440e+00 4.258457745879018574e+01
3.161282491962683139e+01 1.030093394874750823e+00 1.001994504682606468e+01 1.030093394874750823e+00 -1.191007579901777635e+00 6.374701672127720542e+00 1.001994504682606468e+01 6.374701672127720542e+00 4.063344242144128060e+01
6.191304293554601657e+01 3.272293157081008097e+00 -4.093964625618153441e+00 3.272293157081008097e+00 3.327285687597721164e+01 2.402902712302061872e+01 -4.093964625618153441e+00 2.402902712302061872e+01 5.022356633069585286e+01
6.195548343855576690e+01 3.090814547000118484e+00 -3.878605662487849326e+00 3.090814547000118484e+00 3.326904855274837303e+01 2.395754386673863934e+01 -3.878605662487849326e+00 2.395754386673863934e+01 5.026298762249714258e+01
6.189971380424505298e+01 2.908649752553670531e+00 -3.663915729113963682e+00 2.908649752553670531e+00 3.319909205667975272e+01 2.382620817917088019e+01 -3.663915729113963682e+00 2.382620817917088019e+01 5.008715287882296252e+01
6.174568256878647787e+01 2.727617162310393528e+00 -3.449551733313718227e+00 2.727617162310393528e+00 3.306345056221812939e+01 2.363495144188079422e+01 -3.449551733313718227e+00 2.363495144188079422e+01 4.969515290538895158e+01
6.149306379460639249e+01 2.549775329366959831e+00 -3.235633757351084938e+00 2.549775329366959831e+00 3.286212406936347463e+01 2.338403097400545860e+01 -3.235633757351084938e+00 2.338403097400545860e+01 4.908817137022569455e+01
6.114268090294345370e+01 2.377062724556070261e+00 -3.022401965754009101e+00 2.377062724556070261e+00 3.259540420647117287e+01 2.307399572303732072e+01 -3.022401965754009101e+00 2.307399572303732072e+01 4.826862707322177215e+01
6.069573471643740703e+01 2.211314891055592202e+00 -2.810182296096131793e+00 2.211314891055592202e+00 3.226371983876968841e+01 2.270568626482419106e+01 -2.810182296096131793e+00 2.270568626482419106e+01 4.724020825534207546e+01
6.015478127184993440e+01 2.054281598997697689e+00 -2.599437922824203273e+00 2.054281598997697689e+00 3.186804877897994359e+01 2.228016618513268199e+01 -2.599437922824203273e+00 2.228016618513268199e+01 4.600818138159225157e+01
5.952263392507984463e+01 1.907506763204891875e+00 -2.390786411867225514e+00 1.907506763204891875e+00 3.140926591216802066e+01 2.179894508956702381e+01 -2.390786411867225514e+00 2.179894508956702381e+01 4.457875642048059461e+01
5.880292945326458920e+01 1.772397061626568071e+00 -2.185051184463869145e+00 1.772397061626568071e+00 3.088836620566398494e+01 2.126408153122388356e+01 -2.185051184463869145e+00 2.126408153122388356e+01 4.295997888369326745e+01
6.776757108063819146e+00 -1.877577146547689324e+01 -2.160648633199029334e+01 -1.877577146547689324e+01 4.711132789009083721e-01 1.420088472998374662e+01 -2.160648633199029334e+01 1.420088472998374662e+01 2.995989202538341445e+01
6.623240428045860106e+00 -1.888206741903605490e+01 -2.161213560234142150e+01 -1.888206741903605490e+01 4.552415193429769080e-01 1.428357928740930838e+01 -2.161213560234142150e+01 1.428357928740930838e+01 2.974254755749350565e+01
6.419472143190246172e+00 -1.895385798797435939e+01 -2.156891420060739151e+01 -1.895385798797435939e+01 4.130244323380380389e-01 1.432210193094652517e+01 -2.156891420060739151e+01 1.432210193094652517e+01 2.940681949091217007e+01
6.164824556791296040e+00 -1.899112523810021713e+01 -2.147719874481161284e+01 -1.899112523810021713e+01 3.418436259138230016e-01 1.431629125287108018e+01 -2.147719874481161284e+01 1.431629125287108018e+01 2.895116548516260835e+01
5.860050904895828694e+00 -1.899392297198839330e+01 -2.133763486585136349e+01 -1.899392297198839330e+01 2.404975092337424958e-01 1.426618312156615254e+01 -2.133763486585136349e+01 1.426618312156615254e+01 2.837637464467480086e+01
5.506801133130204029e+00 -1.896271747862025592e+01 -2.115099373396504134e+01 -1.896271747862025592e+01 1.079279649939345609e-01 1.417201068152242449e+01 -2.115099373396504134e+01 1.417201068152242449e+01 2.768413278345830619e+01
5.105667069816922421e+00 -1.889842340176694080e+01 -2.091896116316219434e+01 -1.889842340176694080e+01 -5.787363626377979575e-02 1.403425815591285186e+01 -2.091896116316219434e+01 1.403425815591285186e+01 2.687531867690106679e+01
4.658603541839387852e+00 -1.880231406903139657e+01 -2.064254146817191682e+01 -1.880231406903139657e+01 -2.582702931003076907e-01 1.385389399108333919e+01 -2.064254146817191682e+01 1.385389399108333919e+01 2.595280179565763135e+01
4.166955613566917904e+00 -1.867605736023158158e+01 -2.032438890934964704e+01 -1.867605736023158158e+01 -4.944994647354199468e-01 1.363190456757138946e+01 -2.032438890934964704e+01 1.363190456757138946e+01 2.491821415116276484e+01
3.633126466672691457e+00 -1.852169777320885302e+01 -1.996572301172357911e+01 -1.852169777320885302e+01 -7.683007677534324786e-01 1.336976048908745085e+01 -1.996572301172357911e+01 1.336976048908745085e+01 2.377571647586555770e+01
-4.131278372746547944e+01 6.044597725079536410e+00 -1.188854151908056522e+01 6.044597725079536410e+00 -2.326641034316559953e+01 1.838981234167189172e+01 -1.188854151908056522e+01 1.838981234167189172e+01 -4.749842149711442829e+01
-4.125918244102745547e+01 5.925028542593581804e+00 -1.189686811665533384e+01 5.925028542593581804e+00 -2.330189796061979024e+01 1.836122878234347766e+01 -1.189686811665533384e+01 1.836122878234347766e+01 -4.746943962674028938e+01
-4.113327821619532187e+01 5.806312883777023259e+00 -1.189225908884059990e+01 5.806312883777023259e+00 -2.327651985684977021e+01 1.830616702207115765e+01 -1.189225908884059990e+01 1.830616702207115765e+01 -4.726100914667395614e+01
-4.093596251102378147e+01 5.688317978281286713e+00 -1.187424025582003217e+01 5.688317978281286713e+00 -2.319116748991024224e+01 1.822455119208430929e+01 -1.187424025582003217e+01 1.822455119208430929e+01 -4.687523541529994020e+01
-4.066886650408101644e+01 5.571404202766784053e+00 -1.184243227374056673e+01 5.571404202766784053e+00 -2.304665644908529032e+01 1.811657096430947789e+01 -1.184243227374056673e+01 1.811657096430947789e+01 -4.631649985412112613e+01
-4.033144014678007494e+01 5.456311277746991983e+00 -1.179628509401526060e+01 5.456311277746991983e+00 -2.284205734193491111e+01 1.798216943716870020e+01 -1.179628509401526060e+01 1.798216943716870020e+01 -4.558210912178076057e+01
-3.992713546818384884e+01 5.342716760946803589e+00 -1.173553317594696921e+01 5.342716760946803589e+00 -2.257993073946729012e+01 1.782147938101054407e+01 -1.173553317594696921e+01 1.782147938101054407e+01 -4.468092089724789417e+01
-3.945783022036500398e+01 5.231815585503374777e+00 -1.165970233971936132e+01 5.231815585503374777e+00 -2.226196472182856212e+01 1.763467150056889210e+01 -1.165970233971936132e+01 1.763467150056889210e+01 -4.361636824239277388e+01
-3.892635051502887933e+01 5.122830096517922094e+00 -1.156856497902059466e+01 5.122830096517922094e+00 -2.188948699250445173e+01 1.742168889426578815e+01 -1.156856497902059466e+01 1.742168889426578815e+01 -4.239452065886442966e+01
-3.833527589037630889e+01 5.017694947641074599e+00 -1.146179865157557032e+01 5.017694947641074599e+00 -2.146526676162233471e+01 1.718294884033959846e+01 -1.146179865157557032e+01 1.718294884033959846e+01 -4.102150454988984762e+01
1.650895636036184300e+01 -1.925203386135803285e+01 -4.201172859010937621e+00 -1.925203386135803285e+01 -2.173129631830503783e+01 -4.403923494719255594e+00 -4.201172859010937621e+00 -4.403923494719255594e+00 -1.740914507853505810e+01
1.641902148862776656e+01 -1.924801646607244976e+01 -4.132384095189157058e+00 -1.924801646607244976e+01 -2.175443286297246459e+01 -4.311286011611239033e+00 -4.132384095189157058e+00 -4.311286011611239033e+00 -1.756604262532474792e+01
1.634477271939512377e+01 -1.922035122126490947e+01 -4.060801415555129523e+00 -1.922035122126490947e+01 -2.173113197031608124e+01 -4.212293739596938202e+00 -4.060801415555129523e+00 -4.212293739596938202e+00 -1.765292792881931305e+01
1.628537005183147812e+01 -1.916965899711591348e+01 -3.986662211648458243e+00 -1.916965899711591348e+01 -2.166292755489947908e+01 -4.106435373821821777e+00 -3.986662211648458243e+00 -4.106435373821821777e+00 -1.767171838222324354e+01
1.624072218149851921e+01 -1.909615892427740391e+01 -3.910240396784068651e+00 -1.909615892427740391e+01 -2.155053179134145580e+01 -3.993510044521611402e+00 -3.910240396784068651e+00 -3.993510044521611402e+00 -1.762217659399694014e+01
1.621015345555276355e+01 -1.900025274227793659e+01 -3.831828145164550392e+00 -1.900025274227793659e+01 -2.139507685467705045e+01 -3.873316881932027833e+00 -3.831828145164550392e+00 -3.873316881932027833e+00 -1.750547126095074901e+01
1.619315256913968426e+01 -1.888241523419671708e+01 -3.751717630992489561e+00 -1.888241523419671708e+01 -2.119791405059322642e+01 -3.745655016288791384e+00 -3.751717630992489561e+00 -3.745655016288791384e+00 -1.732275281900735919e+01
1.618867865166255626e+01 -1.874319422666360069e+01 -3.670109724032165843e+00 -1.874319422666360069e+01 -2.096065033720421766e+01 -3.610414882265932324e+00 -3.670109724032165843e+00 -3.610414882265932324e+00 -1.707539083474140895e+01
1.619627518092983820e+01 -1.858321058985908181e+01 -3.587095728721888310e+00 -1.858321058985908181e+01 -2.068472832463529798e+01 -3.467359088323847871e+00 -3.587095728721888310e+00 -3.467359088323847871e+00 -1.676466357028921195e+01
1.621457259036690601e+01 -1.840306693307599772e+01 -3.502821732162950230e+00 -1.840306693307599772e+01 -2.037201062342797186e+01 -3.316359808248906305e+00 -3.502821732162950230e+00 -3.316359808248906305e+00 -1.639245189707993333e+01
3.182705561503275327e+00 2.206324104541426134e+00 2.999591094029431249e-01 2.206324104541426134e+00 -1.788797080897845282e+00 -9.617894380765534823e-01 2.999591094029431249e-01 -9.617894380765534823e-01 -9.873390324816627706e-01
3.450894934621875354e+00 2.214695981547488035e+00 2.517891734544567828e-01 2.214695981547488035e+00 -1.722364519083003476e+00 -9.607768568403991516e-01 2.517891734544567828e-01 -9.607768568403991516e-01 -5.573355614640372879e-01
3.727112630398555559e+00 2.220807632579990809e+00 2.000028759482761764e-01 2.220807632579990809e+00 -1.642641828543635274e+00 -9.577210313241476536e-01 2.000028759482761764e-01 -9.577210313241476536e-01 -1.130293804857313428e-01
4.009948267825817148e+00 2.224640975831146950e+00 1.444555624220937029e-01 2.224640975831146950e+00 -1.549827909165414352e+00 -9.527666159901067022e-01 1.444555624220937029e-01 -9.527666159901067022e-01 3.439340659445042081e-01
4.297087375506734475e+00 2.226069438646435916e+00 8.511106926033233655e-02 2.226069438646435916e+00 -1.444646033259879392e+00 -9.458774472226991747e-01 8.511106926033233655e-02 -9.458774472226991747e-01 8.106797703883026340e-01
4.586450545545634583e+00 2.224948366563550994e+00 2.160776030722267801e-02 2.224948366563550994e+00 -1.328018373024242527e+00 -9.373066703309640424e-01 2.160776030722267801e-02 -9.373066703309640424e-01 1.283953007443738858e+00
4.875470161236552080e+00 2.221295841390279691e+00 -4.607244624502375430e-02 2.221295841390279691e+00 -1.200686282577830610e+00 -9.269819580837471706e-01 -4.607244624502375430e-02 -9.269819580837471706e-01 1.760028924706388054e+00
5.161741342143622902e+00 2.214876799625372872e+00 -1.185262500534264851e-01 2.214876799625372872e+00 -1.064367533660548926e+00 -9.151383739822985808e-01 -1.185262500534264851e-01 -9.151383739822985808e-01 2.235273078810767533e+00
5.442334835405113758e+00 2.205890141154502881e+00 -1.959887146192356711e-01 2.205890141154502881e+00 -9.202012801630705674e-01 -9.017578362188302110e-01 -1.959887146192356711e-01 -9.017578362188302110e-01 2.705761717466779626e+00
5.715135069509773125e+00 2.194010393437477280e+00 -2.791650304462016119e-01 2.194010393437477280e+00 -7.699595392486661138e-01 -8.871115719101688724e-01 -2.791650304462016119e-01 -8.871115719101688724e-01 3.168167788041345023e+00
-2.370718219144844241e+01 1.552593392208932066e+01 -4.322943989038509294e+00 1.552593392208932066e+01 1.612135136362728538e+00 -2.282615033016564610e+01 -4.322943989038509294e+00 -2.282615033016564610e+01 -3.951337792532550708e+01
-2.368178971563817470e+01 1.551900701767426582e+01 -4.242543742873388979e+00 1.551900701767426582e+01 1.556719901042285858e+00 -2.286206281054209555e+01 -4.242543742873388979e+00 -2.286206281054209555e+01 -3.955392068940186334e+01
-2.358425741978341250e+01 1.550617187125813246e+01 -4.157309480525569256e+00 1.550617187125813246e+01 1.551107997198003075e+00 -2.286046999294933002e+01 -4.157309480525569256e+00 -2.286046999294933002e+01 -3.943407042611356417e+01
-2.342041946134603236e+01 1.548765073645851942e+01 -4.067074511781854085e+00 1.548765073645851942e+01 1.590039422546789982e+00 -2.282192751143133336e+01 -4.067074511781854085e+00 -2.282192751143133336e+01 -3.917003312841028162e+01
-2.319075738983083212e+01 1.546346213441022499e+01 -3.972005526855439062e+00 1.546346213441022499e+01 1.673106712123054951e+00 -2.274636128144891245e+01 -3.972005526855439062e+00 -2.274636128144891245e+01 -3.876204957104440751e+01
-2.289651212126937807e+01 1.543347641716965235e+01 -3.872232173689923229e+00 1.543347641716965235e+01 1.799550499400013992e+00 -2.263369721846286708e+01 -3.872232173689923229e+00 -2.263369721846286708e+01 -3.821230524792228778e+01
-2.253898013509764553e+01 1.539765654246720139e+01 -3.768013748172500232e+00 1.539765654246720139e+01 1.968407685368086968e+00 -2.248397236474279381e+01 -3.768013748172500232e+00 -2.248397236474279381e+01 -3.752387466742066380e+01
-2.211956903756040305e+01 1.535574321441567314e+01 -3.659387292572768846e+00 1.535574321441567314e+01 2.178937424635289943e+00 -2.229698298780589738e+01 -3.659387292572768846e+00 -2.229698298780589738e+01 -3.669881367550229356e+01
-2.164013094213761690e+01 1.530784755982387502e+01 -3.546686187317122929e+00 1.530784755982387502e+01 2.429917322304848248e+00 -2.207300690467417681e+01 -3.546686187317122929e+00 -2.207300690467417681e+01 -3.574067833004870920e+01
-2.110325880770123064e+01 1.525333986010861409e+01 -3.430188249427555736e+00 1.525333986010861409e+01 2.719754560783994357e+00 -2.181163665038203447e+01 -3.430188249427555736e+00 -2.181163665038203447e+01 -3.465591398597016592e+01
-5.081555869370470191e+01 2.161714845008736674e+00 -1.584433915582718733e+01 2.161714845008736674e+00 -2.264473932895337427e+01 2.553269663105718568e+00 -1.584433915582718733e+01 2.553269663105718568e+00 -4.607022597242290374e+01
-5.085185081302912380e+01 2.134167126088469590e+00 -1.584028129681610864e+01 2.134167126088469590e+00 -2.250741985594004291e+01 2.392879451771193544e+00 -1.584028129681610864e+01 2.392879451771193544e+00 -4.593102045226357433e+01
-5.081481570543507331e+01 2.105609705160752743e+00 -1.582107790769327060e+01 2.105609705160752743e+00 -2.231885324330325204e+01 2.226792997036143085e+00 -1.582107790769327060e+01 2.226792997036143085e+00 -4.562092763008848806e+01
-5.070351987284019657e+01 2.076061633206856882e+00 -1.578678614140248015e+01 2.076061633206856882e+00 -2.207782022824155632e+01 2.054667381237659907e+00 -1.578678614140248015e+01 2.054667381237659907e+00 -4.513817576463927850e+01
-5.051904922117702768e+01 2.045865827889690625e+00 -1.573752030383138312e+01 2.045865827889690625e+00 -2.178624495986349530e+01 1.877207490682831104e+00 -1.573752030383138312e+01 1.877207490682831104e+00 -4.448708942866485216e+01
-5.026294687992865562e+01 2.015346155890889168e+00 -1.567322324203615480e+01 2.015346155890889168e+00 -2.144555626176451568e+01 1.694794344997111235e+00 -1.567322324203615480e+01 1.694794344997111235e+00 -4.367075488113137283e+01
-4.993540335890781279e+01 1.984788381929542433e+00 -1.559376159914789106e+01 1.984788381929542433e+00 -2.105714485557752269e+01 1.508189983431405867e+00 -1.559376159914789106e+01 1.508189983431405867e+00 -4.269208692217354439e+01
-4.953876192881103435e+01 1.954611627593648926e+00 -1.549896391633513204e+01 1.954611627593648926e+00 -2.062314445120505368e+01 1.318004037386440563e+00 -1.549896391633513204e+01 1.318004037386440563e+00 -4.155659128537919145e+01
-4.907466097402775773e+01 1.925120708583571316e+00 -1.538856347986006767e+01 1.925120708583571316e+00 -2.014654605270691690e+01 1.125093801019484863e+00 -1.538856347986006767e+01 1.125093801019484863e+00 -4.026984990826118604e+01
-4.854578668291744492e+01 1.896791899431125694e+00 -1.526235072892869482e+01 1.896791899431125694e+00 -1.962955957391073980e+01 9.300308037687186058e-01 -1.526235072892869482e+01 9.300308037687186058e-01 -3.883820676758332979e+01
2.634599389273702386e+01 6.685199535900196111e+00 -1.455291212026632408e+01 6.685199535900196111e+00 2.687198326736740839e+01 1.211420212906543270e+01 -1.455291212026632408e+01 1.211420212906543270e+01 1.252599817793918824e+01
2.640898315637450011e+01 6.742348968337546822e+00 -1.440417232319330409e+01 6.742348968337546822e+00 2.680139518722857161e+01 1.204662191379171787e+01 -1.440417232319330409e+01 1.204662191379171787e+01 1.251474067201123930e+01
2.647160303309871310e+01 6.792550408834992837e+00 -1.423244258823305053e+01 6.792550408834992837e+00 2.673638309049466599e+01 1.195763484740188609e+01 -1.423244258823305053e+01 1.195763484740188609e+01 1.249389669619152343e+01
2.652296540389497892e+01 6.835522419744333611e+00 -1.403772291538556694e+01 6.835522419744333611e+00 2.666681522183054653e+01 1.184729369945497801e+01 -1.403772291538556694e+01 1.184729369945497801e+01 1.244063462126991659e+01
2.656173343993435054e+01 6.870842844593273213e+00 -1.382043546112314836e+01 6.870842844593273213e+00 2.659216388564583866e+01 1.171572159892207843e+01 -1.382043546112314836e+01 1.171572159892207843e+01 1.235433880239098592e+01
2.658613056606257885e+01 6.898019167497460913e+00 -1.358109033118315345e+01 6.898019167497460913e+00 2.651149681973087979e+01 1.156300649506825273e+01 -1.358109033118315345e+01 1.156300649506825273e+01 1.223272255866311653e+01
2.659453851580251182e+01 6.916699591396650248e+00 -1.332009209218487200e+01 6.916699591396650248e+00 2.642384658216999327e+01 1.138913079804048500e+01 -1.332009209218487200e+01 1.138913079804048500e+01 1.207341125992963171e+01
2.658495204591074668e+01 6.926549909083605350e+00 -1.303789808030662378e+01 6.926549909083605350e+00 2.632763008619206246e+01 1.119393619916166394e+01 -1.303789808030662378e+01 1.119393619916166394e+01 1.187343222103143425e+01
2.655506688564264550e+01 6.927288682910126560e+00 -1.273477214334359786e+01 6.927288682910126560e+00 2.622087726825968446e+01 1.097712367093057928e+01 -1.273477214334359786e+01 1.097712367093057928e+01 1.162942578004314953e+01
2.650315922940299274e+01 6.918775194052115829e+00 -1.241096053923796383e+01 6.918775194052115829e+00 2.610198745174874091e+01 1.073827105687493422e+01 -1.241096053923796383e+01 1.073827105687493422e+01 1.133804986489241706e+01
9.943423862021923298e+00 1.918372022450584069e+01 -6.208652215422272747e+00 1.918372022450584069e+01 9.327696687771560136e+00 2.813740988649045871e+00 -6.208652215422272747e+00 2.813740988649045871e+00 2.293783091021792231e+01
9.874452713305442941e+00 1.917103567025404942e+01 -6.231987513539488432e+00 1.917103567025404942e+01 9.297528500373845262e+00 2.731407348885321440e+00 -6.231987513539488432e+00 2.731407348885321440e+00 2.281003982427478860e+01
9.776062675754644715e+00 1.913337449722236272e+01 -6.249881476851084194e+00 1.913337449722236272e+01 9.244667270770396073e+00 2.646611728127578722e+00 -6.249881476851084194e+00 2.646611728127578722e+00 2.260326910166123326e+01
9.647343886828256387e+00 1.907130759955432708e+01 -6.261959456075362418e+00 1.907130759955432708e+01 9.167792806254277949e+00 2.559407647701774646e+00 -6.261959456075362418e+00 2.559407647701774646e+00 2.231380793044423783e+01
9.488135782548413388e+00 1.898554859492935876e+01 -6.267668397510766987e+00 1.898554859492935876e+01 9.066441255333860028e+00 2.469812948049895152e+00 -6.267668397510766987e+00 2.469812948049895152e+00 2.194229856653528898e+01
9.298598926892983840e+00 1.887700734588873175e+01 -6.266669332759571276e+00 1.887700734588873175e+01 8.940434213589291801e+00 2.377774107845982865e+00 -6.266669332759571276e+00 2.377774107845982865e+00 2.148970439380160968e+01
9.078572755884096068e+00 1.874698620469738941e+01 -6.258623293424046885e+00 1.874698620469738941e+01 8.789147265551072508e+00 2.283148403554152939e+00 -6.258623293424046885e+00 2.283148403554152939e+00 2.095656062550277099e+01
8.827397173168282762e+00 1.859676968317831225e+01 -6.243298353758383712e+00 1.859676968317831225e+01 8.611634867793963366e+00 2.185614707218663799e+00 -6.243298353758383712e+00 2.185614707218663799e+00 2.034300998517465331e+01
8.544929455209658187e+00 1.842807046376210778e+01 -6.220444747574779498e+00 1.842807046376210778e+01 8.407308285732439046e+00 2.084958933535687731e+00 -6.220444747574779498e+00 2.084958933535687731e+00 1.964953416475087522e+01
8.230509505654755031e+00 1.824228010092366148e+01 -6.190062474873236020e+00 1.824228010092366148e+01 8.175293337709200969e+00 1.980628028803670171e+00 -6.190062474873236020e+00 1.980628028803670171e+00 1.887604396202150525e+01
-7.263088390760377600e+00 1.392784509715521502e+01 -2.231151420580241052e+01 1.392784509715521502e+01 4.452986301811097114e+00 -5.647144443671140657e+00 -2.231151420580241052e+01 -5.647144443671140657e+00 -1.446605133661591269e+00
-7.365385154660976319e+00 1.386937164967982383e+01 -2.203357925366076842e+01 1.386937164967982383e+01 4.609381443071727702e+00 -5.806008504166994655e+00 -2.203357925366076842e+01 -5.806008504166994655e+00 -1.403144893594505005e+00
-7.453213325690451363e+00 1.379871699038947241e+01 -2.172400219690887724e+01 1.379871699038947241e+01 4.771204575886267563e+00 -5.948370744186247450e+00 -2.172400219690887724e+01 -5.948370744186247450e+00 -1.346305289730658661e+00
-7.524884598783540213e+00 1.371629865709600082e+01 -2.138307349663323720e+01 1.371629865709600082e+01 4.938691699887495012e+00 -6.074521624815396592e+00 -2.138307349663323720e+01 -6.074521624815396592e+00 -1.274034940646669112e+00
-7.580453435393962991e+00 1.362260680288287062e+01 -2.101146484409636983e+01 1.362260680288287062e+01 5.109827741287839231e+00 -6.184570068961878775e+00 -2.101146484409636983e+01 -6.184570068961878775e+00 -1.187713536503395950e+00
-7.620173988972402945e+00 1.351834942664841854e+01 -2.060993869965033198e+01 1.351834942664841854e+01 5.282833625932506827e+00 -6.278534230443599817e+00 -2.060993869965033198e+01 -6.278534230443599817e+00 -1.088738921279605032e+00
-7.644427489694886724e+00 1.340423452729098130e+01 -2.017900337019649015e+01 1.340423452729098130e+01 5.455676126216019384e+00 -6.356686416529149675e+00 -2.017900337019649015e+01 -6.356686416529149675e+00 -9.787086309510292237e-01
-7.654049013185094452e+00 1.328098825752680057e+01 -1.971914900881830590e+01 1.328098825752680057e+01 5.625940784356872726e+00 -6.419226319215495913e+00 -1.971914900881830590e+01 -6.419226319215495913e+00 -8.598192774843002040e-01
-7.649601327798112749e+00 1.314933677007211799e+01 -1.923079315332762462e+01 1.314933677007211799e+01 5.791794064746556003e+00 -6.466462553407041014e+00 -1.923079315332762462e+01 -6.466462553407041014e+00 -7.337591659446810466e-01
-7.632209970244113961e+00 1.301018775582223519e+01 -1.871402657281397452e+01 1.301018775582223519e+01 5.950912278693094137e+00 -6.498703734008187460e+00 -1.871402657281397452e+01 -6.498703734008187460e+00 -6.027612159346160681e-01
3.956829082275871912e+01 -1.186886502724154013e+01 5.395330103290217894e-01 -1.186886502724154013e+01 5.376067344174947138e+00 4.304383037776405629e+00 5.395330103290217894e-01 4.304383037776405629e+00 4.041173955445751886e+01
3.937401113365268657e+01 -1.181931966415216806e+01 4.669110024236365897e-01 -1.181931966415216806e+01 5.290650364886425372e+00 4.189228295328176088e+00 4.669110024236365897e-01 4.189228295328176088e+00 4.004987737615065413e+01
3.910108103666267709e+01 -1.174903519909562633e+01 3.847630680214654819e-01 -1.174903519909562633e+01 5.169660553071160791e+00 4.069257863101128692e+00 3.847630680214654819e-01 4.069257863101128692e+00 3.952670716576352561e+01
3.875074839300874174e+01 -1.165892555859927704e+01 2.933704152847753654e-01 -1.165892555859927704e+01 5.012113680161220941e+00 3.944594769666254663e+00 2.933704152847753654e-01 3.944594769666254663e+00 3.884296709472209130e+01
3.832529801900930977e+01 -1.155013315082233305e+01 1.929263748251245636e-01 -1.155013315082233305e+01 4.817640660443628597e+00 3.815467496655396751e+00 1.929263748251245636e-01 3.815467496655396751e+00 3.800231286913581386e+01
3.782757714730732346e+01 -1.142392341249499133e+01 8.376488133520484936e-02 -1.142392341249499133e+01 4.585942710245977771e+00 3.681928770598978939e+00 8.376488133520484936e-02 3.681928770598978939e+00 3.700975350939507535e+01
3.726001119830233677e+01 -1.128189571504014843e+01 -3.388558355314203602e-02 -1.128189571504014843e+01 4.315736817327924690e+00 3.543961015986860197e+00 -3.388558355314203602e-02 3.543961015986860197e+00 3.586950713793387990e+01
3.662608012300239579e+01 -1.112577245845168150e+01 -1.598844157587827053e-01 -1.112577245845168150e+01 4.006724198017062477e+00 3.401423628737906490e+00 -1.598844157587827053e-01 3.401423628737906490e+00 3.458786578738293116e+01
3.592889478670258541e+01 -1.095743422231475606e+01 -2.938801050788837910e-01 -1.095743422231475606e+01 3.657428509461488897e+00 3.254105702730418770e+00 -2.938801050788837910e-01 3.254105702730418770e+00 3.317001423323403486e+01
3.517290179346874623e+01 -1.077893734131594350e+01 -4.357847739627369044e-01 -1.077893734131594350e+01 3.268078233293047585e+00 3.101743605312271335e+00 -4.357847739627369044e-01 3.101743605312271335e+00 3.162407236117263665e+01
1.057679491046094888e+01 -9.598716086595539210e+00 -3.552040594977257548e+00 -9.598716086595539210e+00 -2.170298227253195478e+01 -2.104407273697690073e+01 -3.552040594977257548e+00 -2.104407273697690073e+01 -6.920767844277920133e+00
1.058712602204642472e+01 -9.544541635737415319e+00 -3.504072112209350109e+00 -9.544541635737415319e+00 -2.157751220002564096e+01 -2.116952455663589205e+01 -3.504072112209350109e+00 -2.116952455663589205e+01 -6.742802582867305716e+00
1.060466700832494880e+01 -9.478703615439149743e+00 -3.464317410737317804e+00 -9.478703615439149743e+00 -2.141668636225241684e+01 -2.125607955864708742e+01 -3.464317410737317804e+00 -2.125607955864708742e+01 -6.527455490136802041e+00
1.062748306748015636e+01 -9.401256784242717046e+00 -3.432575709240594186e+00 -9.401256784242717046e+00 -2.122216576831878854e+01 -2.130329967467470098e+01 -3.432575709240594186e+00 -2.130329967467470098e+01 -6.278194607077996814e+00
1.065502661409232132e+01 -9.312876497499107842e+00 -3.408481950772695335e+00 -9.312876497499107842e+00 -2.099552016309462132e+01 -2.131078334207760960e+01 -3.408481950772695335e+00 -2.131078334207760960e+01 -5.996991241201903300e+00
1.068518031787184341e+01 -9.213581008055646393e+00 -3.391397285677276496e+00 -9.213581008055646393e+00 -2.073912241673206935e+01 -2.127794646974143689e+01 -3.391397285677276496e+00 -2.127794646974143689e+01 -5.687039640790248818e+00
1.071739659339899475e+01 -9.104538498141081959e+00 -3.380591600061370716e+00 -9.104538498141081959e+00 -2.045496208958946127e+01 -2.120418671370448394e+01 -3.380591600061370716e+00 -2.120418671370448394e+01 -5.350621411758554657e+00
1.074983190309403724e+01 -8.985475175045550600e+00 -3.375243515795389726e+00 -8.985475175045550600e+00 -2.014561283313950568e+01 -2.108926678695153711e+01 -3.375243515795389726e+00 -2.108926678695153711e+01 -4.990583998289389811e+00
1.078133631757554589e+01 -8.857997289333578550e+00 -3.374184850650588263e+00 -8.857997289333578550e+00 -1.981408636719068639e+01 -2.093249308128428154e+01 -3.374184850650588263e+00 -2.093249308128428154e+01 -4.610705739778857115e+00
1.081004804641646011e+01 -8.721539002738117219e+00 -3.376448203718784846e+00 -8.721539002738117219e+00 -1.946297459606303804e+01 -2.073353704545087339e+01 -3.376448203718784846e+00 -2.073353704545087339e+01 -4.213286494989801234e+00
1.316495078826991438e+01 2.476910519409162514e+00 1.547680234674775512e+01 2.476910519409162514e+00 -7.988446867270275753e+00 -1.853416451151296274e+00 1.547680234674775512e+01 -1.853416451151296274e+00 1.420914808664720752e+01
1.335175598377480455e+01 2.361032612165741451e+00 1.538400281096402900e+01 2.361032612165741451e+00 -7.710480304314602407e+00 -1.879033083434562990e+00 1.538400281096402900e+01 -1.879033083434562990e+00 1.480423523590085999e+01
1.351325057844324284e+01 2.241716351608122437e+00 1.525087913160018083e+01 2.241716351608122437e+00 -7.436420142768255026e+00 -1.901535395700257647e+00 1.525087913160018083e+01 -1.901535395700257647e+00 1.534841315388460892e+01
1.364885851308122433e+01 2.119897833926557951e+00 1.507759332530451779e+01 2.119897833926557951e+00 -7.167148473272047404e+00 -1.920329326904565814e+00 1.507759332530451779e+01 -1.920329326904565814e+00 1.583485913951948554e+01
