1.918239561045434471e-01 4.061611876003158872e-01 -9.583964624378585448e-04 4.061611876003158872e-01 1.168249121807506619e+00 1.996448328970788166e+00 -9.583964624378585448e-04 1.996448328970788166e+00 3.894163739358355580e-01
1.531987703730856298e-01 4.430323269759912086e-01 8.779273254973214702e-02 4.430323269759912086e-01 1.209478252644455853e+00 2.009504220402488883e+00 8.779273254973214702e-02 2.009504220402488883e+00 3.833224190709004775e-01
1.277922226424216268e-01 4.799396322559094652e-01 1.772310137425179566e-01 4.799396322559094652e-01 1.258826628983944929e+00 2.027153181673042592e+00 1.772310137425179566e-01 2.027153181673042592e+00 3.959081537474429258e-01
1.139768472216192985e-01 5.166661080146131013e-01 2.673383641637981367e-01 5.166661080146131013e-01 1.314377457901097834e+00 2.049214383261234840e+00 2.673383641637981367e-01 2.049214383261234840e+00 4.221646002278159338e-01
1.114271509724921588e-01 5.528862611139155891e-01 3.578797054359935670e-01 5.528862611139155891e-01 1.375443587215298802e+00 2.075416580885243611e+00 3.578797054359935670e-01 2.075416580885243611e+00 4.611333620495817187e-01
1.193655669538170594e-01 5.882203495592660536e-01 4.486561250857680760e-01 5.882203495592660536e-01 1.441175118176838632e+00 2.105434281406882047e+00 4.486561250857680760e-01 2.105434281406882047e+00 5.110784758090791691e-01
1.365443714692126387e-01 6.223971290688424807e-01 5.395952913046357935e-01 6.223971290688424807e-01 1.510197746424485787e+00 2.138923908735842261e+00 5.395952913046357935e-01 2.138923908735842261e+00 5.697757383953676591e-01
1.621498316732127853e-01 6.550730235523370970e-01 6.304621257150176961e-01 6.550730235523370970e-01 1.581770070921260318e+00 2.175469554973331388e+00 6.304621257150176961e-01 2.175469554973331388e+00 6.350913614581138456e-01
1.942832375930632349e-01 6.860491205364135370e-01 7.212385453647921496e-01 6.860491205364135370e-01 1.654065713502893553e+00 2.214673395172676695e+00 7.212385453647921496e-01 2.214673395172676695e+00 7.041139897057611119e-01
2.311362940166171165e-01 7.148914291701566892e-01 8.117437207327448112e-01 7.148914291701566892e-01 1.725348710765724602e+00 2.256101438482962074e+00 8.117437207327448112e-01 2.256101438482962074e+00 7.738056871819027904e-01
-8.626442738808223964e+01 3.022543735591663605e+01 -2.975585112914117758e+01 3.022543735591663605e+01 -1.591603149520652316e+01 1.966949543691505653e+01 -2.975585112914117758e+01 1.966949543691505653e+01 -1.206052917413640984e+02
-8.628797625729670528e+01 3.018789626475455989e+01 -2.977907741110611539e+01 3.018789626475455989e+01 -1.595179835649627798e+01 1.965878957257184467e+01 -2.977907741110611539e+01 1.965878957257184467e+01 -1.206703132338440554e+02
-8.620962787907122049e+01 3.015618190578681279e+01 -2.980855382103036177e+01 3.015618190578681279e+01 -1.589135357061877762e+01 1.963824479711848525e+01 -2.980855382103036177e+01 1.963824479711848525e+01 -1.204296429840042606e+02
-8.603079357262245708e+01 3.012983055984221892e+01 -2.984510698874080603e+01 3.012983055984221892e+01 -1.573536247377614750e+01 1.960804256588282968e+01 -2.984510698874080603e+01 1.960804256588282968e+01 -1.198815672470816764e+02
-8.575514276791358270e+01 3.010817689071865999e+01 -2.988873691423744106e+01 3.010817689071865999e+01 -1.548701061505732568e+01 1.956804174694321929e+01 -2.988873691423744106e+01 1.956804174694321929e+01 -1.190316103297241881e+02
-8.536656626417209281e+01 3.009085798776042964e+01 -2.993785082297579336e+01 3.009085798776042964e+01 -1.513575342374385535e+01 1.951810120837798479e+01 -2.993785082297579336e+01 1.951810120837798479e+01 -1.178554975414059811e+02
-8.487929822378269762e+01 3.007632139982925068e+01 -2.999226725962801865e+01 3.007632139982925068e+01 -1.469304274719345038e+01 1.945791852464071781e+01 -2.999226725962801865e+01 1.945791852464071781e+01 -1.163806487983356277e+02
-8.429364107229184810e+01 3.006472842054987638e+01 -3.005033296454035963e+01 3.006472842054987638e+01 -1.416151976851149641e+01 1.938769531276235369e+01 -3.005033296454035963e+01 1.938769531276235369e+01 -1.146097052836185384e+02
-8.361205453747706429e+01 3.005474837751807016e+01 -3.010995112059098133e+01 3.005474837751807016e+01 -1.354566038578498599e+01 1.930735092593052116e+01 -3.010995112059098133e+01 1.930735092593052116e+01 -1.125616391598666866e+02
-8.284738162420957508e+01 3.004632078562454112e+01 -3.016928701279828218e+01 3.004632078562454112e+01 -1.285675515274687619e+01 1.921767167056590608e+01 -3.016928701279828218e+01 1.921767167056590608e+01 -1.102697978839984643e+02
1.941919217814594845e+02 -2.077380178153250156e+01 5.645775094930677085e+01 -2.077380178153250156e+01 9.476270775175400729e+01 6.727216454246197941e+01 5.645775094930677085e+01 6.727216454246197941e+01 2.212212574374566429e+02
1.930965694744189989e+02 -2.056480147691103255e+01 5.651971633505991122e+01 -2.056480147691103255e+01 9.440487484426783737e+01 6.703501094325386589e+01 5.651971633505991122e+01 6.703501094325386589e+01 2.196933042007157439e+02
1.911824893472925453e+02 -2.030349638401256485e+01 5.627338673145293768e+01 -2.030349638401256485e+01 9.358191074276432175e+01 6.664113056363179055e+01 5.627338673145293768e+01 6.664113056363179055e+01 2.167828850746619480e+02
1.885170085737528609e+02 -1.999570161976448546e+01 5.572615609092311217e+01 -1.999570161976448546e+01 9.230985391489802794e+01 6.609941803136908334e+01 5.572615609092311217e+01 6.609941803136908334e+01 2.125667220858533426e+02
1.852043146654156374e+02 -1.965262535308330172e+01 5.490053454351192386e+01 -1.965262535308330172e+01 9.061516939550249106e+01 6.542581802191179463e+01 5.490053454351192386e+01 6.542581802191179463e+01 2.071861757245436593e+02
1.814079968659505937e+02 -1.928569460137202185e+01 5.383611803324376410e+01 -1.928569460137202185e+01 8.856793559636662394e+01 6.464329399430923218e+01 5.383611803324376410e+01 6.464329399430923218e+01 2.008677698063102639e+02
1.773276449950590745e+02 -1.891265172407308270e+01 5.259374643936970273e+01 -1.891265172407308270e+01 8.625423813286444386e+01 6.378643964146544931e+01 5.259374643936970273e+01 6.378643964146544931e+01 1.939300226712404651e+02
1.731798096301472754e+02 -1.855103586417715889e+01 5.124854732090327758e+01 -1.855103586417715889e+01 8.378342308807951611e+01 6.289417872991055702e+01 5.124854732090327758e+01 6.289417872991055702e+01 1.867217631748038400e+02
1.691679260714653310e+02 -1.821566619062824088e+01 4.987560134075374663e+01 -1.821566619062824088e+01 8.127810814259903793e+01 6.200524744175763203e+01 4.987560134075374663e+01 6.200524744175763203e+01 1.795952435880804217e+02
1.654392480863680817e+02 -1.791648467752798979e+01 4.853851524832310815e+01 -1.791648467752798979e+01 7.883716591622335557e+01 6.115106616685627472e+01 4.853851524832310815e+01 6.115106616685627472e+01 1.728270415019204336e+02
7.972193274332452617e+00 2.273581959886741899e+01 5.469609770595903697e+00 2.273581959886741899e+01 -3.149199651863096960e+01 -3.737454634303240653e+01 5.469609770595903697e+00 -3.737454634303240653e+01 1.910065404737011363e+01
7.817887189819492377e+00 2.257675630974918946e+01 5.434784828775099719e+00 2.257675630974918946e+01 -3.162143289258202827e+01 -3.720925644248103481e+01 5.434784828775099719e+00 -3.720925644248103481e+01 1.869735697587254464e+01
7.600855801341318774e+00 2.238586199522196551e+01 5.406700790777204446e+00 2.238586199522196551e+01 -3.176321228388728812e+01 -3.697565749201849172e+01 5.406700790777204446e+00 -3.697565749201849172e+01 1.818288091026035858e+01
7.324074657724393589e+00 2.216460606211363427e+01 5.383098443604349193e+00 2.216460606211363427e+01 -3.191674692981561279e+01 -3.667384132957152332e+01 5.383098443604349193e+00 -3.667384132957152332e+01 1.756106467587138908e+01
6.990868291916799926e+00 2.191506404756857407e+01 5.361810412185408659e+00 2.191506404756857407e+01 -3.208110008351420817e+01 -3.630474470199291659e+01 5.361810412185408659e+00 -3.630474470199291659e+01 1.683830019240692621e+01
6.604616339622665144e+00 2.164011966248649799e+01 5.340430542839725625e+00 2.164011966248649799e+01 -3.225720849183587546e+01 -3.586939619406216906e+01 5.340430542839725625e+00 -3.586939619406216906e+01 1.602028141132500849e+01
6.169304566862619410e+00 2.134223416330411993e+01 5.316350638447810084e+00 2.134223416330411993e+01 -3.244446602446408434e+01 -3.536919174226578377e+01 5.316350638447810084e+00 -3.536919174226578377e+01 1.511373086886320216e+01
5.689598340315188629e+00 2.102517290501787883e+01 5.286778826036684364e+00 2.102517290501787883e+01 -3.264373595791023064e+01 -3.480615178099210283e+01 5.286778826036684364e+00 -3.480615178099210283e+01 1.412625274535579400e+01
5.170071188732155321e+00 2.069180123094214707e+01 5.249125276072207136e+00 2.069180123094214707e+01 -3.285476114597944530e+01 -3.418275593426315595e+01 5.249125276072207136e+00 -3.418275593426315595e+01 1.306502876667405921e+01
4.616380328400865096e+00 2.034658246431661510e+01 5.200653218337450312e+00 2.034658246431661510e+01 -3.307794567554937260e+01 -3.350192464814936955e+01 5.200653218337450312e+00 -3.350192464814936955e+01 1.194014273717433383e+01
3.493447359305620381e+01 -3.049868760841332360e+01 -8.032794968263923252e+00 -3.049868760841332360e+01 -1.573270818397700310e+01 -2.482439146984376066e+01 -8.032794968263923252e+00 -2.482439146984376066e+01 5.151496040930763343e+01
3.461541577421468219e+01 -3.030790303492109672e+01 -8.360193584317652693e+00 -3.030790303492109672e+01 -1.572558189256870875e+01 -2.462589121242075407e+01 -8.360193584317652693e+00 -2.462589121242075407e+01 5.114571492415707610e+01
3.414141916347604422e+01 -3.003099571162738357e+01 -8.686413415326402543e+00 -3.003099571162738357e+01 -1.578327091825490136e+01 -2.437877500208201198e+01 -8.686413415326402543e+00 -2.437877500208201198e+01 5.048063011347523599e+01
3.352178901854384918e+01 -2.967155557480553441e+01 -9.004631796332859039e+00 -2.967155557480553441e+01 -1.590502512509786115e+01 -2.408707928458762737e+01 -9.004631796332859039e+00 -2.408707928458762737e+01 4.952883263117097812e+01
3.276597348015741318e+01 -2.923560157233673706e+01 -9.308311828451214964e+00 -2.923560157233673706e+01 -1.609134460372273168e+01 -2.375498338873344650e+01 -9.308311828451214964e+00 -2.375498338873344650e+01 4.830459292044035635e+01
3.188751071595454789e+01 -2.873015283335247005e+01 -9.589916431545383091e+00 -2.873015283335247005e+01 -1.633980034252167712e+01 -2.338670236407423531e+01 -9.589916431545383091e+00 -2.338670236407423531e+01 4.682712874959245397e+01
3.090079619178759174e+01 -2.816460391745364333e+01 -9.843462378493109455e+00 -2.816460391745364333e+01 -1.664971364707485790e+01 -2.298654056206213170e+01 -9.843462378493109455e+00 -2.298654056206213170e+01 4.511978363459379437e+01
2.982240433980416228e+01 -2.754924240321463458e+01 -1.006207342319867237e+01 -2.754924240321463458e+01 -1.701794109059565585e+01 -2.255873089263138453e+01 -1.006207342319867237e+01 -2.255873089263138453e+01 4.320813363884457203e+01
2.867051702630411114e+01 -2.689594544298260104e+01 -1.024190958407614893e+01 -2.689594544298260104e+01 -1.744167859350737970e+01 -2.210775631102881533e+01 -1.024190958407614893e+01 -2.210775631102881533e+01 4.112459535108175857e+01
2.746102998901522341e+01 -2.621716172124772370e+01 -1.037859506815553345e+01 -2.621716172124772370e+01 -1.791933658203724633e+01 -2.163783186680920423e+01 -1.037859506815553345e+01 -2.163783186680920423e+01 3.889503060077706209e+01
3.122074063479728423e+01 -1.630628722771890438e+01 1.135242747631717819e+01 -1.630628722771890438e+01 1.133108493025821986e+02 5.061399856440679912e+01 1.135242747631717819e+01 5.061399856440679912e+01 5.124043460791945392e+01
3.117218101279854992e+01 -1.632486509007243214e+01 1.150714147755636851e+01 -1.632486509007243214e+01 1.132019877667146375e+02 5.066337033339367224e+01 1.150714147755636851e+01 5.066337033339367224e+01 5.104536705320744261e+01
3.111406174396033464e+01 -1.633043168088692099e+01 1.164326069671311359e+01 -1.633043168088692099e+01 1.128991415387859263e+02 5.052652356589339178e+01 1.164326069671311359e+01 5.052652356589339178e+01 5.057278210475908509e+01
3.104597675478858321e+01 -1.632325771582508622e+01 1.176058209704038049e+01 -1.632325771582508622e+01 1.124059652802426115e+02 5.020646997365361131e+01 1.176058209704038049e+01 5.020646997365361131e+01 4.982753572477424342e+01
3.096753689151814370e+01 -1.630361391054963605e+01 1.185890264179113984e+01 -1.630361391054963605e+01 1.117295314377730620e+02 4.970931757881425028e+01 1.185890264179113984e+01 4.970931757881425028e+01 4.881876456686941879e+01
3.087716861935951584e+01 -1.627217705421735161e+01 1.193791777584483782e+01 -1.627217705421735161e+01 1.108804486814097459e+02 4.904486290441965224e+01 1.193791777584483782e+01 4.904486290441965224e+01 4.756000441418014901e+01
3.077312920623398895e+01 -1.622970853462960505e+01 1.199742446245444327e+01 -1.622970853462960505e+01 1.098730818610052182e+02 4.822628641929804161e+01 1.199742446245444327e+01 4.822628641929804161e+01 4.606969777122858289e+01
3.065315140846637476e+01 -1.617729121443723628e+01 1.203727042405968106e+01 -1.617729121443723628e+01 1.087255520062322205e+02 4.727025405643504996e+01 1.203727042405968106e+01 4.727025405643504996e+01 4.437058475368244359e+01
3.051440963132711914e+01 -1.611614331412244638e+01 1.205752333957622824e+01 -1.611614331412244638e+01 1.074588226612218875e+02 4.619640962110613458e+01 1.205752333957622824e+01 4.619640962110613458e+01 4.248936469377657232e+01
3.035411211954451716e+01 -1.604773685010122719e+01 1.205843700493787729e+01 -1.604773685010122719e+01 1.060970213594133469e+02 4.502695179765355959e+01 1.205843700493787729e+01 4.502695179765355959e+01 4.045647618383700461e+01
1.137064199897667862e+02 3.721828609766411944e+00 -4.153805731252056432e+01 3.721828609766411944e+00 5.108736250373274146e+01 3.870505321417363831e+01 -4.153805731252056432e+01 3.870505321417363831e+01 3.381601386521996488e+01
1.139096135138343300e+02 3.663386506130030806e+00 -4.177912468331879836e+01 3.663386506130030806e+00 5.116114250622275250e+01 3.862609330724620804e+01 -4.177912468331879836e+01 3.862609330724620804e+01 3.417749719631648020e+01
1.140205778303214714e+02 3.619290046925832449e+00 -4.189664796971046457e+01 3.619290046925832449e+00 5.120579395518810628e+01 3.847347112292961668e+01 -4.189664796971046457e+01 3.847347112292961668e+01 3.435852476568108216e+01
1.140424074275934174e+02 3.589976496814117013e+00 -4.188833994116474457e+01 3.589976496814117013e+00 5.122488223939739527e+01 3.824759029014106204e+01 -4.188833994116474457e+01 3.824759029014106204e+01 3.436106426428513316e+01
1.139711501058359318e+02 3.574907683905283129e+00 -4.175341015771878972e+01 3.574907683905283129e+00 5.121289109698221864e+01 3.794853489823829307e+01 -4.175341015771878972e+01 3.794853489823829307e+01 3.417793446097677190e+01
1.138087567381487446e+02 3.573629525667480156e+00 -4.149138771896920730e+01 3.573629525667480156e+00 5.116997188878652025e+01 3.757699447995486253e+01 -4.149138771896920730e+01 3.757699447995486253e+01 3.381100213949805067e+01
1.135561018538525389e+02 3.585687939568857896e+00 -4.110267625383318801e+01 3.585687939568857896e+00 5.109491372805869958e+01 3.713370902163897824e+01 -4.110267625383318801e+01 3.713370902163897824e+01 3.326102410406873133e+01
1.132154054119918811e+02 3.609787949500061099e+00 -4.058899118520884741e+01 3.609787949500061099e+00 5.098551347362570851e+01 3.662017531385858149e+01 -4.058899118520884741e+01 3.662017531385858149e+01 3.252937942015589812e+01
1.127886519214096950e+02 3.645055026140489929e+00 -3.995334291210362210e+01 3.645055026140489929e+00 5.084059387447904044e+01 3.603834422971348062e+01 -3.995334291210362210e+01 3.603834422971348062e+01 3.162054164159186342e+01
1.122807017469839082e+02 3.689824200206690108e+00 -3.920010408112053568e+01 3.689824200206690108e+00 5.065847314346368080e+01 3.539082253929392863e+01 -3.920010408112053568e+01 3.539082253929392863e+01 3.054004384811659989e+01
-8.658939267140692664e+01 -2.654175807177984225e+01 -3.389915106510600395e+01 -2.654175807177984225e+01 -9.259496854080385475e+00 -4.746136133065981255e+01 -3.389915106510600395e+01 -4.746136133065981255e+01 -1.017201363102143716e+02
-8.646250397016935096e+01 -2.650765296285766937e+01 -3.387680980566465649e+01 -2.650765296285766937e+01 -9.265107305371238056e+00 -4.742633120109470468e+01 -3.387680980566465649e+01 -4.742633120109470468e+01 -1.015012281641490830e+02
-8.623444616339676827e+01 -2.647736859137371468e+01 -3.385999856093651061e+01 -2.647736859137371468e+01 -9.222475919218526386e+00 -4.732974698048550977e+01 -3.385999856093651061e+01 -4.732974698048550977e+01 -1.010557703971420409e+02
-8.589993054610884826e+01 -2.645032179214003776e+01 -3.384622379701452388e+01 -2.645032179214003776e+01 -9.128827633693438415e+00 -4.717265434434165172e+01 -3.384622379701452388e+01 -4.717265434434165172e+01 -1.003756791331397977e+02
-8.546438658729675808e+01 -2.642647234686781132e+01 -3.383423874694517508e+01 -2.642647234686781132e+01 -8.986676091847435544e+00 -4.695732562598163184e+01 -3.383423874694517508e+01 -4.695732562598163184e+01 -9.946923933963996944e+01
-8.493002629284580962e+01 -2.640598112871233383e+01 -3.382100692992230506e+01 -2.640598112871233383e+01 -8.796423476568749678e+00 -4.668623425016807715e+01 -3.382100692992230506e+01 -4.668623425016807715e+01 -9.834177993991158928e+01
-8.430048941789446815e+01 -2.638872748280713054e+01 -3.380407503032769512e+01 -2.638872748280713054e+01 -8.558874153633846404e+00 -4.636326128177245920e+01 -3.380407503032769512e+01 -4.636326128177245920e+01 -9.700160601059671706e+01
-8.358205001549920610e+01 -2.637533479262896918e+01 -3.378117071484281553e+01 -2.637533479262896918e+01 -8.275134125985365685e+00 -4.599411771780767566e+01 -3.378117071484281553e+01 -4.599411771780767566e+01 -9.546265318877260597e+01
-8.278570778765318039e+01 -2.636596393133313754e+01 -3.374992110442710214e+01 -2.636596393133313754e+01 -7.949004021917112972e+00 -4.558610317769514353e+01 -3.374992110442710214e+01 -4.558610317769514353e+01 -9.374806709965707796e+01
-8.192557935373336875e+01 -2.636101708180786929e+01 -3.370853648522790991e+01 -2.636101708180786929e+01 -7.585430690954355626e+00 -4.514794503010956106e+01 -3.370853648522790991e+01 -4.514794503010956106e+01 -9.188897669879941077e+01
-8.550684460782015606e+01 1.207546695183708607e+01 -1.071379230890236833e+01 1.207546695183708607e+01 -8.347060478417725449e+01 4.910486447322888637e+01 -1.071379230890236833e+01 4.910486447322888637e+01 -4.444556862259818075e+01
-8.545097477700591071e+01 1.204720673901619321e+01 -1.069724280297704055e+01 1.204720673901619321e+01 -8.353194367776043805e+01 4.897415590616017056e+01 -1.069724280297704055e+01 4.897415590616017056e+01 -4.442934441408661428e+01
-8.533470128267305199e+01 1.201872288422333845e+01 -1.066995848239744582e+01 1.201872288422333845e+01 -8.355876038330775657e+01 4.879272127363237388e+01 -1.066995848239744582e+01 4.879272127363237388e+01 -4.427104656011290018e+01
-8.515623498904585631e+01 1.199034068487228311e+01 -1.063165471192653833e+01 1.199034068487228311e+01 -8.354812722409529613e+01 4.856149580571006652e+01 -1.063165471192653833e+01 4.856149580571006652e+01 -4.396447407872711466e+01
-8.491939814073609227e+01 1.196173484354926408e+01 -1.058210784959235440e+01 1.196173484354926408e+01 -8.350223995766597795e+01 4.828005254953768599e+01 -1.058210784959235440e+01 4.828005254953768599e+01 -4.351808470268717599e+01
-8.462392643359507360e+01 1.193345429964001170e+01 -1.052105359124621131e+01 1.193345429964001170e+01 -8.341916713062556710e+01 4.794916408647291917e+01 -1.052105359124621131e+01 4.794916408647291917e+01 -4.293041459363114143e+01
-8.427490263971287732e+01 1.190531607334928133e+01 -1.044873590994843227e+01 1.190531607334928133e+01 -8.330120615595879485e+01 4.756968432222691234e+01 -1.044873590994843227e+01 4.756968432222691234e+01 -4.220908790969414071e+01
-8.387627099023140431e+01 1.187740148903051640e+01 -1.036519546787573809e+01 1.187740148903051640e+01 -8.314992252746938561e+01 4.714216219618538162e+01 -1.036519546787573809e+01 4.714216219618538162e+01 -4.136449383702831284e+01
-8.342181017211240146e+01 1.184977153994879551e+01 -1.027069656917681151e+01 1.184977153994879551e+01 -8.295517103206556442e+01 4.666958637833731416e+01 -1.027069656917681151e+01 4.666958637833731416e+01 -4.037166579912713615e+01
-8.293258319289721214e+01 1.182242622610411864e+01 -1.016615411282787029e+01 1.182242622610411864e+01 -8.273445673682556389e+01 4.615193653759433801e+01 -1.016615411282787029e+01 4.615193653759433801e+01 -3.928537574803341670e+01
4.649911071394054574e+01 -3.156863535476722760e+01 2.044023959565528870e+01 -3.156863535476722760e+01 -1.793691758558864757e+00 6.169920731946790249e-02 2.044023959565528870e+01 6.169920731946790249e-02 -1.690036375323487761e+01
4.653113996640765748e+01 -3.166688580164877820e+01 2.044517267248616221e+01 -3.166688580164877820e+01 -1.683912925605165034e+00 -5.824962823121260236e-02 2.044517267248616221e+01 -5.824962823121260236e-02 -1.668843805764190691e+01
4.655912981538282480e+01 -3.172188245892630221e+01 2.040222273181736412e+01 -3.172188245892630221e+01 -1.533293221062535627e+00 -1.567860505812203042e-01 2.040222273181736412e+01 -1.567860505812203042e-01 -1.644033646528920301e+01
4.658329474246738755e+01 -3.173308912259643577e+01 2.031217620618715713e+01 -3.173308912259643577e+01 -1.341993506131983871e+00 -2.339994270644478180e-01 2.031217620618715713e+01 -2.339994270644478180e-01 -1.615791781672173144e+01
4.660322365792544730e+01 -3.170063090692663366e+01 2.017599826280157416e+01 -3.170063090692663366e+01 -1.111157682687335058e+00 -2.904080882174723266e-01 2.017599826280157416e+01 -2.904080882174723266e-01 -1.584153958127506279e+01
4.661879144748954218e+01 -3.162454355885045487e+01 1.999506515860256783e+01 -3.162454355885045487e+01 -8.410717261970455105e-01 -3.266912257778778472e-01 1.999506515860256783e+01 -3.266912257778778472e-01 -1.549282824442604145e+01
4.662992661729256128e+01 -3.150534540890447133e+01 1.977091401173308682e+01 -3.150534540890447133e+01 -5.330761466695047579e-01 -3.438855008188187456e-01 1.977091401173308682e+01 -3.438855008188187456e-01 -1.511221276937735247e+01
4.663632531839927964e+01 -3.134362628149238006e+01 1.950542153620487795e+01 -3.134362628149238006e+01 -1.880467439768603033e-01 -3.434565376161342054e-01 1.950542153620487795e+01 -3.434565376161342054e-01 -1.470094429880349551e+01
4.663807691814357526e+01 -3.114040496422054716e+01 1.920069680109780919e+01 -3.114040496422054716e+01 1.922648821365921801e-01 -3.268699604456630770e-01 1.920069680109780919e+01 -3.268699604456630770e-01 -1.425905857963802603e+01
4.663509204919155593e+01 -3.089691472629670699e+01 1.885902761015952578e+01 -3.089691472629670699e+01 6.067148297970271775e-01 -2.962705853208284501e-01 1.885902761015952578e+01 -2.962705853208284501e-01 -1.378773526068832389e+01
3.235474224369450980e+01 -1.747748066313548776e+01 -8.526050101864200315e+00 -1.747748066313548776e+01 1.437221838378011682e+02 7.464970645792510595e+01 -8.526050101864200315e+00 7.464970645792510595e+01 7.293099989960721530e+01
3.220999530782822973e+01 -1.755283549586662062e+01 -8.409760125502288020e+00 -1.755283549586662062e+01 1.435837346163396546e+02 7.466764489443433206e+01 -8.409760125502288020e+00 7.466764489443433206e+01 7.255621889556371684e+01
3.206762676410415480e+01 -1.761706883294683124e+01 -8.265247679002136749e+00 -1.761706883294683124e+01 1.431041703641152196e+02 7.434056572715860511e+01 -8.265247679002136749e+00 7.434056572715860511e+01 7.168241102190665970e+01
3.192571044987191442e+01 -1.766939346007553979e+01 -8.091826043505777832e+00 -1.766939346007553979e+01 1.422894538107238702e+02 7.367541989087973775e+01 -8.091826043505777832e+00 7.367541989087973775e+01 7.032037953871868297e+01
3.178340890310959566e+01 -1.770897191523083336e+01 -7.888708004712620792e+00 -1.770897191523083336e+01 1.411548435142047708e+02 7.268703046338546869e+01 -7.888708004712620792e+00 7.268703046338546869e+01 6.849516456045475365e+01
3.163901370129250878e+01 -1.773505048259299599e+01 -7.655759568699161299e+00 -1.773505048259299599e+01 1.397250111057232402e+02 7.139993508191766125e+01 -7.655759568699161299e+00 7.139993508191766125e+01 6.624502135227555755e+01
3.148952673038223082e+01 -1.774704293874669148e+01 -7.393432964957228570e+00 -1.774704293874669148e+01 1.380343260266583343e+02 6.984932390063681851e+01 -7.393432964957228570e+00 6.984932390063681851e+01 6.362260952611858755e+01
3.133220111494691196e+01 -1.774491578521104884e+01 -7.103319371328446152e+00 -1.774491578521104884e+01 1.361287146942914035e+02 6.808065435809200494e+01 -7.103319371328446152e+00 6.808065435809200494e+01 6.069629948145223608e+01
3.116690286106303986e+01 -1.772918824843965169e+01 -6.788132164763787557e+00 -1.772918824843965169e+01 1.340648230397842156e+02 6.614762451912785934e+01 -6.788132164763787557e+00 6.614762451912785934e+01 5.754809549946159564e+01
3.098519035154981083e+01 -1.770056379653089351e+01 -6.452745374230747899e+00 -1.770056379653089351e+01 1.319005699365717135e+02 6.411110112349653889e+01 -6.452745374230747899e+00 6.411110112349653889e+01 5.426370344346855035e+01
6.068573493661826745e+01 -1.153184614306991840e+01 -5.782199252373578702e+01 -1.153184614306991840e+01 -2.406675759513304413e+01 2.197640864766025004e+01 -5.782199252373578702e+01 2.197640864766025004e+01 6.997276979281207332e+01
6.038993334979306837e+01 -1.136933260939689028e+01 -5.778186068974385847e+01 -1.136933260939689028e+01 -2.421861305004815890e+01 2.181336309674473029e+01 -5.778186068974385847e+01 2.181336309674473029e+01 6.943639000893227831e+01
5.985491907683567803e+01 -1.112018893473818792e+01 -5.749350734431352805e+01 -1.112018893473818792e+01 -2.446796953160385968e+01 2.156308445196871304e+01 -5.749350734431352805e+01 2.156308445196871304e+01 6.845689306378143613e+01
5.909039256546750352e+01 -1.079088799554412148e+01 -5.696601224838335042e+01 -1.079088799554412148e+01 -2.481177680760985638e+01 2.123204558978250844e+01 -5.696601224838335042e+01 2.123204558978250844e+01 6.704835968037748728e+01
5.811187098526124117e+01 -1.038889576711765095e+01 -5.621219701749734554e+01 -1.038889576711765095e+01 -2.524508711771098390e+01 2.082907799641147051e+01 -5.621219701749734554e+01 2.082907799641147051e+01 6.523708924440757073e+01
5.694104290580242633e+01 -9.926235839139083694e+00 -5.525085959422354875e+01 -9.926235839139083694e+00 -2.575979606591328874e+01 2.036521216268325674e+01 -5.525085959422354875e+01 2.036521216268325674e+01 6.305821262778421499e+01
5.560605203921885931e+01 -9.415109140369553486e+00 -5.410636636826805557e+01 -9.415109140369553486e+00 -2.634748004587732595e+01 1.985435147253497234e+01 -5.410636636826805557e+01 1.985435147253497234e+01 6.055872468692749067e+01
5.413706376315980862e+01 -8.873533321421435360e+00 -5.280911325808521184e+01 -8.873533321421435360e+00 -2.700008786333339117e+01 1.931105546450280031e+01 -5.280911325808521184e+01 1.931105546450280031e+01 5.778897198688514436e+01
5.257117741333499339e+01 -8.316085654738991195e+00 -5.139389419133395620e+01 -8.316085654738991195e+00 -2.770593287285475625e+01 1.875197627827671454e+01 -5.139389419133395620e+01 1.875197627827671454e+01 5.481412663986239409e+01
5.095104303868414775e+01 -7.762521713926734179e+00 -4.989768436636742877e+01 -7.762521713926734179e+00 -2.844791958704937329e+01 1.819174438802523142e+01 -4.989768436636742877e+01 1.819174438802523142e+01 5.171475379028048991e+01
3.820516169628756131e+01 2.247989658958164583e+01 -7.604540276694308432e+01 2.247989658958164583e+01 7.903051481011625867e+01 -1.065622098420159070e+01 -7.604540276694308432e+01 -1.065622098420159070e+01 1.075357098537119498e+02
3.783466756497645633e+01 2.244306740615822093e+01 -7.582358062906529028e+01 2.244306740615822093e+01 7.879968019497016485e+01 -1.055832040876277844e+01 -7.582358062906529028e+01 -1.055832040876277844e+01 1.068100360261471593e+02
3.723528700439493377e+01 2.235151961074874905e+01 -7.534529252621635464e+01 2.235151961074874905e+01 7.833196311809005863e+01 -1.038237381307018303e+01 -7.534529252621635464e+01 -1.038237381307018303e+01 1.054959761826382731e+02
3.641169566064457541e+01 2.220903098987734481e+01 -7.461878860206105912e+01 2.220903098987734481e+01 7.763036209164977208e+01 -1.013248085783607166e+01 -7.461878860206105912e+01 -1.013248085783607166e+01 1.036049483864913583e+02
3.537880139086090026e+01 2.202127669370354823e+01 -7.365621537201548108e+01 2.202127669370354823e+01 7.670644764567607865e+01 -9.814791034128845126e+00 -7.365621537201548108e+01 -9.814791034128845126e+00 1.011665820037632955e+02
3.415523901646330529e+01 2.179594782124955188e+01 -7.247647870944695114e+01 2.179594782124955188e+01 7.557553421522638359e+01 -9.438215174736328095e+00 -7.247647870944695114e+01 -9.438215174736328095e+00 9.822104354498623024e+01
3.276743610237384274e+01 2.154295470936111911e+01 -7.110626029047871555e+01 2.154295470936111911e+01 7.426118637902281705e+01 -9.014476276405988031e+00 -7.110626029047871555e+01 -9.014476276405988031e+00 9.483109847685003047e+01
3.124942660880303791e+01 2.127346131014315489e+01 -6.957983124577569356e+01 2.127346131014315489e+01 7.279538826691981512e+01 -8.557482692215399922e+00 -6.957983124577569356e+01 -8.557482692215399922e+00 9.107606337561435339e+01
2.964095352761442825e+01 2.099939390930406091e+01 -6.793851005664870968e+01 2.099939390930406091e+01 7.121630738133362115e+01 -8.082531916475209854e+00 -6.793851005664870968e+01 -8.082531916475209854e+00 8.705305954236776245e+01
2.798447037015075978e+01 2.073205198492269830e+01 -6.622724052421200724e+01 2.073205198492269830e+01 6.956651581883419055e+01 -7.605040028723283996e+00 -6.622724052421200724e+01 -7.605040028723283996e+00 8.286898308907059629e+01
6.054669926806290903e+01 -1.753694161985830036e+01 -3.448672262014140699e+01 -1.753694161985830036e+01 3.237084770208692674e+01 -4.940870720011216299e+00 -3.448672262014140699e+01 -4.940870720011216299e+00 -4.567050704969083341e+01
6.071846907692228257e+01 -1.752511912096152713e+01 -3.445123750422769149e+01 -1.752511912096152713e+01 3.244990515745178783e+01 -4.824671941733694958e+00 -3.445123750422769149e+01 -4.824671941733694958e+00 -4.533704562775294988e+01
6.094533419733188850e+01 -1.750656607872858572e+01 -3.436759905078062616e+01 -1.750656607872858572e+01 3.260139524018569546e+01 -4.709688889870296435e+00 -3.436759905078062616e+01 -4.709688889870296435e+00 -4.484219211953422501e+01
6.122590271064368750e+01 -1.748149392384020118e+01 -3.423487344096037077e+01 -1.748149392384020118e+01 3.282436651222542423e+01 -4.595022984027975710e+00 -3.423487344096037077e+01 -4.595022984027975710e+00 -4.418959370427704414e+01
6.155945222869853950e+01 -1.745034313688119099e+01 -3.405223257126746006e+01 -1.745034313688119099e+01 3.311830801609258401e+01 -4.480198505175116530e+00 -3.405223257126746006e+01 -4.480198505175116530e+00 -4.338198136160733043e+01
6.194337510643427436e+01 -1.741346610231942549e+01 -3.381905976888312182e+01 -1.741346610231942549e+01 3.348122877954373422e+01 -4.364581161269567744e+00 -3.381905976888312182e+01 -4.364581161269567744e+00 -4.242523991213838741e+01
6.237636752131981410e+01 -1.737133853918651383e+01 -3.353470312254181351e+01 -1.737133853918651383e+01 3.391177212237762717e+01 -4.247765710173287523e+00 -3.353470312254181351e+01 -4.247765710173287523e+00 -4.132481369589867626e+01
6.285435943275133042e+01 -1.732424235505674659e+01 -3.319902167845639696e+01 -1.732424235505674659e+01 3.440648467680920675e+01 -4.129100240620730666e+00 -3.319902167845639696e+01 -4.129100240620730666e+00 -4.008937137079760760e+01
6.337430271508183210e+01 -1.727251231517459118e+01 -3.281185686361632037e+01 -1.727251231517459118e+01 3.496208926728735378e+01 -4.008267606590822929e+00 -3.281185686361632037e+01 -4.008267606590822929e+00 -3.872867398659496985e+01
6.393200399314375204e+01 -1.721643032711434174e+01 -3.237405440074446972e+01 -1.721643032711434174e+01 3.557470966466558338e+01 -3.884686373711591312e+00 -3.237405440074446972e+01 -3.884686373711591312e+00 -3.725341641189035613e+01
1.030055761713124127e+02 3.190692382723137044e-02 8.813967675532920509e+01 3.190692382723137044e-02 1.191749111236123895e+02 8.430882464296830392e+01 8.813967675532920509e+01 8.430882464296830392e+01 2.278490595112192523e+02
1.022767540143276932e+02 -1.939440467929749723e-01 8.759857446894592670e+01 -1.939440467929749723e-01 1.184765360965543124e+02 8.396453786610554459e+01 8.759857446894592670e+01 8.396453786610554459e+01 2.263262057224596333e+02
1.009012271176893876e+02 -5.241622604599220914e-01 8.658392145788700134e+01 -5.241622604599220914e-01 1.171344400844086948e+02 8.324989656415516492e+01 8.658392145788700134e+01 8.324989656415516492e+01 2.234301671239791176e+02
9.892145783804437542e+01 -9.435562355927209488e-01 8.512425589082444333e+01 -9.435562355927209488e-01 1.151898181502163823e+02 8.218949264975019275e+01 8.512425589082444333e+01 8.218949264975019275e+01 2.192315752821986905e+02
9.641621087925979339e+01 -1.430132813535195613e+00 8.327270784906330903e+01 -1.430132813535195613e+00 1.127180181176157134e+02 8.082854765042658585e+01 8.327270784906330903e+01 8.082854765042658585e+01 2.138603678959622698e+02
9.349193890424034237e+01 -1.950140275970354997e+00 8.111753871767020030e+01 -1.950140275970354997e+00 1.098223163946507128e+02 7.923841500870999255e+01 8.111753871767020030e+01 7.923841500870999255e+01 2.075486682371552547e+02
9.031390341588608806e+01 -2.470115655023083612e+00 7.877028637566510838e+01 -2.470115655023083612e+00 1.066636271859021150e+02 7.750788548547708956e+01 7.877028637566510838e+01 7.750788548547708956e+01 2.006206307601652270e+02
8.705342967637639617e+01 -2.956178898846668623e+00 7.636165852307026114e+01 -2.956178898846668623e+00 1.034105165826602359e+02 7.573818215229643158e+01 7.636165852307026114e+01 7.573818215229643158e+01 1.934505883295011301e+02
8.387191314102840067e+01 -3.382855801791213590e+00 7.401248117811933014e+01 -3.382855801791213590e+00 1.002230646215625853e+02 7.402115973306680985e+01 7.401248117811933014e+01 7.402115973306680985e+01 1.863995271225809631e+02
8.088950607704472873e+01 -3.736767593383159003e+00 7.181356635478209682e+01 -3.736767593383159003e+00 9.722246627974075750e+01 7.242403291398034071e+01 7.181356635478209682e+01 7.242403291398034071e+01 1.797460111073583562e+02
1.565137874969073728e+01 1.160317053472078586e+00 6.079022252908216473e+01 1.160317053472078586e+00 -8.589842892668605145e+01 7.901079015904755032e+00 6.079022252908216473e+01 7.901079015904755032e+00 -5.021689817790838362e+01
1.567378401515108699e+01 1.089257026102170789e+00 6.061855237552896369e+01 1.089257026102170789e+00 -8.584513390615862249e+01 7.837610373972450972e+00 6.061855237552896369e+01 7.837610373972450972e+00 -5.012494727910404180e+01
1.571197392603540521e+01 1.011382225615640396e+00 6.033838948073449160e+01 1.011382225615640396e+00 -8.574487325551976369e+01 7.766783330298837384e+00 6.033838948073449160e+01 7.766783330298837384e+00 -4.994832622200457450e+01
1.576625912727208956e+01 9.279934776501337357e-01 5.995076285602405619e+01 9.279934776501337357e-01 -8.559770522069355536e+01 7.690151109525880102e+00 5.995076285602405619e+01 7.690151109525880102e+00 -4.968680202291368886e+01
1.583665903416916265e+01 8.398285639105840250e-01 5.945788584651244690e+01 8.398285639105840250e-01 -8.540199891580594738e+01 7.609111613831346155e+00 5.945788584651244690e+01 7.609111613831346155e+00 -4.933757887747583482e+01
1.592282417118217985e+01 7.479747416463669030e-01 5.886311730048791446e+01 7.479747416463669030e-01 -8.515977353289147800e+01 7.525101576009053161e+00 5.886311730048791446e+01 7.525101576009053161e+00 -4.890250123995335940e+01
1.602675431503767811e+01 6.542376345037670404e-01 5.817028203363131666e+01 6.542376345037670404e-01 -8.486677711949276670e+01 7.439674220700966956e+00 5.817028203363131666e+01 7.439674220700966956e+00 -4.837343409628395818e+01
1.614555658483999068e+01 5.595685925759881219e-01 5.738644721806358007e+01 5.595685925759881219e-01 -8.452852362308880174e+01 7.354382772549052483e+00 5.738644721806358007e+01 7.354382772549052483e+00 -4.775893959730647964e+01
1.627771658656320497e+01 4.655596711210443495e-01 5.652036915770378300e+01 4.655596711210443495e-01 -8.414850779912399048e+01 7.270877532735399384e+00 5.652036915770378300e+01 7.270877532735399384e+00 -4.706264840562150198e+01
1.642208881703387036e+01 3.744824611778098666e-01 5.558146427694384073e+01 3.744824611778098666e-01 -8.372738976807117695e+01 7.190206927893331823e+00 5.558146427694384073e+01 7.190206927893331823e+00 -4.628617199179507224e+01
-2.926191772884847708e+01 -2.786238763678980046e+00 -9.595595395286597551e+00 -2.786238763678980046e+00 5.496352652838756114e+01 -1.696307178401717408e+01 -9.595595395286597551e+00 -1.696307178401717408e+01 -8.812594574555444638e+01
-2.911133070003982937e+01 -2.797730007933547203e+00 -9.628147762451465752e+00 -2.797730007933547203e+00 5.498139153352287423e+01 -1.686273585548573450e+01 -9.628147762451465752e+00 -1.686273585548573450e+01 -8.792087691721731346e+01
-2.884886107443751868e+01 -2.811456687163681689e+00 -9.659148257401890092e+00 -2.811456687163681689e+00 5.507854981894855229e+01 -1.673899252105310964e+01 -9.659148257401890092e+00 -1.673899252105310964e+01 -8.745507508218449289e+01
-2.847173765165860360e+01 -2.827566598723139535e+00 -9.688522981460993222e+00 -2.827566598723139535e+00 5.525428087256502607e+01 -1.659126906597349205e+01 -9.688522981460993222e+00 -1.659126906597349205e+01 -8.672597226143449234e+01
-2.798262078407070774e+01 -2.845468553196894845e+00 -9.715902441244383070e+00 -2.845468553196894845e+00 5.550697739815019105e+01 -1.642023057833878852e+01 -9.715902441244383070e+00 -1.642023057833878852e+01 -8.573737423682653969e+01
-2.738069758622816963e+01 -2.864996278561971810e+00 -9.740658497998595067e+00 -2.864996278561971810e+00 5.583442243539769834e+01 -1.622574773546446636e+01 -9.740658497998595067e+00 -1.622574773546446636e+01 -8.449107305127489553e+01
-2.666942282127504171e+01 -2.885521636064904527e+00 -9.762292335654702669e+00 -2.885521636064904527e+00 5.623397410660916051e+01 -1.600933546022651655e+01 -9.762292335654702669e+00 -1.600933546022651655e+01 -8.299486501519025694e+01
-2.585145684157894763e+01 -2.906693606990522483e+00 -9.780157340790019305e+00 -2.906693606990522483e+00 5.670145713654095232e+01 -1.577173273939373388e+01 -9.780157340790019305e+00 -1.577173273939373388e+01 -8.125909594333555219e+01
-2.493291476265155993e+01 -2.927994900600677131e+00 -9.793496051966542382e+00 -2.927994900600677131e+00 5.723223438321895884e+01 -1.551550755198763554e+01 -9.793496051966542382e+00 -1.551550755198763554e+01 -7.929695674953356388e+01
-2.392881649056838000e+01 -2.949019074172538168e+00 -9.801717279769246005e+00 -2.949019074172538168e+00 5.781438968499656283e+01 -1.524226719423031717e+01 -9.801717279769246005e+00 -1.524226719423031717e+01 -7.714098132627994175e+01
1.091480649356357446e+02 3.481123636449305536e+01 5.644109654857210501e+01 3.481123636449305536e+01 7.117017878369119588e-01 4.697778716785354902e+01 5.644109654857210501e+01 4.697778716785354902e+01 6.721479151720700429e+01
1.090275527995323301e+02 3.449558214386200206e+01 5.590371592041256577e+01 3.449558214386200206e+01 5.501708721032989580e-01 4.663651784433105973e+01 5.590371592041256577e+01 4.663651784433105973e+01 6.674208902384833664e+01
1.086001440387864108e+02 3.397299942987284993e+01 5.502466789618561194e+01 3.397299942987284993e+01 3.036428142752069514e-01 4.607928551143066187e+01 5.502466789618561194e+01 4.607928551143066187e+01 6.571686183812067839e+01
1.078797365774668151e+02 3.325728230158269128e+01 5.382586377336457417e+01 3.325728230158269128e+01 -2.049208231314665965e-02 4.532147653838917023e+01 5.382586377336457417e+01 4.532147653838917023e+01 6.416967500847418648e+01
