-1.937317075533584454e+00 -1.283184365491563783e+00 0.000000000000000000e+00 -1.283184365491563783e+00 -4.556180616525337124e-01 1.808295212146902902e-05 0.000000000000000000e+00 1.808295212146902902e-05 -5.919816036005316473e-01
-1.897823908100295887e+00 -1.293292735727464837e+00 -1.073223208409186946e-01 -1.293292735727464837e+00 -4.370468698237849337e-01 -4.307359195333922836e-02 -1.073223208409186946e-01 -4.307359195333922836e-02 -5.277690406171950954e-01
-1.844280286868626328e+00 -1.303075612825179697e+00 -2.128905953260548933e-01 -1.303075612825179697e+00 -4.031775005002734558e-01 -8.450163526362478028e-02 -2.128905953260548933e-01 -8.450163526362478028e-02 -4.427791656462906622e-01
-1.776451133460996035e+00 -1.312370250215614709e+00 -3.167409893596515591e-01 -1.312370250215614709e+00 -3.537206264480556861e-01 -1.243383787872210516e-01 -3.167409893596515591e-01 -1.243383787872210516e-01 -3.368492321187250838e-01
-1.695656503382272362e+00 -1.321194730850891785e+00 -4.188192540853442059e-01 -1.321194730850891785e+00 -2.899963031719988704e-01 -1.626380713804924660e-01 -4.188192540853442059e-01 -1.626380713804924660e-01 -2.121311113369531709e-01
-1.603541945275509084e+00 -1.329386308161917274e+00 -5.191434724552543845e-01 -1.329386308161917274e+00 -2.135415816024277547e-01 -1.994368789476819170e-01 -5.191434724552543845e-01 -1.994368789476819170e-01 -7.102983593313035027e-02
-1.502024252065581988e+00 -1.336908816244448239e+00 -6.177498103736249746e-01 -1.336908816244448239e+00 -1.262009228557323670e-01 -2.348794651057612426e-01 -6.177498103736249746e-01 -2.348794651057612426e-01 8.354323880118691426e-02
-1.393273378007067187e+00 -1.343726089194242190e+00 -7.148371803137921754e-01 -1.343726089194242190e+00 -3.018044709073181009e-02 -2.690743275674591373e-01 -7.148371803137921754e-01 -2.690743275674591373e-01 2.482608496756482930e-01
-1.279585858019391509e+00 -1.349711546346448188e+00 -8.105683288448491952e-01 -1.349711546346448188e+00 7.229564258163317936e-02 -3.022746276624763140e-01 -8.105683288448491952e-01 -3.022746276624763140e-01 4.196329869308102478e-01
-1.163330558830466988e+00 -1.354829021796823962e+00 -9.052325832007397377e-01 -1.354829021796823962e+00 1.788042305770857487e-01 -3.346250290077843470e-01 -9.052325832007397377e-01 -3.346250290077843470e-01 5.941334749029864026e-01
1.945341218112435655e+01 4.571344077438518561e+00 -1.547064108867322219e+01 4.571344077438518561e+00 4.983972711882481477e+00 -2.009687752149964268e+01 -1.547064108867322219e+01 -2.009687752149964268e+01 8.310067929582743318e+00
1.935337937629112659e+01 4.683606877658593959e+00 -1.575781421650313696e+01 4.683606877658593959e+00 4.928278097321974194e+00 -2.024850450512227695e+01 -1.575781421650313696e+01 -2.024850450512227695e+01 8.116616501094885194e+00
1.923910201414872745e+01 4.784299317811520957e+00 -1.600302027561492224e+01 4.784299317811520957e+00 4.873581849731822402e+00 -2.036049988561815027e+01 -1.600302027561492224e+01 -2.036049988561815027e+01 7.894622474043848648e+00
1.911166760157558286e+01 4.872975698356963647e+00 -1.620620578206373708e+01 4.872975698356963647e+00 4.820276184707521061e+00 -2.043257841528144425e+01 -1.620620578206373708e+01 -2.043257841528144425e+01 7.644959419528693623e+00
1.897116527847975931e+01 4.949154663791358821e+00 -1.636699634823570193e+01 4.949154663791358821e+00 4.767434047205170167e+00 -2.046438353447988945e+01 -1.636699634823570193e+01 -2.046438353447988945e+01 7.367074670119403201e+00
1.881729196917382296e+01 5.012497482464048026e+00 -1.648535631816758595e+01 5.012497482464048026e+00 4.713771822548599388e+00 -2.045554085559960455e+01 -1.648535631816758595e+01 -2.045554085559960455e+01 7.059898546919164630e+00
1.864994070576809904e+01 5.062790218595671021e+00 -1.656135700378584374e+01 5.062790218595671021e+00 4.658077207988092105e+00 -2.040571164698993201e+01 -1.656135700378584374e+01 -2.040571164698993201e+01 6.722200919196652080e+00
1.846866578872224807e+01 5.099890248333320386e+00 -1.659519451288822722e+01 5.099890248333320386e+00 4.598727857196821311e+00 -2.031453934901860237e+01 -1.659519451288822722e+01 -2.031453934901860237e+01 6.352305956680196708e+00
1.827303934647754602e+01 5.123761915713768822e+00 -1.658718974914377497e+01 5.123761915713768822e+00 4.534119251829575425e+00 -2.018161391810850702e+01 -1.658718974914377497e+01 -2.018161391810850702e+01 5.948644796987812455e+00
1.806254436756720239e+01 5.134423048718629090e+00 -1.653762796025830539e+01 5.134423048718629090e+00 4.462593389596299254e+00 -2.000641834279285192e+01 -1.653762796025830539e+01 -2.000641834279285192e+01 5.509327674068471126e+00
-2.612877073180225884e-01 -8.416614686253115707e+00 -5.274400661738866347e+00 -8.416614686253115707e+00 -2.305631018181821901e+01 -1.510282421052948010e+01 -5.274400661738866347e+00 -1.510282421052948010e+01 6.551691492833649377e+00
-3.395936120499939981e-01 -8.357277633122494720e+00 -5.238180754345922452e+00 -8.357277633122494720e+00 -2.311491625800852034e+01 -1.512190270867188069e+01 -5.238180754345922452e+00 -1.512190270867188069e+01 6.351147969256365933e+00
-4.276580589352612094e-01 -8.289479521907647808e+00 -5.190521057836941843e+00 -8.289479521907647808e+00 -2.316063886562564633e+01 -1.511462948811567841e+01 -5.190521057836941843e+00 -1.511462948811567841e+01 6.139018461174984509e+00
-5.252617548917277723e-01 -8.213969603972406830e+00 -5.131823609529102548e+00 -8.213969603972406830e+00 -2.319305769292891739e+01 -1.508018219980301211e+01 -5.131823609529102548e+00 -1.508018219980301211e+01 5.915613633789138071e+00
-6.330260303186671100e-01 -8.131387484139553479e+00 -5.062636642127645636e+00 -8.131387484139553479e+00 -2.321262960050603041e+01 -1.501790296448759676e+01 -5.062636642127645636e+00 -1.501790296448759676e+01 5.681006584792860359e+00
-7.519377040855137473e-01 -8.042518962619931600e+00 -4.983325644102731822e+00 -8.042518962619931600e+00 -2.322035968164993847e+01 -1.492713390292313846e+01 -4.983325644102731822e+00 -1.492713390292313846e+01 5.434539434939862801e+00
-8.830201439087181914e-01 -7.948040193083341087e+00 -4.894256103924521817e+00 -7.948040193083341087e+00 -2.321758196927671136e+01 -1.480725368471036596e+01 -4.894256103924521817e+00 -1.480725368471036596e+01 5.175042621125628628e+00
-1.027351540775254923e+00 -7.848645603623086942e+00 -4.795610765828096866e+00 -7.848645603623086942e+00 -2.320588633823156499e+01 -1.465778717483806837e+01 -4.795610765828096866e+00 -1.465778717483806837e+01 4.901145561587054722e+00
-1.186156281060162909e+00 -7.745066171179489700e+00 -4.687535825201520900e+00 -7.745066171179489700e+00 -2.318726470067687018e+01 -1.447818614060100550e+01 -4.687535825201520900e+00 -1.447818614060100550e+01 4.611130460514385909e+00
-1.360603927867957363e+00 -7.637850128457791321e+00 -4.569994733197777492e+00 -7.637850128457791321e+00 -2.316356277338693204e+01 -1.426793889814095095e+01 -4.569994733197777492e+00 -1.426793889814095095e+01 4.303041954592260687e+00
3.172922095817935428e+01 1.377786222634424007e+01 -1.947229012436334017e+01 1.377786222634424007e+01 5.200447404829952092e+01 1.543826302413040530e+01 -1.947229012436334017e+01 1.543826302413040530e+01 5.754822824679895632e+01
3.153058531803932141e+01 1.370824781521808156e+01 -1.929599433474515280e+01 1.370824781521808156e+01 5.204154101566538770e+01 1.535557120819876431e+01 -1.929599433474515280e+01 1.535557120819876431e+01 5.734268443749755306e+01
3.125487719359891514e+01 1.361936957914192803e+01 -1.908637779884861274e+01 1.361936957914192803e+01 5.197201252704123675e+01 1.523802922545304028e+01 -1.908637779884861274e+01 1.523802922545304028e+01 5.689538907654895183e+01
3.090396969540188365e+01 1.351260227814789516e+01 -1.884447158669780009e+01 1.351260227814789516e+01 5.179635256393790854e+01 1.508606668840326748e+01 -1.884447158669780009e+01 1.508606668840326748e+01 5.620902294601576443e+01
3.047983904099439556e+01 1.338957843977411954e+01 -1.857118647681399537e+01 1.338957843977411954e+01 5.151517976836984047e+01 1.490064592907192953e+01 -1.857118647681399537e+01 1.490064592907192953e+01 5.528762440349234453e+01
2.998451300142381371e+01 1.325232583506796225e+01 -1.826717548021244042e+01 1.325232583506796225e+01 5.112974860886635753e+01 1.468303860048872522e+01 -1.826717548021244042e+01 1.468303860048872522e+01 5.413677841160912863e+01
2.942012245473992138e+01 1.310300971108001100e+01 -1.793305723890760106e+01 1.310300971108001100e+01 5.064224151697842302e+01 1.443482567669059158e+01 -1.793305723890760106e+01 1.443482567669059158e+01 5.276353061553071910e+01
2.878907323099891613e+01 1.294410463586806337e+01 -1.756939884141271335e+01 1.294410463586806337e+01 5.005557985777429053e+01 1.415800055972409055e+01 -1.756939884141271335e+01 1.415800055972409055e+01 5.117669666396304251e+01
2.809267135223130296e+01 1.277805080848912667e+01 -1.717711106624905781e+01 1.277805080848912667e+01 4.937253033581858119e+01 1.385505500214742902e+01 -1.717711106624905781e+01 1.385505500214742902e+01 4.938522968161523607e+01
2.733720634558400420e+01 1.260773522501063582e+01 -1.675641731192185802e+01 1.260773522501063582e+01 4.860072286928953389e+01 1.352822298901278941e+01 -1.675641731192185802e+01 1.352822298901278941e+01 4.740595329438028926e+01
4.838541271844130165e+01 -8.604717862469986045e+00 1.412388597348051889e+00 -8.604717862469986045e+00 6.317130784252955777e+01 -1.385666500160300574e+00 1.412388597348051889e+00 -1.385666500160300574e+00 7.826725019280064544e+01
4.834336297485653944e+01 -8.505797148938576413e+00 1.399120392427285919e+00 -8.505797148938576413e+00 6.315074718910272367e+01 -1.256006090495665140e+00 1.399120392427285919e+00 -1.256006090495665140e+00 7.818259364359245467e+01
4.817968801949808011e+01 -8.399837196918666038e+00 1.382644860617276095e+00 -8.399837196918666038e+00 6.298121464200443143e+01 -1.128337599635928390e+00 1.382644860617276095e+00 -1.128337599635928390e+00 7.776413876855318108e+01
4.789371262565240528e+01 -8.288931209222187846e+00 1.363198331267756691e+00 -8.288931209222187846e+00 6.266245699121712676e+01 -1.002525982238385183e+00 1.363198331267756691e+00 -1.002525982238385183e+00 7.701235822638230388e+01
4.748685476941793127e+01 -8.174699729961599104e+00 1.341017133728460875e+00 -8.174699729961599104e+00 6.219661808155624527e+01 -8.786218803065503069e-01 1.341017133728460875e+00 -8.786218803065503069e-01 7.593184355873178504e+01
4.695962087082978087e+01 -8.059134677941797165e+00 1.316388239352636935e+00 -8.059134677941797165e+00 6.158538597980558649e+01 -7.565746518369089735e-01 1.316388239352636935e+00 -7.565746518369089735e-01 7.452627475119032852e+01
4.631697384623237213e+01 -7.944092926624978013e+00 1.289531096822180700e+00 -7.944092926624978013e+00 6.083504029440094740e+01 -6.360129221370226515e-01 1.289531096822180700e+00 -6.360129221370226515e-01 7.281025358143793369e+01
4.556200285784008486e+01 -7.831735201494420373e+00 1.260749558158178019e+00 -7.831735201494420373e+00 5.995084779370780836e+01 -5.167510038606719647e-01 1.260749558158178019e+00 -5.167510038606719647e-01 7.079475248356936845e+01
4.470014348069679500e+01 -7.724205347365566965e+00 1.230313714046039397e+00 -7.724205347365566965e+00 5.894079303361362321e+01 -3.985188063224469057e-01 1.230313714046039397e+00 -3.985188063224469057e-01 6.849671964809408564e+01
4.373880632798343271e+01 -7.623495283043315141e+00 1.198561177842526915e+00 -7.623495283043315141e+00 5.781527450550666458e+01 -2.811981648474805584e-01 1.198561177842526915e+00 -2.811981648474805584e-01 6.593796489785900405e+01
6.465649619577399676e+01 -1.662669176085898570e+01 -1.223917660014550535e+01 -1.662669176085898570e+01 4.912604084624390310e+01 1.405548589231831080e+01 -1.223917660014550535e+01 1.405548589231831080e+01 7.449902492736929105e+01
6.458191263040909291e+01 -1.657048361153026761e+01 -1.236452499932518556e+01 -1.657048361153026761e+01 4.909711689331113860e+01 1.409069839609326458e+01 -1.236452499932518556e+01 1.409069839609326458e+01 7.437604318710872064e+01
6.435586289422154493e+01 -1.648391460921076401e+01 -1.244460259432372062e+01 -1.648391460921076401e+01 4.895401855223818188e+01 1.408407175111977416e+01 -1.244460259432372062e+01 1.408407175111977416e+01 7.392921798318191406e+01
6.398000364845472632e+01 -1.636813427394688958e+01 -1.247890224394416059e+01 -1.636813427394688958e+01 4.869772629600580416e+01 1.403518333973371668e+01 -1.247890224394416059e+01 1.403518333973371668e+01 7.316059478508324787e+01
6.345697202733277464e+01 -1.622518807523301732e+01 -1.246744085289307158e+01 -1.622518807523301732e+01 4.832922059759477662e+01 1.394421911370730349e+01 -1.246744085289307158e+01 1.394421911370730349e+01 7.207450119769336538e+01
6.279089277925756818e+01 -1.605767933788015966e+01 -1.241087770472648977e+01 -1.605767933788015966e+01 4.785022573707471594e+01 1.381190597542283349e+01 -1.241087770472648977e+01 1.381190597542283349e+01 7.067773291305141470e+01
6.198614422322943085e+01 -1.586903971732101937e+01 -1.231063279479587713e+01 -1.586903971732101937e+01 4.726200956743802095e+01 1.363979915788428876e+01 -1.231063279479587713e+01 1.363979915788428876e+01 6.897857323737424906e+01
6.105275085024144488e+01 -1.566285301134738184e+01 -1.216885302083499276e+01 -1.566285301134738184e+01 4.657042111715618660e+01 1.342980889293351865e+01 -1.216885302083499276e+01 1.342980889293351865e+01 6.699335211720368477e+01
5.999943548888114719e+01 -1.544353134837271568e+01 -1.198841218295988931e+01 -1.544353134837271568e+01 4.577968656287045945e+01 1.318484279009970450e+01 -1.198841218295988931e+01 1.318484279009970450e+01 6.473834878496185752e+01
5.883794691021125089e+01 -1.521567280858270976e+01 -1.177289407896235396e+01 -1.521567280858270976e+01 4.489638183543465288e+01 1.290846774246807271e+01 -1.177289407896235396e+01 1.290846774246807271e+01 6.223498150386663497e+01
1.114743503403317781e+01 8.977584745587986248e+00 -2.038178285275395751e+01 8.977584745587986248e+00 -2.868731416501822906e+01 1.038479720707199760e+01 -2.038178285275395751e+01 1.038479720707199760e+01 -2.439859834734876998e+01
1.117279866425166901e+01 8.941001525497648927e+00 -2.042861084589121390e+01 8.941001525497648927e+00 -2.861821252706981156e+01 1.033846581873234882e+01 -2.042861084589121390e+01 1.033846581873234882e+01 -2.427016163247152747e+01
1.122339717529667702e+01 8.895516204590959930e+00 -2.044080525258799241e+01 8.895516204590959930e+00 -2.849702256368356856e+01 1.028124591038592150e+01 -2.044080525258799241e+01 1.028124591038592150e+01 -2.405226248294400548e+01
1.129976395750637153e+01 8.841165568408479558e+00 -2.041823732345232401e+01 8.841165568408479558e+00 -2.832343159776470642e+01 1.021238337845116639e+01 -2.041823732345232401e+01 1.021238337845116639e+01 -2.374541589633409799e+01
1.140094258682610651e+01 8.778243901274720429e+00 -2.036077830909223607e+01 8.778243901274720429e+00 -2.809869033769238911e+01 1.013158393860357798e+01 -2.036077830909223607e+01 1.013158393860357798e+01 -2.335146114966996578e+01
1.152590306812010290e+01 8.707045487514188054e+00 -2.026820749626434548e+01 8.707045487514188054e+00 -2.782403109907548355e+01 1.003844294989695385e+01 -2.026820749626434548e+01 1.003844294989695385e+01 -2.287253180430429467e+01
1.167326594361723302e+01 8.627846218681106905e+00 -2.014034095726583828e+01 8.627846218681106905e+00 -2.750132994448273038e+01 9.932592556925662564e+00 -2.014034095726583828e+01 9.932592556925662564e+00 -2.231155231071187828e+01
1.184130229291101344e+01 8.540940379099987823e+00 -1.997699476439389699e+01 8.540940379099987823e+00 -2.713262847141539780e+01 9.813628118743507045e+00 -1.997699476439389699e+01 9.813628118743507045e+00 -2.167181497477313812e+01
1.202820962451383835e+01 8.446659038635898398e+00 -1.977791141886457282e+01 8.446659038635898398e+00 -2.672031774001011328e+01 9.681255351025980005e+00 -1.977791141886457282e+01 9.681255351025980005e+00 -2.095705352885527262e+01
1.223194634092443600e+01 8.345370052694471852e+00 -1.954294377851561748e+01 8.345370052694471852e+00 -2.626695434533602835e+01 9.535124791137723932e+00 -1.954294377851561748e+01 9.535124791137723932e+00 -2.017125920410940765e+01
-2.436500483763759206e+01 1.015135722180598776e+01 -1.523388663966290935e+01 1.015135722180598776e+01 -1.508111730812345286e+00 9.991663812649994370e+00 -1.523388663966290935e+01 9.991663812649994370e+00 5.917411982953484362e+00
-2.438596024714372490e+01 1.010070887627762026e+01 -1.526216911542992527e+01 1.010070887627762026e+01 -1.471256587520092918e+00 1.001010970196177396e+01 -1.526216911542992527e+01 1.001010970196177396e+01 5.922962235646104467e+00
-2.439751869417026953e+01 1.004033385028792580e+01 -1.526469695328993303e+01 1.004033385028792580e+01 -1.443853359704382333e+00 1.001263753982177818e+01 -1.526469695328993303e+01 1.001263753982177818e+01 5.914041532473476970e+00
-2.439942373139810172e+01 9.970598497149950390e+00 -1.524179987122466429e+01 9.970598497149950390e+00 -1.425773823705648313e+00 9.999247326230012334e+00 -1.524179987122466429e+01 9.999247326230012334e+00 5.888543341885596583e+00
-2.439238974778765012e+01 9.892143935161522350e+00 -1.519360609289369535e+01 9.892143935161522350e+00 -1.417897227475196420e+00 9.969920743520818363e+00 -1.519360609289369535e+01 9.969920743520818363e+00 5.845863180915940482e+00
-2.437718608529631581e+01 9.805501376626555299e+00 -1.512026215962223219e+01 9.805501376626555299e+00 -1.421084501298681690e+00 9.924639474028548847e+00 -1.512026215962223219e+01 9.924639474028548847e+00 5.784865354294071338e+00
-2.435500339219148458e+01 9.711330257508528518e+00 -1.502193293040115307e+01 9.711330257508528518e+00 -1.436453022780888489e+00 9.863421835418852979e+00 -1.502193293040115307e+01 9.863421835418852979e+00 5.704487437412160133e+00
-2.432717885806577485e+01 9.610418237430486954e+00 -1.489861840523045800e+01 9.610418237430486954e+00 -1.465266710851819143e+00 9.786341098354341739e+00 -1.489861840523045800e+01 9.786341098354341739e+00 5.603264017018032561e+00
-2.429526948449961665e+01 9.503351481693302460e+00 -1.475033690177579082e+01 9.503351481693302460e+00 -1.508771166775825012e+00 9.693415580500664319e+00 -1.475033690177579082e+01 9.693415580500664319e+00 5.479674726862550749e+00
-2.426085059073911054e+01 9.390899332254367238e+00 -1.457694187871194380e+01 9.390899332254367238e+00 -1.568358533142473643e+00 9.584572011195215069e+00 -1.457694187871194380e+01 9.584572011195215069e+00 5.332034341705714553e+00
-1.711110490005043872e+01 -4.617268002267821969e-01 -9.417670630807929655e+00 -4.617268002267821969e-01 -1.490176363065594067e+01 -5.617700536309786941e+00 -9.417670630807929655e+00 -5.617700536309786941e+00 4.586274577039976208e+00
-1.706365137865363124e+01 -5.123181994885752655e-01 -9.384933940099536187e+00 -5.123181994885752655e-01 -1.480878335497240705e+01 -5.467889805960393090e+00 -9.384933940099536187e+00 -5.467889805960393090e+00 4.762179239108728090e+00
-1.701025240446000808e+01 -5.598634717001479411e-01 -9.334581092956135251e+00 -5.598634717001479411e-01 -1.471200459555757156e+01 -5.308977394786244197e+00 -9.334581092956135251e+00 -5.308977394786244197e+00 4.934890972823635202e+00
-1.695109147909910163e+01 -6.041607650690157261e-01 -9.266410237585237297e+00 -6.041607650690157261e-01 -1.461170260485573813e+01 -5.140798151320762344e+00 -9.266410237585237297e+00 -5.140798151320762344e+00 5.102005906837835170e+00
-1.688728796251105280e+01 -6.448247261731628877e-01 -9.180439724149801251e+00 -6.448247261731628877e-01 -1.450943714671791618e+01 -4.963462176541666437e+00 -9.180439724149801251e+00 -4.963462176541666437e+00 5.261358721922858805e+00
-1.681999791496190610e+01 -6.815250520794329248e-01 -9.076577801835057357e+00 -6.815250520794329248e-01 -1.440651108271378078e+01 -4.776987820611908298e+00 -9.076577801835057357e+00 -4.776987820611908298e+00 5.411004300805674738e+00
-1.675083615079153887e+01 -7.140415408323880220e-01 -8.954696019500335780e+00 -7.140415408323880220e-01 -1.430483282979046145e+01 -4.581356733368536993e+00 -8.954696019500335780e+00 -4.581356733368536993e+00 5.548226819369218354e+00
-1.668143583450278200e+01 -7.421539904765908080e-01 -8.814592525353150521e+00 -7.421539904765908080e-01 -1.420614565342850000e+01 -4.376422113507924649e+00 -8.814592525353150521e+00 -4.376422113507924649e+00 5.670585705940721866e+00
-1.661365033255390244e+01 -7.657155997084160726e-01 -8.655973716786251160e+00 -7.657155997084160726e-01 -1.411246807155274752e+01 -4.162055509889402316e+00 -8.655973716786251160e+00 -4.162055509889402316e+00 5.775181634773590922e+00
-1.654953486319564959e+01 -7.846162675501451300e-01 -8.478564341355340872e+00 -7.846162675501451300e-01 -1.402583695225099625e+01 -3.937889919253905635e+00 -8.478564341355340872e+00 -3.937889919253905635e+00 5.858674876210355542e+00
-2.784318103312751447e+01 1.597811578398765198e+00 3.607384383494502078e+00 1.597811578398765198e+00 -1.515613245159419797e+01 1.720529589929286374e+01 3.607384383494502078e+00 1.720529589929286374e+01 -1.445497938955234929e+01
-2.804004017217795663e+01 1.536858678054115357e+00 3.712563833070058106e+00 1.536858678054115357e+00 -1.520870363275546211e+01 1.722754825110715515e+01 3.712563833070058106e+00 1.722754825110715515e+01 -1.481070177693032974e+01
-2.820198166250646921e+01 1.472957341094072170e+00 3.808248945871516078e+00 1.472957341094072170e+00 -1.523913372386150833e+01 1.722022351863494904e+01 3.808248945871516078e+00 1.722022351863494904e+01 -1.509922206182914373e+01
-2.832707696695581845e+01 1.406571158181432635e+00 3.894940399814698306e+00 1.406571158181432635e+00 -1.524632865094812750e+01 1.718343296363531891e+01 3.894940399814698306e+00 1.718343296363531891e+01 -1.531961306292320124e+01
-2.841530754189948738e+01 1.338145176352482979e+00 3.972805087538209712e+00 1.338145176352482979e+00 -1.523095598456975708e+01 1.711715804248175488e+01 3.972805087538209712e+00 1.711715804248175488e+01 -1.547187478021249696e+01
-2.846708134712074312e+01 1.268180073523044848e+00 4.042195337945778455e+00 1.268180073523044848e+00 -1.519416542957012517e+01 1.702134312429471308e+01 4.042195337945778455e+00 1.702134312429471308e+01 -1.555680458963704638e+01
-2.848299177866796228e+01 1.197120896729403805e+00 4.103389305435083401e+00 1.197120896729403805e+00 -1.513719940892553595e+01 1.689593257819466032e+01 4.103389305435083401e+00 1.689593257819466032e+01 -1.557571908867919497e+01
-2.846394747424022853e+01 1.125523954766917578e+00 4.156628057150778766e+00 1.125523954766917578e+00 -1.506159704363647656e+01 1.674077805516950690e+01 4.156628057150778766e+00 1.674077805516950690e+01 -1.553036137823106166e+01
-2.841106105142825911e+01 1.053834294671871730e+00 4.202282465623102148e+00 1.053834294671871730e+00 -1.496902726008901929e+01 1.655571266258063901e+01 4.202282465623102148e+00 1.655571266258063901e+01 -1.542271562632942228e+01
-2.832550075870230799e+01 9.825896816131117761e-01 4.240649228876244514e+00 9.825896816131117761e-01 -1.486101063565714142e+01 1.634040261515084680e+01 4.240649228876244514e+00 1.634040261515084680e+01 -1.525487726277012079e+01
-1.515537063963383702e+01 -4.098243423248185913e+00 -1.892089296070268745e+01 -4.098243423248185913e+00 2.937679880824580980e+00 1.255856919989169285e+01 -1.892089296070268745e+01 1.255856919989169285e+01 -2.948222513023006641e+00
-1.513219141547391366e+01 -4.042052468214779815e+00 -1.891726949989528350e+01 -4.042052468214779815e+00 2.896547227739531216e+00 1.254817223445939334e+01 -1.891726949989528350e+01 1.254817223445939334e+01 -2.993433835559607292e+00
-1.508707113466614302e+01 -3.981181968319550624e+00 -1.888369331030306242e+01 -3.981181968319550624e+00 2.863535496866049357e+00 1.251330325231779383e+01 -1.888369331030306242e+01 1.251330325231779383e+01 -3.014755808451414776e+00
-1.502101125622764677e+01 -3.916050715515113190e+00 -1.882009155854295201e+01 -3.916050715515113190e+00 2.838225896251520552e+00 1.245450850383987174e+01 -1.882009155854295201e+01 1.245450850383987174e+01 -3.014227766424205424e+00
-1.493475832233482592e+01 -3.847095710099848187e+00 -1.872633678619460440e+01 -3.847095710099848187e+00 2.820090383868735895e+00 1.237224319766977132e+01 -1.872633678619460440e+01 1.237224319766977132e+01 -2.992213876393294836e+00
-1.482971437561165118e+01 -3.774772160717900782e+00 -1.860217407641728826e+01 -3.774772160717900782e+00 2.808182125737871626e+00 1.226709000087200074e+01 -1.860217407641728826e+01 1.226709000087200074e+01 -2.950225431057250436e+00
-1.470771845898047125e+01 -3.699589901050715390e+00 -1.844738492906181548e+01 -3.699589901050715390e+00 2.801208329309551992e+00 1.213975903893142672e+01 -1.844738492906181548e+01 1.213975903893142672e+01 -2.890374598524908745e+00
-1.457051857363480707e+01 -3.621967723050905974e+00 -1.826162338555863940e+01 -3.621967723050905974e+00 2.797876202034401683e+00 1.199090581229562247e+01 -1.826162338555863940e+01 1.199090581229562247e+01 -2.814664296830513557e+00
-1.442006301257160672e+01 -3.542397252054151569e+00 -1.804439782057207253e+01 -3.542397252054151569e+00 2.796838326325748358e+00 1.182122223810368844e+01 -1.804439782057207253e+01 1.182122223810368844e+01 -2.725315944157498560e+00
-1.425862781901160048e+01 -3.461370113396128545e+00 -1.779508915034608663e+01 -3.461370113396128545e+00 2.796510576101963519e+00 1.163130919176589551e+01 -1.779508915034608663e+01 1.163130919176589551e+01 -2.625115417408038443e+00
-1.967565058166869818e+01 -1.520510359007685963e+01 2.141554377595651104e+01 -1.520510359007685963e+01 1.390053492438637583e+01 -2.096361564615948581e+01 2.141554377595651104e+01 -2.096361564615948581e+01 -1.607339894995859808e+01
-1.962160677204946424e+01 -1.517901221676304857e+01 2.146278193365543174e+01 -1.517901221676304857e+01 1.393434423540070455e+01 -2.097861362438602484e+01 2.146278193365543174e+01 -2.097861362438602484e+01 -1.595874287310267015e+01
-1.952663782233031853e+01 -1.514131656832505612e+01 2.147748798043230778e+01 -1.514131656832505612e+01 1.398727505636808921e+01 -2.095730262856048043e+01 2.147748798043230778e+01 -2.095730262856048043e+01 -1.578185066032128248e+01
-1.939074373251126104e+01 -1.509225383906573192e+01 2.145947945913109578e+01 -1.509225383906573192e+01 1.405923615871051346e+01 -2.089957318438922584e+01 2.145947945913109578e+01 -2.089957318438922584e+01 -1.554361635167903444e+01
-1.921505573695973723e+01 -1.503195174899430242e+01 2.140839145543971966e+01 -1.503195174899430242e+01 1.414947946808820767e+01 -2.080520634328501117e+01 2.140839145543971966e+01 -2.080520634328501117e+01 -1.524542662156183859e+01
-1.900096051006166675e+01 -1.496068398384483444e+01 2.132378607218368316e+01 -1.496068398384483444e+01 1.425672778440888777e+01 -2.067392841951378202e+01 2.132378607218368316e+01 -2.067392841951378202e+01 -1.488947095584217806e+01
-1.875042858910228105e+01 -1.487872422935138594e+01 2.120515242932606625e+01 -1.487872422935138594e+01 1.437950320470862664e+01 -2.050544748162586473e+01 2.120515242932606625e+01 -2.050544748162586473e+01 -1.447841322899825123e+01
-1.846552173994484036e+01 -1.478641915411043328e+01 2.105194315539874950e+01 -1.478641915411043328e+01 1.451599940314261872e+01 -2.029952633531841499e+01 2.105194315539874950e+01 -2.029952633531841499e+01 -1.401522749267351386e+01
-1.814864839704908661e+01 -1.468415191814966114e+01 2.086359263321801194e+01 -1.468415191814966114e+01 1.466437356243485723e+01 -2.005594603200417581e+01 2.086359263321801194e+01 -2.005594603200417581e+01 -1.350312499281428735e+01
-1.780232646916837069e+01 -1.457234217292796430e+01 2.063942577130649880e+01 -1.457234217292796430e+01 1.482256391672208196e+01 -1.977445113166469426e+01 2.063942577130649880e+01 -1.977445113166469426e+01 -1.294531697536688242e+01
5.371752792668345222e+01 7.404638715576368213e+00 8.637716160165705759e+00 7.404638715576368213e+00 3.146191980554863576e+01 3.407697215330009577e+00 8.637716160165705759e+00 3.407697215330009577e+00 6.075168945957274502e+01
5.347665430244310159e+01 7.336192532995858606e+00 8.730532682372100339e+00 7.336192532995858606e+00 3.126042288769887278e+01 3.236607484078904307e+00 8.730532682372100339e+00 3.236607484078904307e+00 6.019388136926176713e+01
5.311864526677080534e+01 7.253631790589802009e+00 8.795857540665549479e+00 7.253631790589802009e+00 3.097782298878590623e+01 3.054867519958218036e+00 8.795857540665549479e+00 3.054867519958218036e+00 5.937734636579380521e+01
5.264631344155161230e+01 7.157625343562567188e+00 8.833587834245385295e+00 7.157625343562567188e+00 3.061557787015260601e+01 2.863180478439211640e+00 8.833587834245385295e+00 2.863180478439211640e+00 5.830825849720918796e+01
5.206322605454215591e+01 7.049476602056004459e+00 8.843603512177486081e+00 7.049476602056004459e+00 3.017509384274147877e+01 2.662643968062389899e+00 8.843603512177486081e+00 2.662643968062389899e+00 5.699407807155664329e+01
5.137233292869504453e+01 6.930574726879188852e+00 8.826024625395971768e+00 6.930574726879188852e+00 2.965628515588530334e+01 2.454595699236491235e+00 8.826024625395971768e+00 2.454595699236491235e+00 5.544183664354880392e+01
5.058176322726338725e+01 6.802583280976320701e+00 8.781331377637313196e+00 6.802583280976320701e+00 2.906417679868357595e+01 2.240013229567903164e+00 8.781331377637313196e+00 2.240013229567903164e+00 5.366696933328647390e+01
4.969743374628583865e+01 6.667234427825387222e+00 8.710261224639660682e+00 6.667234427825387222e+00 2.840065528581529364e+01 2.020525821733936578e+00 8.710261224639660682e+00 2.020525821733936578e+00 5.168225299018649821e+01
4.872730214768105128e+01 6.526431832238821507e+00 8.613911774943519006e+00 6.526431832238821507e+00 2.766913349383607468e+01 1.797642687477785106e+00 8.613911774943519006e+00 1.797642687477785106e+00 4.950370583888683029e+01
4.768057805310921538e+01 6.382250660363515848e+00 8.493740789891745635e+00 6.382250660363515848e+00 2.687407045744173217e+01 1.572890188676087320e+00 8.493740789891745635e+00 1.572890188676087320e+00 4.715062177951354272e+01
-1.944969034426009991e+00 -1.082710300291777372e+01 5.702608581978837243e+00 -1.082710300291777372e+01 -3.847359898460096161e+01 9.192128841472574363e-01 5.702608581978837243e+00 9.192128841472574363e-01 -3.381884910907229624e+01
-1.893421251651877357e+00 -1.083390522298739178e+01 5.544890257460585836e+00 -1.083390522298739178e+01 -3.851972362753877377e+01 1.031645195599297127e+00 5.544890257460585836e+00 1.031645195599297127e+00 -3.382408588671493277e+01
-1.803426948319886813e+00 -1.083127751605638878e+01 5.377760642161084625e+00 -1.083127751605638878e+01 -3.850567191813469492e+01 1.143742055102698219e+00 5.377760642161084625e+00 1.143742055102698219e+00 -3.370272682618522708e+01
-1.674911579552562868e+00 -1.081918260968602929e+01 5.201126554983489747e+00 -1.081918260968602929e+01 -3.843088476980764767e+01 1.255298464244403611e+00 5.201126554983489747e+00 1.255298464244403611e+00 -3.345572237467099797e+01
-1.509105135828247235e+00 -1.079756459521820666e+01 5.015230266779595603e+00 -1.079756459521820666e+01 -3.829610763133240425e+01 1.366090788391987720e+00 5.015230266779595603e+00 1.366090788391987720e+00 -3.308473115569606904e+01
-1.307423969818969356e+00 -1.076640483643355495e+01 4.820295412181827110e+00 -1.076640483643355495e+01 -3.810230958611613516e+01 1.475802211816181098e+00 4.820295412181827110e+00 1.475802211816181098e+00 -3.259232496753333663e+01
-1.071694431022872873e+00 -1.072561015223522674e+01 4.616508353383873775e+00 -1.072561015223522674e+01 -3.785068335219843760e+01 1.584097282568344589e+00 4.616508353383873775e+00 1.584097282568344589e+00 -3.198157878637864115e+01
-8.038360500349455151e-01 -1.067510599774574764e+01 4.404055452579422436e+00 -1.067510599774574764e+01 -3.754249619249640801e+01 1.690603276261102073e+00 4.404055452579422436e+00 1.690603276261102073e+00 -3.125575395062153916e+01
-5.058801747663876913e-01 -1.061481782808764329e+01 4.183085799523425408e+00 -1.061481782808764329e+01 -3.717920173212079504e+01 1.795022013384552917e+00 4.183085799523425408e+00 1.795022013384552917e+00 -3.041842861438084000e+01
-1.801004239801941575e-01 -1.054465246216406804e+01 3.953748483970830563e+00 -1.054465246216406804e+01 -3.676240268593733163e+01 1.896924860893214104e+00 3.953748483970830563e+00 1.896924860893214104e+00 -2.947372138213705028e+01
1.648626209774765705e+00 5.114571033442751435e+00 2.341269336762140441e+00 5.114571033442751435e+00 8.419547235479678093e+00 2.158738340371813180e+01 2.341269336762140441e+00 2.158738340371813180e+01 3.773993528720671975e+01
1.691383499895516174e+00 5.141095893855583299e+00 2.262105025725056784e+00 5.141095893855583299e+00 8.252085641965450691e+00 2.137224127766624804e+01 2.262105025725056784e+00 2.137224127766624804e+01 3.755963045260489963e+01
1.688868365182530695e+00 5.158576972002572703e+00 2.174556932311355162e+00 5.158576972002572703e+00 8.031128381754463419e+00 2.110952564608576765e+01 2.174556932311355162e+00 2.110952564608576765e+01 3.723285915610009056e+01
1.640706211104088430e+00 5.167032105718566193e+00 2.078571543016503931e+00 5.167032105718566193e+00 7.758280859982665589e+00 2.080019975205825844e+01 2.078571543016503931e+00 2.080019975205825844e+01 3.676108410014948902e+01
1.545808929734713288e+00 5.166407781499030349e+00 1.974273722684410703e+00 5.166407781499030349e+00 7.434863076428504414e+00 2.044567278453639503e+01 1.974273722684410703e+00 2.044567278453639503e+01 3.614662420328278358e+01
1.402945710470178575e+00 5.156668323674279186e+00 1.861663471315075258e+00 5.156668323674279186e+00 7.062016652521986515e+00 2.004771068916971188e+01 1.861663471315075258e+00 2.004771068916971188e+01 3.539162000568124711e+01
1.210992769715320438e+00 5.137902921418530333e+00 1.740705113238809609e+00 5.137902921418530333e+00 6.641061588041557329e+00 1.960806157377290759e+01 1.740705113238809609e+00 1.960806157377290759e+01 3.449892556091990059e+01
9.687728103704438265e-01 5.110361304419599016e+00 1.611309459281394796e+00 5.110361304419599016e+00 6.173407071939883473e+00 1.912879462718787593e+01 1.611309459281394796e+00 1.912879462718787593e+01 3.347176951710547854e+01
6.753225893539795965e-01 5.074275364530454802e+00 1.473351644598923649e+00 5.074275364530454802e+00 5.660533644509004425e+00 1.861206822743072209e+01 1.473351644598923649e+00 1.861206822743072209e+01 3.231400484656425931e+01
3.300356202812363970e-01 5.030108885457039491e+00 1.326831669191395946e+00 5.030108885457039491e+00 5.104349954077216367e+00 1.806029048220537092e+01 1.326831669191395946e+00 1.806029048220537092e+01 3.103023371068595893e+01
-6.372803925842585038e+00 -7.033553783109995905e+00 2.043871831330037736e+01 -7.033553783109995905e+00 -6.850780490900263864e+00 -9.434826042037570915e+00 2.043871831330037736e+01 -9.434826042037570915e+00 3.078292735679531589e+01
-6.386218147684289193e+00 -7.020573444454547563e+00 2.027494548895537463e+01 -7.020573444454547563e+00 -6.771705280205369881e+00 -9.459358520527047176e+00 2.027494548895537463e+01 -9.459358520527047176e+00 3.085873036512720802e+01
-6.441248998474241816e+00 -6.998264617294625012e+00 2.006102299966578428e+01 -6.998264617294625012e+00 -6.727358802876935329e+00 -9.465035158880544586e+00 2.006102299966578428e+01 -9.465035158880544586e+00 3.081836115033943813e+01
-6.537751850483693339e+00 -6.967223891011331105e+00 1.979794516106677094e+01 -6.967223891011331105e+00 -6.718464197558716933e+00 -9.452072898691190161e+00 1.979794516106677094e+01 -9.452072898691190161e+00 3.065880060859432277e+01
-6.675383212856858428e+00 -6.927903227257011132e+00 1.948708593658147237e+01 -6.927903227257011132e+00 -6.745889230623224542e+00 -9.420652524619921309e+00 1.948708593658147237e+01 -9.420652524619921309e+00 3.038033799534936819e+01
-6.853871908602327423e+00 -6.880935372344955780e+00 1.913000007429397087e+01 -6.880935372344955780e+00 -6.810592060773434930e+00 -9.371099449056432107e+00 1.913000007429397087e+01 -9.371099449056432107e+00 2.998347950765520054e+01
-7.072820211466034124e+00 -6.826989229520638247e+00 1.872856773467803393e+01 -6.826989229520638247e+00 -6.913476611314047560e+00 -9.303739084390411307e+00 1.872856773467803393e+01 -9.303739084390411307e+00 2.946934601040963742e+01
-7.331902709058288004e+00 -6.766769858961724005e+00 1.828474139207180826e+01 -6.766769858961724005e+00 -7.055482962481945286e+00 -9.219005313808116497e+00 1.828474139207180826e+01 -9.219005313808116497e+00 2.883936570243411168e+01
-7.630577047396269741e+00 -6.701036556244159392e+00 1.780070854087266241e+01 -6.701036556244159392e+00 -7.237424645251357092e+00 -9.117350098961891192e+00 1.780070854087266241e+01 -9.117350098961891192e+00 2.809531027340582909e+01
-7.968481657158101861e+00 -6.630476303079510636e+00 1.727862051854576819e+01 -6.630476303079510636e+00 -7.460115190596510182e+00 -8.999243479970180815e+00 1.727862051854576819e+01 -8.999243479970180815e+00 2.723900564840026561e+01
4.568599483455760613e+00 7.165458733479312947e-01 -1.143585559652776062e+01 7.165458733479312947e-01 -2.711169340061563560e+01 1.727965763796571963e+00 -1.143585559652776062e+01 1.727965763796571963e+00 2.002721848824417616e+00
4.494254579931950211e+00 6.778097095930901705e-01 -1.143719069565623414e+01 6.778097095930901705e-01 -2.710231112865801606e+01 1.765860632210184189e+00 -1.143719069565623414e+01 1.765860632210184189e+00 1.908112700994487154e+00
4.407070777939821937e+00 6.375006893307343381e-01 -1.141339666872278258e+01 6.375006893307343381e-01 -2.707314012715236373e+01 1.802566713728581904e+00 -1.141339666872278258e+01 1.802566713728581904e+00 1.811052823257498723e+00
4.308218575345433621e+00 5.957285467358065523e-01 -1.136476614019392528e+01 5.957285467358065523e-01 -2.702363172522396439e+01 1.838504656022379002e+00 -1.136476614019392528e+01 1.838504656022379002e+00 1.711816551050809654e+00
4.197862573411197396e+00 5.527859062748212704e-01 -1.129162831259448652e+01 5.527859062748212704e-01 -2.695499299879718791e+01 1.873912216470619008e+00 -1.129162831259448652e+01 1.873912216470619008e+00 1.610147837966219742e+00
4.076203951457843644e+00 5.089471033851357129e-01 -1.119427581039098385e+01 5.089471033851357129e-01 -2.686844931282555748e+01 1.909063730510659029e+00 -1.119427581039098385e+01 1.909063730510659029e+00 1.505717481478900055e+00
3.943370732689472913e+00 4.645230515624213519e-01 -1.107314757028318830e+01 4.645230515624213519e-01 -2.676561010187490908e+01 1.944178666492384355e+00 -1.107314757028318830e+01 1.944178666492384355e+00 1.397867076539194064e+00
3.799436073222712373e+00 4.198246643023497704e-01 -1.092864595091255708e+01 4.198246643023497704e-01 -2.664821282371517341e+01 1.979494781794838953e+00 -1.092864595091255708e+01 1.979494781794838953e+00 1.285718749747557732e+00
3.644308527911776174e+00 3.751445660714353703e-01 -1.076117331092054386e+01 3.751445660714353703e-01 -2.651830584961194504e+01 2.015158388651278720e+00 -1.076117331092054386e+01 2.015158388651278720e+00 1.168211737412877094e+00
3.478097830931607959e+00 3.308119593945068049e-01 -1.057109543089029735e+01 3.308119593945068049e-01 -2.637784610568504107e+01 2.051334088324119342e+00 -1.057109543089029735e+01 2.051334088324119342e+00 1.044120674581622721e+00
2.175040265029800679e+01 1.171429221651344221e+01 1.949609522782764159e+01 1.171429221651344221e+01 2.214598685256932598e+00 -1.129555204040067018e+01 1.949609522782764159e+01 -1.129555204040067018e+01 -4.943370938045842600e+00
2.180630625329699157e+01 1.166937606941758432e+01 1.956459682586865512e+01 1.166937606941758432e+01 2.179757355218831183e+00 -1.121840721564758425e+01 1.956459682586865512e+01 -1.121840721564758425e+01 -4.910730678164231477e+00
2.186899201555866057e+01 1.161171876824513305e+01 1.959789919628514454e+01 1.161171876824513305e+01 2.170809915558302272e+00 -1.113351390814848330e+01 1.959789919628514454e+01 -1.113351390814848330e+01 -4.849673349920780474e+00
2.193756519311695641e+01 1.154160663106522655e+01 1.959546549269748184e+01 1.154160663106522655e+01 2.186986886464539204e+00 -1.104092580254132550e+01 1.959546549269748184e+01 -1.104092580254132550e+01 -4.762382128592655306e+00
