1.080311725640802578e+00 -9.403135103163894276e-04 1.810645995922693929e+00 -9.403135103163894276e-04 -2.279898603474815044e-01 -3.254931381864425359e-04 1.810645995922693929e+00 -3.254931381864425359e-04 3.117500945741260576e-01
1.162914650931673233e+00 2.037948704089559762e-02 1.868855018801702794e+00 2.037948704089559762e-02 -3.194353492257503979e-01 -2.327275938033064318e-01 1.868855018801702794e+00 -2.327275938033064318e-01 2.900143861241202825e-01
1.255897190740266955e+00 4.083130589027706564e-02 1.931874106945022485e+00 4.083130589027706564e-02 -3.987110113262706257e-01 -4.646957036175111133e-01 1.931874106945022485e+00 -4.646957036175111133e-01 2.820578871906739282e-01
1.359602921156892075e+00 6.025239646873480764e-02 1.999486264927195167e+00 6.025239646873480764e-02 -4.647861183781183958e-01 -6.965191498147440541e-01 1.999486264927195167e+00 -6.965191498147440541e-01 2.895623123210835370e-01
1.471988468591821864e+00 7.855234401566146829e-02 2.071365999610034425e+00 7.855234401566146829e-02 -5.184563202746386157e-01 -9.274565313580249715e-01 2.071365999610034425e+00 -9.274565313580249715e-01 3.104842879256232147e-01
1.591064708311695552e+00 9.560456786620676051e-02 2.147043154238382101e+00 9.560456786620676051e-02 -5.605172669091755822e-01 -1.157200438061289027e+00 2.147043154238382101e+00 -1.157200438061289027e+00 3.425996108933522244e-01
1.714589354253450493e+00 1.113548191640062884e-01 2.226047572057080259e+00 1.113548191640062884e-01 -5.922528478823535503e-01 -1.385316879073620999e+00 2.226047572057080259e+00 -1.385316879073620999e+00 3.832862531666575423e-01
1.840591364635846494e+00 1.257126831484526863e-01 2.307872930406727807e+00 1.257126831484526863e-01 -6.146033767044893903e-01 -1.611643107825927235e+00 2.307872930406727807e+00 -1.611643107825927235e+00 4.306274218206634363e-01
1.965182904752768023e+00 1.385696621068171763e-01 2.392085238436409078e+00 1.385696621068171763e-01 -6.305887063798679693e-01 -1.835962128892750789e+00 2.392085238436409078e+00 -1.835962128892750789e+00 4.792705630274151640e-01
2.088038481466028884e+00 1.501608344166788234e-01 2.478214339390966359e+00 1.501608344166788234e-01 -6.394493529193877590e-01 -2.057894200279540176e+00 2.478214339390966359e+00 -2.057894200279540176e+00 5.293603404038843552e-01
5.060616463700572609e+01 2.790981164819959393e+00 1.048313529646503106e+01 2.790981164819959393e+00 3.589802413591144870e+01 -6.612613757219577337e+00 1.048313529646503106e+01 -6.612613757219577337e+00 4.102531063749587048e+01
5.047979490067898922e+01 2.861236392139163254e+00 1.062252484050556234e+01 2.861236392139163254e+00 3.585318771199639798e+01 -6.461652966853276503e+00 1.062252484050556234e+01 -6.461652966853276503e+00 4.080473267661223247e+01
5.028079015760986437e+01 2.929749896837051448e+00 1.074299686260962616e+01 2.929749896837051448e+00 3.575682389013589102e+01 -6.294723511661844739e+00 1.074299686260962616e+01 -6.294723511661844739e+00 4.041672516196273079e+01
5.001616903261890457e+01 2.995987090782329165e+00 1.084472381056151313e+01 2.995987090782329165e+00 3.561519252489961218e+01 -6.111928860315856582e+00 1.084472381056151313e+01 -6.111928860315856582e+00 3.987325596977698439e+01
4.968025799360300709e+01 3.059240938059412773e+00 1.092763670524750452e+01 3.059240938059412773e+00 3.542041275254555899e+01 -5.914269209964183815e+00 1.092763670524750452e+01 -5.914269209964183815e+00 3.916563373172686369e+01
4.928002393104743817e+01 3.118907871423292288e+00 1.099199421834403623e+01 3.118907871423292288e+00 3.517827881862584150e+01 -5.702123945732263444e+00 1.099199421834403623e+01 -5.702123945732263444e+00 3.830448123132453730e+01
4.881507021504832977e+01 3.174505037077958836e+00 1.103798604241382186e+01 3.174505037077958836e+00 3.488596257947811097e+01 -5.476320816984680206e+00 1.103798604241382186e+01 -5.476320816984680206e+00 3.728957428645043848e+01
4.828684540699370586e+01 3.225446112556831668e+00 1.106595707302544618e+01 3.225446112556831668e+00 3.454270526485152004e+01 -5.237773796978165031e+00 1.106595707302544618e+01 -5.237773796978165031e+00 3.612417216022761579e+01
4.770154038233953031e+01 3.271472426183477555e+00 1.107626945052590806e+01 3.271472426183477555e+00 3.415269735590426592e+01 -4.987069208179298663e+00 1.107626945052590806e+01 -4.987069208179298663e+00 3.481450021766889336e+01
4.705460251958059814e+01 3.312170103275603239e+00 1.106961296605236456e+01 3.312170103275603239e+00 3.370800625455908062e+01 -4.725534898527103955e+00 1.106961296605236456e+01 -4.725534898527103955e+00 3.336014458409197658e+01
-1.029536191511815524e+01 5.899257319094127761e-01 8.919595632216332781e-01 5.899257319094127761e-01 -3.389028262598960062e+00 5.802317837727488659e+00 8.919595632216332781e-01 5.802317837727488659e+00 9.039493029383844913e+00
-1.026780514524157262e+01 5.847815591685991965e-01 8.640028929906392596e-01 5.847815591685991965e-01 -3.420438617708945195e+00 5.777851206953159569e+00 8.640028929906392596e-01 5.777851206953159569e+00 9.025914594622758358e+00
-1.023515873449068536e+01 5.781468487431682401e-01 8.414630548330108706e-01 5.781468487431682401e-01 -3.456338763161619365e+00 5.738624617643351300e+00 8.414630548330108706e-01 5.738624617643351300e+00 8.993250006583034306e+00
-1.019802253339710774e+01 5.701124870773038866e-01 8.241764531492168366e-01 5.701124870773038866e-01 -3.496783230823492961e+00 5.684801665397595016e+00 8.241764531492168366e-01 5.684801665397595016e+00 8.941971874774429452e+00
-1.015774166133476442e+01 5.608238924817006144e-01 8.121249106504203619e-01 5.608238924817006144e-01 -3.542371871226180247e+00 5.616491413948912381e+00 8.121249106504203619e-01 5.616491413948912381e+00 8.871025916444409631e+00
-1.011631562007570473e+01 5.500992920679903531e-01 8.051993636036006707e-01 5.500992920679903531e-01 -3.594340740010582902e+00 5.534130118229384721e+00 8.051993636036006707e-01 5.534130118229384721e+00 8.778485338976276253e+00
-1.007505317441617443e+01 5.383204089017458172e-01 8.033998120087577632e-01 5.383204089017458172e-01 -3.653398751441336412e+00 5.437917728416217678e+00 8.033998120087577632e-01 5.437917728416217678e+00 8.663005022996104643e+00
-1.003660820852634927e+01 5.252691155169254555e-01 8.065444829775236801e-01 5.252691155169254555e-01 -3.721509052712815624e+00 5.328272322152657559e+00 8.065444829775236801e-01 5.328272322152657559e+00 8.521531183979313084e+00
-1.000252579195735514e+01 5.114907305786332570e-01 8.146697310875720133e-01 5.114907305786332570e-01 -3.799471444533838227e+00 5.205339317749397843e+00 8.146697310875720133e-01 5.205339317749397843e+00 8.353227666639407190e+00
-9.976695864520266355e+00 4.964581127106020841e-01 8.275392515840243046e-01 4.964581127106020841e-01 -3.890939561960601534e+00 5.069809452182239440e+00 8.275392515840243046e-01 5.069809452182239440e+00 8.151350696817939223e+00
-1.441801767315525851e+01 -9.569711408041619904e+00 1.588872207073426424e+01 -9.569711408041619904e+00 -3.008767082012789196e+00 -1.159703953333985993e+01 1.588872207073426424e+01 -1.159703953333985993e+01 2.216085819975220161e+01
-1.475019253838943456e+01 -9.576345454102600740e+00 1.599879270894055594e+01 -9.576345454102600740e+00 -3.195938058275733074e+00 -1.152010277450114906e+01 1.599879270894055594e+01 -1.152010277450114906e+01 2.146461052178516127e+01
-1.510254217383645781e+01 -9.572219622716730214e+00 1.608250891758953216e+01 -9.572219622716730214e+00 -3.417751477805055949e+00 -1.141308561502977525e+01 1.608250891758953216e+01 -1.141308561502977525e+01 2.068322894861365313e+01
-1.546427035111214998e+01 -9.557206685603389928e+00 1.614036143433500925e+01 -9.557206685603389928e+00 -3.663756446121130939e+00 -1.127598805492573675e+01 1.614036143433500925e+01 -1.127598805492573675e+01 1.982989069501633139e+01
-1.583828514520215514e+01 -9.531397520105878485e+00 1.617204127620977161e+01 -9.531397520105878485e+00 -3.937297249457439197e+00 -1.111010055246391026e+01 1.617204127620977161e+01 -1.111010055246391026e+01 1.890385056677813225e+01
-1.622318704501963182e+01 -9.494955705442135852e+00 1.617762114508845883e+01 -9.494955705442135852e+00 -4.237337886100347895e+00 -1.091627735467132609e+01 1.617762114508845883e+01 -1.091627735467132609e+01 1.791023404606123393e+01
-1.661917598071983804e+01 -9.448371979265992593e+00 1.615726462018901444e+01 -9.448371979265992593e+00 -4.564550848390285687e+00 -1.069593614810348292e+01 1.615726462018901444e+01 -1.069593614810348292e+01 1.685114948723022366e+01
-1.702536135433843256e+01 -9.391918973607351617e+00 1.611133521088463993e+01 -9.391918973607351617e+00 -4.918118240237541627e+00 -1.045009475900534746e+01 1.611133521088463993e+01 -1.045009475900534746e+01 1.573097717823221942e+01
-1.744243383368449685e+01 -9.326341882681276729e+00 1.604041453217245916e+01 -9.326341882681276729e+00 -5.299403221791633811e+00 -1.018022540033840428e+01 1.604041453217245916e+01 -1.018022540033840428e+01 1.455195270171241795e+01
-1.786986633016688586e+01 -9.252149619610259279e+00 1.594486609342568606e+01 -9.252149619610259279e+00 -5.707515195088208593e+00 -9.887618530377524806e+00 1.594486609342568606e+01 -9.887618530377524806e+00 1.331691143078182016e+01
2.429388338049509244e+01 -1.871072329296589176e-01 -1.171009570403412781e+01 -1.871072329296589176e-01 4.637518436519033571e+01 -2.204172693108291270e+01 -1.171009570403412781e+01 -2.204172693108291270e+01 5.631683725981189070e+01
2.429561377199541283e+01 -5.480149881515118671e-02 -1.139687753856110675e+01 -5.480149881515118671e-02 4.616284802418599753e+01 -2.206335682483691940e+01 -1.139687753856110675e+01 -2.206335682483691940e+01 5.604066677636072313e+01
2.422196830974177217e+01 7.430301102376356270e-02 -1.104661169106622687e+01 7.430301102376356270e-02 4.583082050310450484e+01 -2.201381571618274080e+01 -1.104661169106622687e+01 -2.201381571618274080e+01 5.551310501574300815e+01
2.407265282717911248e+01 1.987354638118128680e-01 -1.065992110248959612e+01 1.987354638118128680e-01 4.538188773226134032e+01 -2.189388228129552516e+01 -1.065992110248959612e+01 -2.189388228129552516e+01 5.473775119227938291e+01
2.384759810864742491e+01 3.169904189437178776e-01 -1.023782670381640969e+01 3.169904189437178776e-01 4.482011613168228337e+01 -2.170488892163051986e+01 -1.023782670381640969e+01 -2.170488892163051986e+01 5.371984839221583030e+01
2.355119934855752106e+01 4.276662593042190319e-01 -9.781055259476801211e+00 4.276662593042190319e-01 4.415452104108398856e+01 -2.144868715609306165e+01 -9.781055259476801211e+00 -2.144868715609306165e+01 5.246948479799922183e+01
2.317217439432731041e+01 5.291191129680117289e-01 -9.293292503366449964e+00 5.291191129680117289e-01 4.338041309950060054e+01 -2.112870315985378866e+01 -9.293292503366449964e+00 -2.112870315985378866e+01 5.098638354698949371e+01
2.272376074093424947e+01 6.203280489499067851e-01 -8.774988337275441808e+00 6.203280489499067851e-01 4.251641131947555152e+01 -2.074798242195326381e+01 -8.774988337275441808e+00 -2.074798242195326381e+01 4.929129203327550357e+01
2.220903848524890378e+01 7.001856166896993638e-01 -8.229119034584325476e+00 7.001856166896993638e-01 4.157246545213570244e+01 -2.031072979373726994e+01 -8.229119034584325476e+00 -2.031072979373726994e+01 4.739779383013475922e+01
2.161388763262866064e+01 7.675843656271839066e-01 -7.660979593284086953e+00 7.675843656271839066e-01 4.054241530373990088e+01 -1.982345154724700720e+01 -7.660979593284086953e+00 -1.982345154724700720e+01 4.531473123813390202e+01
1.595377048786612484e+01 1.345471672010179276e+01 1.336085636327474546e+01 1.345471672010179276e+01 4.669848786666275231e+01 -2.229608371248449927e+01 1.336085636327474546e+01 -2.229608371248449927e+01 4.899413109118093956e+01
1.582344564361869743e+01 1.345607499613750946e+01 1.346847361841225066e+01 1.345607499613750946e+01 4.671886200719849569e+01 -2.220716887353108504e+01 1.346847361841225066e+01 -2.220716887353108504e+01 4.884113348541424671e+01
1.564303872400307149e+01 1.344184792535314976e+01 1.355982638871182466e+01 1.344184792535314976e+01 4.662900682329727431e+01 -2.205189006057620915e+01 1.355982638871182466e+01 -2.205189006057620915e+01 4.847412033504562601e+01
1.541524886729535204e+01 1.341217481811135137e+01 1.363434001892758296e+01 1.341217481811135137e+01 4.643008903924619091e+01 -2.182991641150860218e+01 1.363434001892758296e+01 -2.182991641150860218e+01 4.789848991662727684e+01
1.514005865970020359e+01 1.336752584688601786e+01 1.369098709513507650e+01 1.336752584688601786e+01 4.612193451709192971e+01 -2.154183999536947880e+01 1.369098709513507650e+01 -2.154183999536947880e+01 4.711537412685562032e+01
1.481755517019427693e+01 1.330851049451368517e+01 1.372894916895380746e+01 1.330851049451368517e+01 4.570550101557763867e+01 -2.118870563987862710e+01 1.372894916895380746e+01 -2.118870563987862710e+01 4.612715865569083462e+01
1.444806926088883792e+01 1.323605169214683031e+01 1.374742520579861349e+01 1.323605169214683031e+01 4.518291301773352586e+01 -2.077213282800169125e+01 1.374742520579861349e+01 -2.077213282800169125e+01 4.493878902100655637e+01
1.403172282835119056e+01 1.315136840545853048e+01 1.374571865385630431e+01 1.315136840545853048e+01 4.455754879985357064e+01 -2.029448983590352995e+01 1.374571865385630431e+01 -2.029448983590352995e+01 4.355597694767091355e+01
1.356865518294397788e+01 1.305581891048450061e+01 1.372346382342495374e+01 1.305581891048450061e+01 4.383353543143090292e+01 -1.975877183638083068e+01 1.372346382342495374e+01 -1.975877183638083068e+01 4.198643674701497019e+01
1.306529201514385363e+01 1.295083113844177802e+01 1.367996416269138038e+01 1.295083113844177802e+01 4.302187843111387622e+01 -1.916827003675092200e+01 1.367996416269138038e+01 -1.916827003675092200e+01 4.024281083444807194e+01
1.777852764086369319e+01 -6.667549758629379930e+00 2.797545158311944835e+00 -6.667549758629379930e+00 -3.055241543209014665e+01 -1.482127707407036965e+01 2.797545158311944835e+00 -1.482127707407036965e+01 -1.209301143721819116e+01
1.764839052708567735e+01 -6.633733882272035309e+00 2.795970623733313953e+00 -6.633733882272035309e+00 -3.057233512536399189e+01 -1.482891173592256528e+01 2.795970623733313953e+00 -1.482891173592256528e+01 -1.230346812304800430e+01
1.752511911641215292e+01 -6.588859646781050294e+00 2.791869510412228195e+00 -6.588859646781050294e+00 -3.055199433563307565e+01 -1.481245235701338991e+01 2.791869510412228195e+00 -1.481245235701338991e+01 -1.246353970236162745e+01
1.741074565696205667e+01 -6.533073520489319108e+00 2.785369978139972336e+00 -6.533073520489319108e+00 -3.049022131623421927e+01 -1.477213694838379077e+01 2.785369978139972336e+00 -1.477213694838379077e+01 -1.256581121580619786e+01
1.730741224810398649e+01 -6.466778291312306415e+00 2.776581878166217265e+00 -6.466778291312306415e+00 -3.038494720196528576e+01 -1.470761764774313995e+01 2.776581878166217265e+00 -1.470761764774313995e+01 -1.260850673484535633e+01
1.721240922567938014e+01 -6.390504906956759434e+00 2.765688295907083649e+00 -6.390504906956759434e+00 -3.024148146989374197e+01 -1.461942540279818736e+01 2.765688295907083649e+00 -1.461942540279818736e+01 -1.259779623800234205e+01
1.712670694239365687e+01 -6.304949092003933941e+00 2.752872316778691264e+00 -6.304949092003933941e+00 -3.006004382251892082e+01 -1.450704757438379744e+01 2.752872316778691264e+00 -1.450704757438379744e+01 -1.253153762590855358e+01
1.704876748075141890e+01 -6.210422091661233601e+00 2.738317026197159887e+00 -6.210422091661233601e+00 -2.984381994608133226e+01 -1.437088695041543396e+01 2.738317026197159887e+00 -1.437088695041543396e+01 -1.241494883292340745e+01
1.698020199241452133e+01 -6.108077344050214741e+00 2.722205509578609739e+00 -6.108077344050214741e+00 -2.959237043558227498e+01 -1.421026611485345192e+01 2.722205509578609739e+00 -1.421026611485345192e+01 -1.224348934072712858e+01
1.691844728155728106e+01 -5.997951466254099806e+00 2.704684235255935931e+00 -5.997951466254099806e+00 -2.931052874600731073e+01 -1.402536815311397511e+01 2.704684235255935931e+00 -1.402536815311397511e+01 -1.202677113366601169e+01
1.653459773621852236e+01 -6.621641098007647663e+00 -4.433959310932776177e+00 -6.621641098007647663e+00 -4.996743831525978230e+00 -2.040616711064417643e+01 -4.433959310932776177e+00 -2.040616711064417643e+01 1.775305545839645660e+01
1.639792815731227549e+01 -6.616672925651081449e+00 -4.473830239267235775e+00 -6.616672925651081449e+00 -4.963257991129919944e+00 -2.038534383228326519e+01 -4.473830239267235775e+00 -2.038534383228326519e+01 1.761086170228507797e+01
1.623259742524432525e+01 -6.599992780194019915e+00 -4.496016626289154772e+00 -6.599992780194019915e+00 -4.942524390970389980e+00 -2.032142121033813709e+01 -4.496016626289154772e+00 -2.032142121033813709e+01 1.740047664184278275e+01
1.604269486599769223e+01 -6.571672404197568262e+00 -4.500715764041575362e+00 -6.571672404197568262e+00 -4.931727135523991556e+00 -2.021427369532686313e+01 -4.500715764041575362e+00 -2.021427369532686313e+01 1.712993544391341061e+01
1.582786176676684953e+01 -6.532070510467254287e+00 -4.488214622768917472e+00 -6.532070510467254287e+00 -4.933484828271079259e+00 -2.006408064365220056e+01 -4.488214622768917472e+00 -2.006408064365220056e+01 1.679627872785135168e+01
1.558824161267400754e+01 -6.481689296930817079e+00 -4.458818108355879772e+00 -6.481689296930817079e+00 -4.949895939123994282e+00 -1.987109315427802869e+01 -4.458818108355879772e+00 -1.987109315427802869e+01 1.639904016700941369e+01
1.532503609161768843e+01 -6.420995090235445346e+00 -4.413028418730204905e+00 -6.420995090235445346e+00 -4.982090413420150909e+00 -1.963556232616820552e+01 -4.413028418730204905e+00 -1.963556232616820552e+01 1.593888338007783112e+01
1.503817346103678076e+01 -6.350741187272745947e+00 -4.351347751819629295e+00 -6.350741187272745947e+00 -5.032166721071889448e+00 -1.935775719392688643e+01 -4.351347751819629295e+00 -1.935775719392688643e+01 1.541471429299973828e+01
1.472932173547699541e+01 -6.271501528531564951e+00 -4.274224498631065572e+00 -6.271501528531564951e+00 -5.100806416409711552e+00 -1.903767775755406788e+01 -4.274224498631065572e+00 -1.903767775755406788e+01 1.482665845525707482e+01
1.439616721734267202e+01 -6.184370188068764485e+00 -4.182591312458884936e+00 -6.184370188068764485e+00 -5.192744508466590858e+00 -1.867609524958163547e+01 -4.182591312458884936e+00 -1.867609524958163547e+01 1.417263533257777119e+01
1.197026984359063029e+01 -8.064207626292404285e+00 -9.181252466285317881e-01 -8.064207626292404285e+00 4.921067416053370636e+01 1.087900604129550786e+01 -9.181252466285317881e-01 1.087900604129550786e+01 4.951177788035725769e+01
1.183885792354969979e+01 -8.067132146436380324e+00 -9.273688192264566421e-01 -8.067132146436380324e+00 4.908841877380070429e+01 1.073018626325471914e+01 -9.273688192264566421e-01 1.073018626325471914e+01 4.917794738749397965e+01
1.166068849692114995e+01 -8.060343081816434108e+00 -9.228253682884935971e-01 -8.060343081816434108e+00 4.884930443631464669e+01 1.054966677579618661e+01 -9.228253682884935971e-01 1.054966677579618661e+01 4.862489973883847227e+01
1.143581378727897935e+01 -8.044153773876566049e+00 -9.048430509746397954e-01 -8.044153773876566049e+00 4.849439302741353686e+01 1.033753461820991326e+01 -9.048430509746397954e-01 1.033753461820991326e+01 4.785900621041870551e+01
1.116849871983315268e+01 -8.018894971918772541e+00 -8.738570637348919146e-01 -8.018894971918772541e+00 4.802972507382331457e+01 1.009399868479189344e+01 -8.738570637348919146e-01 1.009399868479189344e+01 4.688575027750461999e+01
1.085639323375369081e+01 -7.985071503825047046e+00 -8.303896423092453905e-01 -7.985071503825047046e+00 4.745665838846797868e+01 9.820155670596120601e+00 -8.303896423092453905e-01 9.820155670596120601e+00 4.570908352386219065e+01
1.049939288189259656e+01 -7.943501538921386107e+00 -7.750152460116958020e-01 -7.943501538921386107e+00 4.677886602938549032e+01 9.517206717824585382e+00 -7.750152460116958020e-01 9.517206717824585382e+00 4.433598650054936030e+01
1.009847250429785603e+01 -7.895020654391779580e+00 -7.083779655882379567e-01 -7.895020654391779580e+00 4.600270186474580214e+01 9.186718533697272093e+00 -7.083779655882379567e-01 9.186718533697272093e+00 4.277620760804605027e+01
9.652483182341484280e+00 -7.840499243136222596e+00 -6.312089310748655313e-01 -7.840499243136222596e+00 4.513300527907287574e+01 8.830797469032168223e+00 -6.312089310748655313e-01 8.830797469032168223e+00 4.103777186889018935e+01
9.163148293965464930e+00 -7.781173263072706625e+00 -5.443437196555721558e-01 -7.781173263072706625e+00 4.417837575421864216e+01 8.451758768943250288e+00 -5.443437196555721558e-01 8.451758768943250288e+00 3.913505817378966611e+01
8.203869870491363514e+00 -8.596236826511038487e+00 1.407152792386951390e+01 -8.596236826511038487e+00 -3.439988504318190476e-01 -1.073736036028437013e+01 1.407152792386951390e+01 -1.073736036028437013e+01 2.133221973539768612e+01
8.228879807790503875e+00 -8.587977981458918109e+00 1.397911862934067351e+01 -8.587977981458918109e+00 -4.422431985300922519e-01 -1.052695730557609721e+01 1.397911862934067351e+01 -1.052695730557609721e+01 2.122347229087443665e+01
8.222793398067311799e+00 -8.566828156521095750e+00 1.386230983388611193e+01 -8.566828156521095750e+00 -5.617450956320853006e-01 -1.029529670186410506e+01 1.386230983388611193e+01 -1.029529670186410506e+01 2.103763032319073290e+01
8.188249880936265157e+00 -8.532913029774450209e+00 1.372115539953877672e+01 -8.532913029774450209e+00 -6.990573716290869877e-01 -1.004241445717036108e+01 1.372115539953877672e+01 -1.004241445717036108e+01 2.078165998860793096e+01
8.124028383650534479e+00 -8.486537819405693739e+00 1.355614008459520470e+01 -8.486537819405693739e+00 -8.542338885540458060e-01 -9.769046685945157904e+00 1.355614008459520470e+01 -9.769046685945157904e+00 2.045498675877458084e+01
8.031224100880072214e+00 -8.428205237722343313e+00 1.336778455537389831e+01 -8.428205237722343313e+00 -1.025551061352606208e+00 -9.475714054507003326e+00 1.336778455537389831e+01 -9.475714054507003326e+00 2.005978306901961261e+01
7.903678806857752370e+00 -8.358866847306494208e+00 1.315689674236908857e+01 -8.358866847306494208e+00 -1.217694886891297568e+00 -9.163457895492900462e+00 1.315689674236908857e+01 -9.163457895492900462e+00 1.958568945500590885e+01
7.743367442791691424e+00 -8.279115130520578347e+00 1.292446411618483282e+01 -8.279115130520578347e+00 -1.428097941599569376e+00 -8.832888645276270267e+00 1.292446411618483282e+01 -8.832888645276270267e+00 1.904205995645553884e+01
7.553001064340303827e+00 -8.189363029617203082e+00 1.267052258484310023e+01 -8.189363029617203082e+00 -1.654569836137511407e+00 -8.483342005450742462e+00 1.267052258484310023e+01 -8.483342005450742462e+00 1.842717098831415612e+01
7.327606410461334541e+00 -8.091046865474998739e+00 1.239658028526644529e+01 -8.091046865474998739e+00 -1.900288430449091237e+00 -8.116074756785122801e+00 1.239658028526644529e+01 -8.116074756785122801e+00 1.773753947245107554e+01
-6.013024627283789059e+00 -6.201499355235361222e+00 2.181457659499462576e+00 -6.201499355235361222e+00 2.587630208183176350e+01 1.987948880528755780e+01 2.181457659499462576e+00 1.987948880528755780e+01 4.348062024395856895e+01
-5.892186072099899086e+00 -6.198157541705708873e+00 2.167361605621730192e+00 -6.198157541705708873e+00 2.583083208710384326e+01 1.985920684125919422e+01 2.167361605621730192e+00 1.985920684125919422e+01 4.357060035080482407e+01
-5.803841320810706250e+00 -6.187972120681824784e+00 2.165655147649141909e+00 -6.187972120681824784e+00 2.568432555991560662e+01 1.977905664335920122e+01 2.165655147649141909e+00 1.977905664335920122e+01 4.347349222680223590e+01
-5.751741025835127807e+00 -6.171138623806399437e+00 2.176107202731243806e+00 -6.171138623806399437e+00 2.543582261765747887e+01 1.964015807463208674e+01 2.176107202731243806e+00 1.964015807463208674e+01 4.318346547387779566e+01
-5.737680523165157531e+00 -6.147852582722125092e+00 2.198308931978769198e+00 -6.147852582722125092e+00 2.508790072289221129e+01 1.944396873459610831e+01 2.198308931978769198e+00 1.944396873459610831e+01 4.270336418865247907e+01
-5.762708573429781822e+00 -6.118505060714386268e+00 2.231673740463641753e+00 -6.118505060714386268e+00 2.464383058673393734e+01 1.919217730561996760e+01 2.231673740463641753e+00 1.919217730561996760e+01 4.203720565760342964e+01
-5.830326970593582736e+00 -6.083540447880213975e+00 2.275455052822853208e+00 -6.083540447880213975e+00 2.410643853019975680e+01 1.888698796258492862e+01 2.275455052822853208e+00 1.888698796258492862e+01 4.118719405561189717e+01
-5.942615460310651798e+00 -6.043598665959324379e+00 2.328764088862348203e+00 -6.043598665959324379e+00 2.347951075691634770e+01 1.853085373882658260e+01 2.328764088862348203e+00 1.853085373882658260e+01 4.015743554717442265e+01
-6.102009300312702500e+00 -5.999266309879797809e+00 2.390534312349258617e+00 -5.999266309879797809e+00 2.276809553838594979e+01 1.812661873096590881e+01 2.390534312349258617e+00 1.812661873096590881e+01 3.895338724268251696e+01
-6.311014850746974325e+00 -5.951361057420165857e+00 2.459645860239073833e+00 -5.951361057420165857e+00 2.197695673644870595e+01 1.767741144528599406e+01 2.459645860239073833e+00 1.767741144528599406e+01 3.758223048610415162e+01
-2.113965140261464981e+01 -7.687282317873035176e+00 -1.138914765353919378e+01 -7.687282317873035176e+00 1.300225691095281455e+01 -1.315744025305392739e+01 -1.138914765353919378e+01 -1.315744025305392739e+01 -2.244431456174314121e+01
-2.106595577728162638e+01 -7.677533057931982263e+00 -1.132607927028074890e+01 -7.677533057931982263e+00 1.306662397611710347e+01 -1.311676041420045280e+01 -1.132607927028074890e+01 -1.311676041420045280e+01 -2.226339536835298105e+01
-2.093164280214625705e+01 -7.665716881718247500e+00 -1.124354894972909591e+01 -7.665716881718247500e+00 1.315654397962595112e+01 -1.305071054994690272e+01 -1.124354894972909591e+01 -1.305071054994690272e+01 -2.198681270499714202e+01
-2.074620565902731784e+01 -7.652236197709699539e+00 -1.114168473094537326e+01 -7.652236197709699539e+00 1.326385900415532859e+01 -1.296005889466011496e+01 -1.114168473094537326e+01 -1.296005889466011496e+01 -2.163245545764626243e+01
-2.050871149190793474e+01 -7.637273918850824295e+00 -1.102045003134068502e+01 -7.637273918850824295e+00 1.338984944031662749e+01 -1.284528102199574739e+01 -1.102045003134068502e+01 -1.284528102199574739e+01 -2.119677511517733137e+01
-2.022076993469957173e+01 -7.620848336436066184e+00 -1.087991801609282483e+01 -7.620848336436066184e+00 1.353319831490955849e+01 -1.270687079690391386e+01 -1.087991801609282483e+01 -1.270687079690391386e+01 -2.068313727576887118e+01
-1.988417353425819201e+01 -7.603069198232119241e+00 -1.072007039390734384e+01 -7.603069198232119241e+00 1.369284473285610737e+01 -1.254543183210141244e+01 -1.072007039390734384e+01 -1.254543183210141244e+01 -2.009446854653264936e+01
-1.950148307180657525e+01 -7.584064543300123695e+00 -1.054088887348979142e+01 -7.584064543300123695e+00 1.386706931247811347e+01 -1.236151286642169822e+01 -1.054088887348979142e+01 -1.236151286642169822e+01 -1.943455522541950131e+01
-1.907509470691748632e+01 -7.563944119406768252e+00 -1.034239174613461998e+01 -7.563944119406768252e+00 1.405426241986410929e+01 -1.215558947352043262e+01 -1.034239174613461998e+01 -1.215558947352043262e+01 -1.870707386261357286e+01
-1.860789846411378434e+01 -7.542653052668709890e+00 -1.012441439019178979e+01 -7.542653052668709890e+00 1.425277783851372959e+01 -1.192813722705327883e+01 -1.012441439019178979e+01 -1.192813722705327883e+01 -1.791599366901019863e+01
-3.004706741455346020e+01 8.134539153489601659e+00 1.559211537452393515e+01 8.134539153489601659e+00 5.356722341887130590e+00 -9.997437912805102300e+00 1.559211537452393515e+01 -9.997437912805102300e+00 -2.398179632096885072e+01
-2.996824131977600558e+01 8.122576785944920275e+00 1.553571871889275968e+01 8.122576785944920275e+00 5.400547435330145696e+00 -9.999302417623022521e+00 1.553571871889275968e+01 -9.999302417623022521e+00 -2.380736358805265596e+01
-2.982991721481875302e+01 8.107088473645557514e+00 1.546519982379911262e+01 8.107088473645557514e+00 5.471066330423792756e+00 -9.984460220854620260e+00 1.546519982379911262e+01 -9.984460220854620260e+00 -2.352953390973867798e+01
-2.963720864259818200e+01 8.088351123247639052e+00 1.538061407057421981e+01 8.088351123247639052e+00 5.563903902001267276e+00 -9.953908186461953633e+00 1.538061407057421981e+01 -9.953908186461953633e+00 -2.315606067239847476e+01
-2.939002330089558512e+01 8.066697022738516409e+00 1.528185069655562955e+01 8.066697022738516409e+00 5.679853949143464753e+00 -9.908218588201018306e+00 1.528185069655562955e+01 -9.908218588201018306e+00 -2.268685157381333894e+01
-2.909072412650990103e+01 8.042495380993026188e+00 1.516887278085586210e+01 8.042495380993026188e+00 5.817144269251175004e+00 -9.847926778940323089e+00 1.516887278085586210e+01 -9.847926778940323089e+00 -2.212679863157483950e+01
-2.874089871760293846e+01 8.016041565111036604e+00 1.504138495637504214e+01 8.016041565111036604e+00 5.974907221468533258e+00 -9.773641953323350506e+00 1.504138495637504214e+01 -9.773641953323350506e+00 -2.147813555937573682e+01
-2.834207929100525192e+01 7.987760165298610993e+00 1.489918415823201414e+01 7.987760165298610993e+00 6.152238244052191440e+00 -9.685714859781194619e+00 1.489918415823201414e+01 -9.685714859781194619e+00 -2.074468366907058581e+01
-2.789738566170921885e+01 7.957983469543099986e+00 1.474177195444575084e+01 7.957983469543099986e+00 6.346792860646941925e+00 -9.584403944526236785e+00 1.474177195444575084e+01 -9.584403944526236785e+00 -1.993146420135714436e+01
-2.740916230607003001e+01 7.927117607606822602e+00 1.456852068992903071e+01 7.927117607606822602e+00 6.556946552203506862e+00 -9.469801509777189708e+00 1.456852068992903071e+01 -9.469801509777189708e+00 -1.904257537474610018e+01
1.699154871864053362e+01 9.266764228698534112e-01 2.998882522908762560e+00 9.266764228698534112e-01 2.844292817555232133e+01 1.323165657605122547e+01 2.998882522908762560e+00 1.323165657605122547e+01 -1.843796378277142267e+01
1.693497913203988503e+01 9.281365129237575395e-01 2.926287557667704320e+00 9.281365129237575395e-01 2.834556509732369634e+01 1.306898117687479477e+01 2.926287557667704320e+00 1.306898117687479477e+01 -1.865647872352155190e+01
1.691776075298957949e+01 9.289733938083122311e-01 2.849383546170002557e+00 9.289733938083122311e-01 2.827578347633284395e+01 1.288525911375062449e+01 2.849383546170002557e+00 1.288525911375062449e+01 -1.879385183042240115e+01
1.694062362651656528e+01 9.292226774760520280e-01 2.768384160130862526e+00 9.292226774760520280e-01 2.823463386517952500e+01 1.268061502851258737e+01 2.768384160130862526e+00 1.268061502851258737e+01 -1.884832031182352807e+01
1.700246378209228126e+01 9.288843639269767083e-01 2.683538683218024357e+00 9.288843639269767083e-01 2.822161769652825924e+01 1.245520917494708257e+01 2.683538683218024357e+00 1.245520917494708257e+01 -1.882098813825349737e+01
1.710212383125936597e+01 9.279406471848192783e-01 2.595292264838165330e+00 9.279406471848192783e-01 2.823607614925716192e+01 1.220904155305411543e+01 2.595292264838165330e+00 1.220904155305411543e+01 -1.871356468343394752e+01
1.723871347520445951e+01 9.264805571309151500e-01 2.504018830492895642e+00 9.264805571309151500e-01 2.827767090981716080e+01 1.194207655088114883e+01 2.504018830492895642e+00 1.194207655088114883e+01 -1.852777712706279090e+01
1.741020283263311796e+01 9.245753176703330745e-01 2.410252559470228650e+00 9.245753176703330745e-01 2.834508433596448640e+01 1.165406488476044267e+01 2.410252559470228650e+00 1.165406488476044267e+01 -1.826626075362756296e+01
1.761402784296286939e+01 9.221893168505386207e-01 2.314420795200575753e+00 9.221893168505386207e-01 2.843646460616735538e+01 1.134434773357011572e+01 2.314420795200575753e+00 1.134434773357011572e+01 -1.793202477311740850e+01
1.785066926755292371e+01 9.197142861494086441e-01 2.217289194663422780e+00 9.197142861494086441e-01 2.855286227302553570e+01 1.101313876902537103e+01 2.217289194663422780e+00 1.101313876902537103e+01 -1.752652927558622764e+01
-2.297422777122102389e+01 7.766083849757287716e+00 2.026122934052207825e+01 7.766083849757287716e+00 -4.722819121004333454e+01 1.222614893546637482e+01 2.026122934052207825e+01 1.222614893546637482e+01 -5.200493929737925214e+01
-2.289807436592885992e+01 7.752736983531821835e+00 2.025957051571976919e+01 7.752736983531821835e+00 -4.716429785472684699e+01 1.212217684756998715e+01 2.025957051571976919e+01 1.212217684756998715e+01 -5.179838700906427817e+01
-2.275886655119723656e+01 7.732335345158607431e+00 2.023238104252332192e+01 7.732335345158607431e+00 -4.702099064536884043e+01 1.200024369112446898e+01 2.023238104252332192e+01 1.200024369112446898e+01 -5.139967798100607865e+01
-2.255843475439422363e+01 7.704878934637646282e+00 2.017964185398097143e+01 7.704878934637646282e+00 -4.680017627714435235e+01 1.186038760003332548e+01 2.017964185398097143e+01 1.186038760003332548e+01 -5.081132905083573803e+01
-2.229817086299761542e+01 7.670291484161936069e+00 2.010110507971997507e+01 7.670291484161936069e+00 -4.650292249935145605e+01 1.170255137344130070e+01 2.010110507971997507e+01 1.170255137344130070e+01 -5.003700107328938174e+01
-2.197960023314746536e+01 7.628611127634977507e+00 1.999665631802982091e+01 7.628611127634977507e+00 -4.613050679775741969e+01 1.152704008257640922e+01 1.999665631802982091e+01 1.152704008257640922e+01 -4.908085064384867735e+01
-2.160514436771611102e+01 7.579666262491014272e+00 1.986616210024825335e+01 7.579666262491014272e+00 -4.568552227780034514e+01 1.133385372743864750e+01 1.986616210024825335e+01 1.133385372743864750e+01 -4.794859784803880132e+01
-2.117676716273386717e+01 7.523723826054555808e+00 1.970956522552002355e+01 7.523723826054555808e+00 -4.516937989390978458e+01 1.112388845476030141e+01 1.970956522552002355e+01 1.112388845476030141e+01 -4.664687798506899696e+01
-2.069709985754233372e+01 7.460612215759847565e+00 1.952694196165213114e+01 7.460612215759847565e+00 -4.458549263044909594e+01 1.089708706368611324e+01 1.952694196165213114e+01 1.089708706368611324e+01 -4.518242168890724031e+01
-2.017066131970641152e+01 7.390579301979646409e+00 1.931865458072784136e+01 7.390579301979646409e+00 -4.393752134215442595e+01 1.065484144169388614e+01 1.931865458072784136e+01 1.065484144169388614e+01 -4.356781314770898916e+01
2.085998373427593933e+01 8.962694424823823836e-01 2.409099629014535537e+01 8.962694424823823836e-01 2.012734869315314512e+01 -1.078176528285971436e+01 2.409099629014535537e+01 -1.078176528285971436e+01 3.103701395251187023e+01
2.084179038131288308e+01 9.499680404721805305e-01 2.412976294049977710e+01 9.499680404721805305e-01 2.022854040440115497e+01 -1.081679453900079402e+01 2.412976294049977710e+01 -1.081679453900079402e+01 3.113432723580264039e+01
2.078384314178810399e+01 1.002097638061094864e+00 2.412495016398920100e+01 1.002097638061094864e+00 2.028960801550971382e+01 -1.082419881055552580e+01 2.412495016398920100e+01 -1.082419881055552580e+01 3.111731504044474406e+01
2.068513715027632571e+01 1.051970695747614482e+00 2.407669899435752825e+01 1.051970695747614482e+00 2.030806580674258299e+01 -1.080381943456202443e+01 2.407669899435752825e+01 -1.080381943456202443e+01 3.098109407305565455e+01
2.054606024957326937e+01 1.099287516825952826e+00 2.398515046534865647e+01 1.099287516825952826e+00 2.028329675547020017e+01 -1.075592084929009928e+01 2.398515046534865647e+01 -1.075592084929009928e+01 3.072645764844479999e+01
2.036596015861339382e+01 1.143448707884535898e+00 2.385033983539856095e+01 1.143448707884535898e+00 2.021399629956150079e+01 -1.068060883004767803e+01 2.385033983539856095e+01 -1.068060883004767803e+01 3.035183676621131355e+01
2.014508368644852609e+01 1.184172201435564675e+00 2.367251391355907231e+01 1.184172201435564675e+00 2.009912431515522613e+01 -1.057804203979664415e+01 2.367251391355907231e+01 -1.057804203979664415e+01 2.985756638149694098e+01
1.988397733883628504e+01 1.221123042337277420e+00 2.345174321670213047e+01 1.221123042337277420e+00 1.993906864504709020e+01 -1.044855543367876471e+01 2.345174321670213047e+01 -1.044855543367876471e+01 2.924380515726357643e+01
1.958034931743828722e+01 1.254072050755836942e+00 2.318846847527742483e+01 1.254072050755836942e+00 1.973023292876765922e+01 -1.029248396683579436e+01 2.318846847527742483e+01 -1.029248396683579436e+01 2.850977740791978121e+01
1.923467561114020441e+01 1.282825305293381568e+00 2.288314804895263421e+01 1.282825305293381568e+00 1.947291686302271785e+01 -1.011040940346132544e+01 2.288314804895263421e+01 -1.011040940346132544e+01 2.765490136927194698e+01
3.938144234813466937e+01 -3.160732198731392106e+00 2.014197178699662416e+01 -3.160732198731392106e+00 2.050527954649573914e+01 -1.620253624822215954e+01 2.014197178699662416e+01 -1.620253624822215954e+01 4.712482235555189902e+01
3.916434295884840822e+01 -3.256455986285528681e+00 2.006878046936921223e+01 -3.256455986285528681e+00 2.043993015575697925e+01 -1.619887668234079214e+01 2.006878046936921223e+01 -1.619887668234079214e+01 4.676574923657265259e+01
3.886460708665995867e+01 -3.337524083809986220e+00 1.995449745484526716e+01 -3.337524083809986220e+00 2.031383197138746510e+01 -1.614849665870725204e+01 1.995449745484526716e+01 -1.614849665870725204e+01 4.621113331399884316e+01
3.848321061580435298e+01 -3.403239431136884097e+00 1.979964553855070264e+01 -3.403239431136884097e+00 2.012588712362279253e+01 -1.605158786886772049e+01 1.979964553855070264e+01 -1.605158786886772049e+01 4.546874680870232055e+01
3.802940702001020412e+01 -3.453044380131918167e+00 1.960427699999809903e+01 -3.453044380131918167e+00 1.988400724536839093e+01 -1.590818516583058262e+01 1.960427699999809903e+01 -1.590818516583058262e+01 4.454705900172284316e+01
3.749680077223720076e+01 -3.486729812744724821e+00 1.937022162212815601e+01 -3.486729812744724821e+00 1.957745761003891261e+01 -1.571971752293999991e+01 1.937022162212815601e+01 -1.571971752293999991e+01 4.344354304995184179e+01
3.689612659907071190e+01 -3.504243449462713045e+00 1.909815903860454966e+01 -3.504243449462713045e+00 1.921547426485876997e+01 -1.548695170638063168e+01 1.909815903860454966e+01 -1.548695170638063168e+01 4.216931706306699112e+01
3.622741935351911735e+01 -3.505933820369821596e+00 1.879030241546029600e+01 -3.505933820369821596e+00 1.879387484882067838e+01 -1.521185691112674654e+01 1.879030241546029600e+01 -1.521185691112674654e+01 4.072852854906718534e+01
3.549538419171562253e+01 -3.492376000104553402e+00 1.844863837417385710e+01 -3.492376000104553402e+00 1.831426260031076936e+01 -1.489636747914420489e+01 1.844863837417385710e+01 -1.489636747914420489e+01 3.912996046606772182e+01
3.470516193239833314e+01 -3.464389034364167230e+00 1.807572861086219262e+01 -3.464389034364167230e+00 1.777825818421935367e+01 -1.454299282703738250e+01 1.807572861086219262e+01 -1.454299282703738250e+01 3.738328452389792744e+01
4.536814279726205257e+01 -6.967121235708411575e+00 -8.315949948805592129e+00 -6.967121235708411575e+00 2.619422089428295308e+01 1.315731824634311931e+00 -8.315949948805592129e+00 1.315731824634311931e+00 2.528483951096563231e+01
4.518348234491296012e+01 -7.011302623619675600e+00 -8.368588270361943415e+00 -7.011302623619675600e+00 2.613493535327717154e+01 1.222322730381587563e+00 -8.368588270361943415e+00 1.222322730381587563e+00 2.495942157661015770e+01
4.495258717508446011e+01 -7.043860078043453932e+00 -8.394776922904854999e+00 -7.043860078043453932e+00 2.604820828066994665e+01 1.120247889307355083e+00 -8.394776922904854999e+00 1.120247889307355083e+00 2.453074552651405682e+01
4.468347919397075430e+01 -7.064445577019045963e+00 -8.394724719610749730e+00 -7.064445577019045963e+00 2.594141774202818596e+01 1.009385493725368121e+00 -8.394724719610749730e+00 1.009385493725368121e+00 2.401478556867360581e+01
