-4.840444623874829433e-01 1.084977127288141741e-04 2.427202331456301820e+00 1.084977127288141741e-04 -2.647904762098831632e+00 -3.978249466723186791e-04 2.427202331456301820e+00 -3.978249466723186791e-04 -8.913087100672084651e-01
-5.697395724911247239e-01 -1.438318011741646640e-01 2.507364058210773905e+00 -1.438318011741646640e-01 -2.784666128993501744e+00 2.078454516841650168e-01 2.507364058210773905e+00 2.078454516841650168e-01 -1.195680960175775187e+00
-6.441870863752127141e-01 -2.859638048489112072e-01 2.587760863342825512e+00 -2.859638048489112072e-01 -2.909999070147403444e+00 4.131050412149599449e-01 2.587760863342825512e+00 4.131050412149599449e-01 -1.481337354838621279e+00
-7.067902666197384276e-01 -4.253291168490730412e-01 2.668446995708820157e+00 -4.253291168490730412e-01 -3.022890940241734992e+00 6.153086118372267377e-01 2.668446995708820157e+00 6.153086118372267377e-01 -1.746560013604207651e+00
-7.580373529319817116e-01 -5.611320872813053695e-01 2.749368206452394325e+00 -5.611320872813053695e-01 -3.123558734701952666e+00 8.144019146946006593e-01 2.749368206452394325e+00 8.144019146946006593e-01 -1.991493600089505600e+00
-7.987601611095299647e-01 -6.923600708268061732e-01 2.830578744429911531e+00 -6.923600708268061732e-01 -3.212526859139580360e+00 1.010240286170110302e+00 2.830578744429911531e+00 1.010240286170110302e+00 -2.217060344852710418e+00
-8.300979171360357567e-01 -8.181993346401091882e-01 2.912132858497737065e+00 -8.181993346401091882e-01 -3.290681378208569541e+00 1.202877975120119736e+00 2.912132858497737065e+00 1.202877975120119736e+00 -2.424960045393239838e+00
-8.534610912769737823e-01 -9.378361458757483726e-01 2.994193295224963247e+00 -9.378361458757483726e-01 -3.359125351988329733e+00 1.392423479257358210e+00 2.994193295224963247e+00 1.392423479257358210e+00 -2.617145660540212582e+00
-8.703686515105473198e-01 -1.050619518257350560e+00 3.076958967084927110e+00 -1.050619518257350560e+00 -3.419142670079485580e+00 1.579111876959404581e+00 3.076958967084927110e+00 1.579111876959404581e+00 -2.796004139973662816e+00
-8.826650589531462865e-01 -1.155645304178842592e+00 3.160881947880664899e+00 -1.155645304178842592e+00 -3.472125719795389642e+00 1.763612237454752929e+00 3.160881947880664899e+00 1.763612237454752929e+00 -2.964103262894838942e+00
-2.551743893533521756e+01 -6.429265612886747583e+00 1.166671618708420333e+01 -6.429265612886747583e+00 -3.331440124302886119e+01 -1.608891041644731601e+01 1.166671618708420333e+01 -1.608891041644731601e+01 -3.535911720820735837e+01
-2.547973791502719720e+01 -6.394725157155447981e+00 1.148270736491217825e+01 -6.394725157155447981e+00 -3.327575957850157806e+01 -1.609615337693563220e+01 1.148270736491217825e+01 -1.609615337693563220e+01 -3.525425419064403343e+01
-2.539242731859530267e+01 -6.354315081495954587e+00 1.128626322616150901e+01 -6.354315081495954587e+00 -3.318399032847037944e+01 -1.608021886386133303e+01 1.128626322616150901e+01 -1.608021886386133303e+01 -3.501326114166911907e+01
-2.525563883623022576e+01 -6.307997760139495647e+00 1.107713920333519120e+01 -6.307997760139495647e+00 -3.303930043466350241e+01 -1.604105043857126844e+01 1.107713920333519120e+01 -1.604105043857126844e+01 -3.463907287124671086e+01
-2.507016260907615290e+01 -6.255829631739226571e+00 1.085542936085514398e+01 -6.255829631739226571e+00 -3.284238597380320357e+01 -1.597851641087473062e+01 1.085542936085514398e+01 -1.597851641087473062e+01 -3.413360829358410342e+01
-2.483707097154303867e+01 -6.197885947832689979e+00 1.062128420179645616e+01 -6.197885947832689979e+00 -3.259439453183698276e+01 -1.589242865192787590e+01 1.062128420179645616e+01 -1.589242865192787590e+01 -3.349959527691715522e+01
-2.455800064457239884e+01 -6.134279585726195805e+00 1.037481660346543677e+01 -6.134279585726195805e+00 -3.229666182355618531e+01 -1.578254259423369277e+01 1.037481660346543677e+01 -1.578254259423369277e+01 -3.274066470793221839e+01
-2.423464478775890640e+01 -6.065161048494826623e+00 1.011617706893716750e+01 -6.065161048494826623e+00 -3.195086219567110319e+01 -1.564857604452640238e+01 1.011617706893716750e+01 -1.564857604452640238e+01 -3.186089898254089192e+01
-2.386911044415370853e+01 -5.990624400560509599e+00 9.845572539939885459e+00 -5.990624400560509599e+00 -3.155902743969534185e+01 -1.549030324819338489e+01 9.845572539939885459e+00 -1.549030324819338489e+01 -3.086492607030193724e+01
-2.346350465680794883e+01 -5.910914209420250032e+00 9.563059455126747821e+00 -5.910914209420250032e+00 -3.112300121829865063e+01 -1.530734794754693517e+01 9.563059455126747821e+00 -1.530734794754693517e+01 -2.975780663711499230e+01
3.271695723205144191e+01 9.983293608433717381e+00 1.971788911921277077e+01 9.983293608433717381e+00 4.023944587212440638e+01 -1.401778145460929714e+00 1.971788911921277077e+01 -1.401778145460929714e+00 2.565585326111559539e+01
3.284566894890975419e+01 1.003463952243649437e+01 1.980309558190927177e+01 1.003463952243649437e+01 4.018471737257076626e+01 -1.311836062993228413e+00 1.980309558190927177e+01 -1.311836062993228413e+00 2.573597717218952141e+01
3.294712916884294174e+01 1.007240305445813000e+01 1.985400783109783518e+01 1.007240305445813000e+01 4.009363041499354807e+01 -1.222882736301932338e+00 1.985400783109783518e+01 -1.222882736301932338e+00 2.572392129035441144e+01
3.301949915303875116e+01 1.009646277835064687e+01 1.987062586677846099e+01 1.009646277835064687e+01 3.996632377213328624e+01 -1.135334483608684941e+00 1.987062586677846099e+01 -1.135334483608684941e+00 2.561694485398443533e+01
3.306106158883289226e+01 1.010687073389175161e+01 1.985298438213629169e+01 1.010687073389175161e+01 3.980323110880419790e+01 -1.049659662912836522e+00 1.985298438213629169e+01 -1.049659662912836522e+00 2.541424991982145087e+01
3.306961345896915816e+01 1.010378304041455699e+01 1.980120480331930111e+01 1.010378304041455699e+01 3.960462997048737321e+01 -9.662225526583249069e-01 1.980120480331930111e+01 -9.662225526583249069e-01 2.511489977186674949e+01
3.304307317233934782e+01 1.008754662977043637e+01 1.971568610195657101e+01 1.008754662977043637e+01 3.937076320947878116e+01 -8.851966187708356637e-01 1.971568610195657101e+01 -8.851966187708356637e-01 2.471797504071420803e+01
3.297928975146495389e+01 1.005859516677359977e+01 1.959682724967716894e+01 1.005859516677359977e+01 3.910183898488924115e+01 -8.066859408057798220e-01 1.959682724967716894e+01 -8.066859408057798220e-01 2.422262574332796703e+01
3.287592140634923510e+01 1.001748374238624173e+01 1.944513129766559345e+01 1.001748374238624173e+01 3.879787464331132441e+01 -7.306037858003147090e-01 1.944513129766559345e+01 -7.306037858003147090e-01 2.362777639096877635e+01
3.273088654588395485e+01 9.964854180533395223e+00 1.926110129710631824e+01 9.964854180533395223e+00 3.845906099726327199e+01 -6.567246480510496864e-01 1.926110129710631824e+01 -6.567246480510496864e-01 2.293245557445279914e+01
6.413037628183873551e+01 -9.098509890208964279e+00 3.487658652696140837e+00 -9.098509890208964279e+00 5.653898906180457118e+01 2.612932582723715669e+01 3.487658652696140837e+00 2.612932582723715669e+01 7.823980237893812273e+01
6.400188607406310837e+01 -8.947777433555589965e+00 3.849322330363397437e+00 -8.947777433555589965e+00 5.649075265671190493e+01 2.602758688702251533e+01 3.849322330363397437e+00 2.602758688702251533e+01 7.798297338565609493e+01
6.373109258262030608e+01 -8.786765087292302212e+00 4.216857827136807124e+00 -8.786765087292302212e+00 5.630065041006311333e+01 2.583953725335639362e+01 4.216857827136807124e+00 2.583953725335639362e+01 7.737541676748330133e+01
6.332003159579642215e+01 -8.617979731209407745e+00 4.587573191563692809e+00 -8.617979731209407745e+00 5.596913658866585450e+01 2.556682574650355733e+01 4.587573191563692809e+00 2.556682574650355733e+01 7.641994224874849806e+01
6.277218582578333894e+01 -8.444079667366423791e+00 4.958608225225583865e+00 -8.444079667366423791e+00 5.549765811642592439e+01 2.521190877216457693e+01 4.958608225225583865e+00 2.521190877216457693e+01 7.512353207853205106e+01
6.209231666171298514e+01 -8.267941918878403129e+00 5.326783060469003850e+00 -8.267941918878403129e+00 5.488894059418915816e+01 2.477836999071082147e+01 5.326783060469003850e+00 2.477836999071082147e+01 7.349618012660202737e+01
6.128500042105493151e+01 -8.092695879309081519e+00 5.688816881461003838e+00 -8.092695879309081519e+00 5.414577692158772493e+01 2.427102126536396298e+01 5.688816881461003838e+00 2.427102126536396298e+01 7.154904116679047377e+01
6.036113950719251164e+01 -7.921067149504295024e+00 6.042000912052325035e+00 -7.921067149504295024e+00 5.327703371371888608e+01 2.369524649902934854e+01 6.042000912052325035e+00 2.369524649902934854e+01 6.930497996174855757e+01
5.932990337976139017e+01 -7.756185123027782069e+00 6.383121635196333798e+00 -7.756185123027782069e+00 5.229053445449196147e+01 2.305836443471894981e+01 6.383121635196333798e+00 2.305836443471894981e+01 6.678625558505061122e+01
5.820367501544391331e+01 -7.600775400725378717e+00 6.709386151260878783e+00 -7.600775400725378717e+00 5.119740026834583801e+01 2.236866964784633183e+01 6.709386151260878783e+00 2.236866964784633183e+01 6.402180651481293694e+01
1.730949462965302743e+01 -9.718171359877404214e+00 3.601163303983384356e+00 -9.718171359877404214e+00 -2.796280390143159167e+01 1.318636336143161181e+01 3.601163303983384356e+00 1.318636336143161181e+01 -6.554679433563292967e+00
1.715129268799133300e+01 -9.657665224319075037e+00 3.585758759076247859e+00 -9.657665224319075037e+00 -2.797992208802070380e+01 1.321700837916995042e+01 3.585758759076247859e+00 1.321700837916995042e+01 -6.800860468386930258e+00
1.699360119278809833e+01 -9.587132461898114855e+00 3.571940244236472939e+00 -9.587132461898114855e+00 -2.796305912466082333e+01 1.322588650150104606e+01 3.571940244236472939e+00 1.322588650150104606e+01 -7.016232413396294554e+00
1.683771449042014012e+01 -9.507119979534301990e+00 3.559616608310764097e+00 -9.507119979534301990e+00 -2.791197801835336989e+01 1.321248728196643540e+01 3.559616608310764097e+00 1.321248728196643540e+01 -7.199172778062703948e+00
1.668405187619261909e+01 -9.418174684147414766e+00 3.548623779223186059e+00 -9.418174684147414766e+00 -2.782751735970867912e+01 1.317624558341567997e+01 3.548623779223186059e+00 1.317624558341567997e+01 -7.348770050853192792e+00
1.653286857333476689e+01 -9.320861712887893447e+00 3.538815915128464162e+00 -9.320861712887893447e+00 -2.771102618579553933e+01 1.311657803846768289e+01 3.538815915128464162e+00 1.311657803846768289e+01 -7.464769008538530315e+00
1.638425573299988258e+01 -9.215892044751452516e+00 3.530047174181325076e+00 -9.215892044751452516e+00 -2.756419990806526954e+01 1.303290127974134371e+01 3.530047174181325076e+00 1.303290127974134371e+01 -7.547443104578607453e+00
1.623808574357335033e+01 -9.103903737811167574e+00 3.522208174997811803e+00 -9.103903737811167574e+00 -2.738893447050644170e+01 1.292454078870226652e+01 3.522208174997811803e+00 1.292454078870226652e+01 -7.597357476123861808e+00
1.609419453297923042e+01 -8.985589540832094713e+00 3.515189536193968678e+00 -8.985589540832094713e+00 -2.718732634964487360e+01 1.279078558635473861e+01 3.515189536193968678e+00 1.279078558635473861e+01 -7.615405404476601525e+00
1.595225395706565941e+01 -8.861532821195330811e+00 3.508772495001883485e+00 -8.861532821195330811e+00 -2.696163609408232276e+01 1.263092469370304372e+01 3.508772495001883485e+00 1.263092469370304372e+01 -7.602826545321661911e+00
-1.686453349579851846e+01 7.911064650380935648e-01 -1.881729963354841573e+01 7.911064650380935648e-01 -3.862754873077339113e+01 1.505872124610150031e+01 -1.881729963354841573e+01 1.505872124610150031e+01 -4.002783218331770598e+01
-1.680731267924766570e+01 7.330394648708137284e-01 -1.886916128719522945e+01 7.330394648708137284e-01 -3.861919971909130567e+01 1.521257623164835415e+01 -1.886916128719522945e+01 1.521257623164835415e+01 -3.993142366328608261e+01
-1.670272438425724815e+01 6.786016522139888263e-01 -1.888802177980137387e+01 6.786016522139888263e-01 -3.854964342582098169e+01 1.534557749207036537e+01 -1.888802177980137387e+01 1.534557749207036537e+01 -3.969571451591016142e+01
-1.655197207197062781e+01 6.280374801123645989e-01 -1.887369307056320622e+01 6.280374801123645989e-01 -3.841998929170395627e+01 1.545766861512644041e+01 -1.887369307056320622e+01 1.545766861512644041e+01 -3.932192700641365946e+01
-1.635599594640605758e+01 5.816478138517817698e-01 -1.882600592275743523e+01 5.816478138517817698e-01 -3.823078263507079555e+01 1.554852993145037132e+01 -1.882600592275743523e+01 1.554852993145037132e+01 -3.881203556323491455e+01
-1.611607468502836227e+01 5.396959105573512216e-01 -1.874477229558041103e+01 5.396959105573512216e-01 -3.798292605177905301e+01 1.561772894719376126e+01 -1.874477229558041103e+01 1.561772894719376126e+01 -3.816865395354466983e+01
-1.583354337754346020e+01 5.023698110327234900e-01 -1.862993577679104007e+01 5.023698110327234900e-01 -3.767751017848988226e+01 1.566483316850821517e+01 -1.862993577679104007e+01 1.566483316850821517e+01 -3.739482843836205461e+01
-1.551007558710383982e+01 4.697823397600887629e-01 -1.848140234598749743e+01 4.697823397600887629e-01 -3.731602053755212012e+01 1.568939129746497230e+01 -1.848140234598749743e+01 1.568939129746497230e+01 -3.649431983376009470e+01
-1.514740128910308492e+01 4.421215375430975758e-01 -1.829920961133051094e+01 4.421215375430975758e-01 -3.689998025947535609e+01 1.569091442797454050e+01 -1.829920961133051094e+01 1.569091442797454050e+01 -3.547107699661543023e+01
-1.474747610789916230e+01 4.193874043817499842e-01 -1.808341398506117415e+01 4.193874043817499842e-01 -3.643117573189424974e+01 1.566889484986706726e+01 -1.808341398506117415e+01 1.566889484986706726e+01 -3.432959410213533147e+01
-1.970990965893132696e+01 -5.593992279666181844e+00 9.734778954361745784e-01 -5.593992279666181844e+00 1.623273306427730844e+01 -2.921319126182230885e+00 9.734778954361745784e-01 -2.921319126182230885e+00 7.587352348001409119e+00
-1.963583990296546489e+01 -5.477041935530770012e+00 8.575214123834954405e-01 -5.477041935530770012e+00 1.630703773286272451e+01 -3.022711026822496816e+00 8.575214123834954405e-01 -3.022711026822496816e+00 7.770945595284440621e+00
-1.954173029353140834e+01 -5.357110008147158986e+00 7.524612608378702383e-01 -5.357110008147158986e+00 1.634908709176308150e+01 -3.118880639228037932e+00 7.524612608378702383e-01 -3.118880639228037932e+00 7.926457749429890676e+00
-1.942785188365171578e+01 -5.235118077792065172e+00 6.583877918068202773e-01 -5.235118077792065172e+00 1.635888114097837587e+01 -3.208761821510105250e+00 6.583877918068202773e-01 -3.208761821510105250e+00 8.051991439279815310e+00
-1.929545151723018392e+01 -5.111788952525658125e+00 5.753913562978666407e-01 -5.111788952525658125e+00 1.633560672144092152e+01 -3.291252291376939976e+00 5.753913562978666407e-01 -3.291252291376939976e+00 8.146372101736437443e+00
-1.914615551240218849e+01 -4.987990002020140423e+00 5.033816033034881343e-01 -4.987990002020140423e+00 1.627873979730708953e+01 -3.365213626133776170e+00 5.033816033034881343e-01 -3.365213626133776170e+00 8.208244471686938937e+00
-1.898182509992267342e+01 -4.864534385343203482e+00 4.421597606071382969e-01 -4.864534385343203482e+00 1.618761177112123306e+01 -3.429561613690358612e+00 4.421597606071382969e-01 -3.429561613690358612e+00 8.236235213817000300e+00
-1.880471905497966034e+01 -4.742235261562537829e+00 3.914186347832450674e-01 -4.742235261562537829e+00 1.606168053683821384e+01 -3.483410814172980707e+00 3.914186347832450674e-01 -3.483410814172980707e+00 8.228772220595750753e+00
-1.861707808255967933e+01 -4.621707017529287143e+00 3.507787516002193740e-01 -4.621707017529287143e+00 1.590054855002494705e+01 -3.525875787707934084e+00 3.507787516002193740e-01 -3.525875787707934084e+00 8.184427946104356977e+00
-1.842132358966429351e+01 -4.503744742109637933e+00 3.197522156174470442e-01 -4.503744742109637933e+00 1.570374598544231759e+01 -3.556306007041066586e+00 3.197522156174470442e-01 -3.556306007041066586e+00 8.101594142408940158e+00
7.027922202825970466e+00 8.725492818954819541e+00 3.470218847038549548e+00 8.725492818954819541e+00 1.991221648404454214e+01 -1.566547099844050983e+01 3.470218847038549548e+00 -1.566547099844050983e+01 3.891599029451318614e+01
6.977463965961722359e+00 8.696720136077413343e+00 3.622406544985322885e+00 8.696720136077413343e+00 1.990003934737222480e+01 -1.561669175719871561e+01 3.622406544985322885e+00 -1.561669175719871561e+01 3.882663238012241891e+01
6.884465282115952434e+00 8.655540559231985398e+00 3.784208702075406716e+00 8.655540559231985398e+00 1.981709696362304385e+01 -1.552470047072641890e+01 3.784208702075406716e+00 -1.552470047072641890e+01 3.858004978091751980e+01
6.749332644965676309e+00 8.602590339391253949e+00 3.954953720059819045e+00 8.602590339391253949e+00 1.966346002734952236e+01 -1.538972689631932234e+01 3.954953720059819045e+00 -1.538972689631932234e+01 3.817514673133436531e+01
6.572348832720990686e+00 8.538664790271120353e+00 4.133563507012564919e+00 8.538664790271120353e+00 1.943967642133372209e+01 -1.521231891675949122e+01 4.133563507012564919e+00 -1.521231891675949122e+01 3.761365524790979009e+01
6.353354782638716003e+00 8.464735961968790079e+00 4.318818581902598375e+00 8.464735961968790079e+00 1.914634704927210507e+01 -1.499332486667721476e+01 4.318818581902598375e+00 -1.499332486667721476e+01 3.689746640992383675e+01
6.092209105613803466e+00 8.381881946410263851e+00 4.509499463698874777e+00 8.381881946410263851e+00 1.878433791943309217e+01 -1.473382283799849368e+01 4.509499463698874777e+00 -1.473382283799849368e+01 3.602896615852417739e+01
5.788858780731859000e+00 8.291304550988455091e+00 4.704174587712777189e+00 8.291304550988455091e+00 1.835495688103837963e+01 -1.443512067994502601e+01 4.704174587712777189e+00 -1.443512067994502601e+01 3.501140644312695827e+01
5.443392176183539988e+00 8.194293951286928390e+00 4.901447736531947541e+00 8.194293951286928390e+00 1.785993595062481631e+01 -1.409879134631047570e+01 4.901447736531947541e+00 -1.409879134631047570e+01 3.384883452686418082e+01
5.055826965606976309e+00 8.092211017441780285e+00 5.099975713658426280e+00 8.092211017441780285e+00 1.730139596476813679e+01 -1.372658452726982681e+01 5.099975713658426280e+00 -1.372658452726982681e+01 3.254595159747872657e+01
2.063068245629048647e+01 3.504124708149031431e+00 -1.786366314430105717e+01 3.504124708149031431e+00 -2.381095224745525130e+01 -1.557751217181362868e+01 -1.786366314430105717e+01 -1.557751217181362868e+01 -1.439304817224311694e+00
2.059762604455127644e+01 3.497832566144913891e+00 -1.769593313410483759e+01 3.497832566144913891e+00 -2.370297038683703761e+01 -1.581862632809245284e+01 -1.769593313410483759e+01 -1.581862632809245284e+01 -1.346971713233052759e+00
2.055657299124487025e+01 3.484051505847710839e+00 -1.748319708225380609e+01 3.484051505847710839e+00 -2.357134312802467591e+01 -1.603116291722865583e+01 -1.748319708225380609e+01 -1.603116291722865583e+01 -1.250449892230406812e+00
2.050772275908610354e+01 3.462872192127799398e+00 -1.722603524391837126e+01 3.462872192127799398e+00 -2.341656006131819723e+01 -1.621521260409261700e+01 -1.722603524391837126e+01 -1.621521260409261700e+01 -1.150464673179385056e+00
2.045109348104904257e+01 3.434439688777780830e+00 -1.692557186349119647e+01 3.434439688777780830e+00 -2.323994489382509698e+01 -1.637035833028060239e+01 -1.692557186349119647e+01 -1.637035833028060239e+01 -1.047632577198546411e+00
2.038657635928924350e+01 3.398971591486558808e+00 -1.658300371726125633e+01 3.398971591486558808e+00 -2.304307519428992279e+01 -1.649618303738887803e+01 -1.658300371726125633e+01 -1.649618303738887803e+01 -9.428965189398045288e-01
2.031402633001410152e+01 3.356721761891186429e+00 -1.619961824638788528e+01 3.356721761891186429e+00 -2.282781865904242835e+01 -1.659225153403964370e+01 -1.619961824638788528e+01 -1.659225153403964370e+01 -8.375620725365789943e-01
2.023311699969026023e+01 3.308034726499094802e+00 -1.577681168987488824e+01 3.308034726499094802e+00 -2.259642377686795101e+01 -1.665811049588101156e+01 -1.577681168987488824e+01 -1.665811049588101156e+01 -7.330617429408158303e-01
2.014359450668066742e+01 3.253273144791788862e+00 -1.531598028672605238e+01 3.253273144791788862e+00 -2.235122970142219145e+01 -1.669332473153518137e+01 -1.531598028672605238e+01 -1.669332473153518137e+01 -6.309730988970631005e-01
2.004515059042604364e+01 3.192908474095224935e+00 -1.481855654189333116e+01 3.192908474095224935e+00 -2.209479318204976650e+01 -1.669735025177988774e+01 -1.481855654189333116e+01 -1.669735025177988774e+01 -5.329462410461700550e-01
-9.656430739169566735e+00 6.015177135771875072e+00 -1.905682721064807339e+01 6.015177135771875072e+00 -7.013502891053578381e+00 -1.819357392740687862e+00 -1.905682721064807339e+01 -1.819357392740687862e+00 -3.926234074781007877e+01
-9.655989205618903171e+00 6.049653547186191638e+00 -1.901085252968522354e+01 6.049653547186191638e+00 -7.004984972972025936e+00 -1.891492936580355444e+00 -1.901085252968522354e+01 -1.891492936580355444e+00 -3.926375733461846806e+01
-9.597651585237473526e+00 6.080321731726034962e+00 -1.893980242249093493e+01 6.080321731726034962e+00 -6.938920515453983029e+00 -1.956803107616014392e+00 -1.893980242249093493e+01 -1.956803107616014392e+00 -3.911727857918580753e+01
-9.480277249686064778e+00 6.106758553072019424e+00 -1.884356650567755054e+01 6.106758553072019424e+00 -6.814058506772569856e+00 -2.015361494772776041e+00 -1.884356650567755054e+01 -2.015361494772776041e+00 -3.882246294796146202e+01
-9.305006827303888173e+00 6.128780038911367356e+00 -1.872177683461950437e+01 6.128780038911367356e+00 -6.631686753117220334e+00 -2.067076111894251333e+00 -1.872177683461950437e+01 -2.067076111894251333e+00 -3.838179406716790254e+01
-9.073183315974214125e+00 6.146110230774914029e+00 -1.857399187576613642e+01 6.146110230774914029e+00 -6.393369019146535770e+00 -2.112002150674273881e+00 -1.857399187576613642e+01 -2.112002150674273881e+00 -3.779854664397254993e+01
-8.786609644362252780e+00 6.158712334200104443e+00 -1.839953093156017871e+01 6.158712334200104443e+00 -6.101037014144670145e+00 -2.150231597269231631e+00 -1.839953093156017871e+01 -2.150231597269231631e+00 -3.707687845264415216e+01
-8.447309507908544290e+00 6.166328787949051815e+00 -1.819773170167562881e+01 6.166328787949051815e+00 -5.756898405864940393e+00 -2.181966821223178421e+00 -1.819773170167562881e+01 -2.181966821223178421e+00 -3.622149918438979199e+01
-8.057508971597686198e+00 6.168867605865367310e+00 -1.796760073562349902e+01 6.168867605865367310e+00 -5.363400026067274062e+00 -2.207446986542724865e+00 -1.796760073562349902e+01 -2.207446986542724865e+00 -3.523757846119848836e+01
-7.619636469958328107e+00 6.166310390717773871e+00 -1.770819977460862660e+01 6.166310390717773871e+00 -4.923356651137153150e+00 -2.227021640622144805e+00 -1.770819977460862660e+01 -2.227021640622144805e+00 -3.413072743860992375e+01
-1.689487364908718803e+01 5.207906702038011204e+00 2.016976581660457057e+01 5.207906702038011204e+00 -8.655581673798629083e+00 1.866494813778850670e+01 2.016976581660457057e+01 1.866494813778850670e+01 -2.399633169129071675e+01
-1.682894191335238077e+01 5.273801573509054208e+00 2.022073066125280505e+01 5.273801573509054208e+00 -8.794338762591360492e+00 1.887571956583644450e+01 2.022073066125280505e+01 1.887571956583644450e+01 -2.409011437829621727e+01
-1.672408151508699348e+01 5.332747531261333052e+00 2.024871063744666344e+01 5.332747531261333052e+00 -8.895752352195186674e+00 1.905193074660935793e+01 2.024871063744666344e+01 1.905193074660935793e+01 -2.408910061104281652e+01
-1.657948144048830130e+01 5.384375932657246899e+00 2.025313434909786636e+01 5.384375932657246899e+00 -8.958421600587227474e+00 1.919404248340425312e+01 2.025313434909786636e+01 1.919404248340425312e+01 -2.399233191867275394e+01
-1.639606329615029878e+01 5.428631481301155581e+00 2.023335667159061302e+01 5.428631481301155581e+00 -8.982752014668843543e+00 1.930192575129796140e+01 2.023335667159061302e+01 1.930192575129796140e+01 -2.380120914320891146e+01
-1.617504360277707676e+01 5.465311423742379660e+00 2.018869561604534368e+01 5.465311423742379660e+00 -8.969370286923954438e+00 1.937548838963108722e+01 2.018869561604534368e+01 1.937548838963108722e+01 -2.351770452276244683e+01
-1.591795222731466630e+01 5.494378895717158429e+00 2.011826644013181919e+01 5.494378895717158429e+00 -8.919216456078441269e+00 1.941461980561235734e+01 2.011826644013181919e+01 1.941461980561235734e+01 -2.314438012366467845e+01
-1.562635590097287341e+01 5.515668008038573156e+00 2.002109224086039418e+01 5.515668008038573156e+00 -8.833267425121945848e+00 1.941909881365920043e+01 2.002109224086039418e+01 1.941909881365920043e+01 -2.268392703717009695e+01
-1.530195037988466389e+01 5.529197192838501529e+00 1.989614081884579022e+01 5.529197192838501529e+00 -8.712721282626665342e+00 1.938879638884845846e+01 1.989614081884579022e+01 1.938879638884845846e+01 -2.213942342930265994e+01
-1.494648671657863126e+01 5.534892721589425690e+00 1.974217722125204943e+01 5.534892721589425690e+00 -8.558812981428564726e+00 1.932332545641065380e+01 1.974217722125204943e+01 1.932332545641065380e+01 -2.151374471263565269e+01
-1.352487351715490860e+01 -7.953328796543701174e+00 -9.418292971675439773e+00 -7.953328796543701174e+00 2.955780659236390306e+01 2.045379448259712163e+01 -9.418292971675439773e+00 2.045379448259712163e+01 3.932904679996506836e+00
-1.340313541565776490e+01 -7.930839170839896646e+00 -9.420498891899974581e+00 -7.930839170839896646e+00 2.951702396967614916e+01 2.042657019885040981e+01 -9.420498891899974581e+00 2.042657019885040981e+01 4.006686434498459626e+00
-1.325838759344452811e+01 -7.900619857194834061e+00 -9.397758185845411560e+00 -7.900619857194834061e+00 2.944221995946038462e+01 2.034333706257341490e+01 -9.397758185845411560e+00 2.034333706257341490e+01 4.049513568613836156e+00
-1.309116807983825481e+01 -7.863101279066956550e+00 -9.350303999551739409e+00 -7.863101279066956550e+00 2.933393259103968020e+01 2.020448962860304221e+01 -9.350303999551739409e+00 2.020448962860304221e+01 4.061959980287233485e+00
-1.290321650298350065e+01 -7.818731794225482368e+00 -9.278441216302026007e+00 -7.818731794225482368e+00 2.919232327321094544e+01 2.001094254678849182e+01 -9.278441216302026007e+00 2.001094254678849182e+01 4.044043603829417854e+00
-1.269629042533558305e+01 -7.768031497682696518e+00 -9.182528522311642405e+00 -7.768031497682696518e+00 2.901793003529723691e+01 1.976402295612663451e+01 -9.182528522311642405e+00 1.976402295612663451e+01 3.996069322523457590e+00
-1.247252402987596831e+01 -7.711520484450890223e+00 -9.062870800863652931e+00 -7.711520484450890223e+00 2.881157785559391371e+01 1.946539874751895027e+01 -9.062870800863652931e+00 1.946539874751895027e+01 3.918342019652416575e+00
-1.223441018580148665e+01 -7.649862324028499749e+00 -8.919898475416506045e+00 -7.649862324028499749e+00 2.857414551532864166e+01 1.911711443239306263e+01 -8.919898475416506045e+00 1.911711443239306263e+01 3.811345921607047771e+00
-1.198447763093050789e+01 -7.583595045738584339e+00 -8.754024035117877744e+00 -7.583595045738584339e+00 2.830690635056597770e+01 1.872146560252734204e+01 -8.754024035117877744e+00 1.872146560252734204e+01 3.675511451845797417e+00
-1.172555998636446795e+01 -7.513418087701116299e+00 -8.565588231872370173e+00 -7.513418087701116299e+00 2.801122336892434461e+01 1.828094512711862762e+01 -8.565588231872370173e+00 1.828094512711862762e+01 3.511394574002490110e+00
-3.149275585917457487e+00 8.536384430963877890e+00 -4.449849559904828777e-01 8.536384430963877890e+00 2.244882862092001119e+01 2.147963783465748477e+01 -4.449849559904828777e-01 2.147963783465748477e+01 7.880108052662514240e+00
-3.191791324811963815e+00 8.554370483666938085e+00 -3.895964954794733925e-01 8.554370483666938085e+00 2.239200985800717092e+01 2.158528354581292774e+01 -3.895964954794733925e-01 2.158528354581292774e+01 7.739402053882126431e+00
-3.224134037873428227e+00 8.564203812679544114e+00 -3.268062200389745264e-01 8.564203812679544114e+00 2.230932050040116010e+01 2.163763261372004010e+01 -3.268062200389745264e-01 2.163763261372004010e+01 7.564994554758531109e+00
-3.245695846581071020e+00 8.565938054341767582e+00 -2.566856447890780157e-01 8.565938054341767582e+00 2.220149357808292478e+01 2.163688170495907670e+01 -2.566856447890780157e-01 2.163688170495907670e+01 7.356957070411820787e+00
-3.257120387015717711e+00 8.559698360113767279e+00 -1.793062848498755690e-01 8.559698360113767279e+00 2.206829666691216119e+01 2.158333475879042496e+01 -1.793062848498755690e-01 2.158333475879042496e+01 7.115414752302156920e+00
-3.259301598178514059e+00 8.545627760235728232e+00 -9.479329168152758611e-02 8.545627760235728232e+00 2.190976552444891823e+01 2.147745662349468887e+01 -9.479329168152758611e-02 2.147745662349468887e+01 6.840224570189355369e+00
-3.253580388571179149e+00 8.523940800067924428e+00 -3.325453084263322364e-03 8.523940800067924428e+00 2.172579287801305981e+01 2.131994457149275490e+01 -3.325453084263322364e-03 2.131994457149275490e+01 6.531082584813026948e+00
-3.241387060595547265e+00 8.494959297650771290e+00 9.504359460184849673e-02 8.494959297650771290e+00 2.151643236394465575e+01 2.111162102666567364e+01 9.504359460184849673e-02 2.111162102666567364e+01 6.187559705452621017e+00
-3.224509492253909482e+00 8.458987192244652675e+00 2.001350635765786201e-01 8.458987192244652675e+00 2.128159458834358730e+01 2.085332629167453433e+01 2.001350635765786201e-01 2.085332629167453433e+01 5.809155326267496200e+00
-3.204771319108604466e+00 8.416435695790100979e+00 3.118774387198354203e-01 8.416435695790100979e+00 2.102151197535015470e+01 2.054604369942059350e+01 3.118774387198354203e-01 2.054604369942059350e+01 5.395297326296919493e+00
-3.809321010528940121e+01 5.551763845187080548e+00 1.653943797564846463e+01 5.551763845187080548e+00 -2.936509631648195651e+01 7.481194476789298164e+00 1.653943797564846463e+01 7.481194476789298164e+00 -3.652308053539449162e+01
-3.792676514094996065e+01 5.540590631429173740e+00 1.655662317244361859e+01 5.540590631429173740e+00 -2.929130773222288653e+01 7.667093310768139602e+00 1.655662317244361859e+01 7.667093310768139602e+00 -3.617759947243004603e+01
-3.770727104326925883e+01 5.526052219618970085e+00 1.655673660608583120e+01 5.526052219618970085e+00 -2.916422424173109818e+01 7.839134334790051284e+00 1.655673660608583120e+01 7.839134334790051284e+00 -3.568941888756259573e+01
-3.743476562346136660e+01 5.508262043398682195e+00 1.653955140929067724e+01 5.508262043398682195e+00 -2.898409161789804500e+01 7.997449888104280369e+00 1.653955140929067724e+01 7.997449888104280369e+00 -3.506180945080925682e+01
-3.711047774598358018e+01 5.487352442017557230e+00 1.650480290355965707e+01 5.487352442017557230e+00 -2.875204419714585313e+01 8.141850914640473391e+00 1.650480290355965707e+01 8.141850914640473391e+00 -3.429809854900825172e+01
-3.673590095379169895e+01 5.463399037903737820e+00 1.645215078796613994e+01 5.463399037903737820e+00 -2.846948099439514124e+01 8.272053830293099708e+00 1.645215078796613994e+01 8.272053830293099708e+00 -3.340208620917369586e+01
-3.631268003469779870e+01 5.436534170306470237e+00 1.638133038401162267e+01 5.436534170306470237e+00 -2.813814132549316227e+01 8.387850673384772193e+00 1.638133038401162267e+01 8.387850673384772193e+00 -3.237859336109960395e+01
-3.584314037836722378e+01 5.406852367260930770e+00 1.629200139076947451e+01 5.406852367260930770e+00 -2.776036948571229956e+01 8.489014576631062070e+00 1.629200139076947451e+01 8.489014576631062070e+00 -3.123338621493177314e+01
-3.532958846885830440e+01 5.374429251195262935e+00 1.618386131852713206e+01 5.374429251195262935e+00 -2.733860429836012429e+01 8.575337578354584878e+00 1.618386131852713206e+01 8.575337578354584878e+00 -2.997245784810040803e+01
-3.477442531826451955e+01 5.339397161358713895e+00 1.605653205514388304e+01 5.339397161358713895e+00 -2.687543583160047334e+01 8.646668433699053580e+00 1.605653205514388304e+01 8.646668433699053580e+00 -2.860227397821161333e+01
3.774634929735423583e+00 -1.336762627622726285e+01 2.456283652128038497e+01 -1.336762627622726285e+01 3.713485650162709817e+01 8.934145016387608607e+00 2.456283652128038497e+01 8.934145016387608607e+00 3.454421842213698568e+01
3.779319213909580366e+00 -1.325731666695313571e+01 2.435759091207062355e+01 -1.325731666695313571e+01 3.702424752080801085e+01 8.983506101125058763e+00 2.435759091207062355e+01 8.983506101125058763e+00 3.439578296610704200e+01
3.759860063486861748e+00 -1.313846616360206987e+01 2.411957292373264750e+01 -1.313846616360206987e+01 3.684011641056370934e+01 9.013672186802992314e+00 2.411957292373264750e+01 9.013672186802992314e+00 3.410951332875706754e+01
3.715764395922619201e+00 -1.301267728444416960e+01 2.384915236817493778e+01 -1.301267728444416960e+01 3.658388958825551640e+01 9.024625663330532177e+00 2.384915236817493778e+01 9.024625663330532177e+00 3.368690636781190761e+01
3.646327807581642322e+00 -1.288164059820394414e+01 2.354703364903270923e+01 -1.288164059820394414e+01 3.625766265469817284e+01 9.016313700435036438e+00 2.354703364903270923e+01 9.016313700435036438e+00 3.313100862899383969e+01
3.550546523283752975e+00 -1.274697623324237838e+01 2.321400922039557102e+01 -1.274697623324237838e+01 3.586374253179699423e+01 8.988648247662101909e+00 2.321400922039557102e+01 8.988648247662101909e+00 3.244511319929748794e+01
3.427205446758212926e+00 -1.261040997846574108e+01 2.285092436662578663e+01 -1.261040997846574108e+01 3.540470029282052167e+01 8.941576474739092006e+00 2.285092436662578663e+01 8.941576474739092006e+00 3.163304146844386722e+01
3.274983821188999666e+00 -1.247361479250766081e+01 2.245867720235824194e+01 -1.247361479250766081e+01 3.488358248349102553e+01 8.874975111029840491e+00 2.245867720235824194e+01 8.874975111029840491e+00 3.069921356924393052e+01
3.092525669578331637e+00 -1.233815797345648235e+01 2.203813062204607576e+01 -1.233815797345648235e+01 3.430375263116665252e+01 8.788826546443468501e+00 2.203813062204607576e+01 8.788826546443468501e+00 2.964868359778032314e+01
2.878615895655467938e+00 -1.220555398912791034e+01 2.159034123114210146e+01 -1.220555398912791034e+01 3.366889124484136886e+01 8.683060340616455264e+00 2.159034123114210146e+01 8.683060340616455264e+00 2.848682263177153473e+01
-2.896514360576326652e+01 8.434126233265621053e+00 1.310622979134372024e+01 8.434126233265621053e+00 -1.671622663626334671e+01 -1.770226437756579685e+01 1.310622979134372024e+01 -1.770226437756579685e+01 -3.804818245377119013e+01
-2.893685364668932536e+01 8.447748016729891063e+00 1.302264921872962411e+01 8.447748016729891063e+00 -1.675632587812113172e+01 -1.759015093341543334e+01 1.302264921872962411e+01 -1.759015093341543334e+01 -3.807387511805565339e+01
-2.884774214416381000e+01 8.457427144074872061e+00 1.292884763712381968e+01 8.457427144074872061e+00 -1.674599275568527190e+01 -1.745503554764022169e+01 1.292884763712381968e+01 -1.745503554764022169e+01 -3.796021077126120247e+01
-2.869889286148017860e+01 8.463275728744715565e+00 1.282473161865618216e+01 8.463275728744715565e+00 -1.668567572273237687e+01 -1.729689953466613161e+01 1.282473161865618216e+01 -1.729689953466613161e+01 -3.770657278944503332e+01
-2.849129613406175210e+01 8.465331141887471489e+00 1.271043196234488626e+01 8.465331141887471489e+00 -1.657559900615074255e+01 -1.711581763678927004e+01 1.271043196234488626e+01 -1.711581763678927004e+01 -3.731423179164083592e+01
-2.822646549340456801e+01 8.463649440225216480e+00 1.258606078163408348e+01 8.463649440225216480e+00 -1.641641660103125133e+01 -1.691173379728755677e+01 1.258606078163408348e+01 -1.691173379728755677e+01 -3.678539267558357295e+01
-2.790615738346697938e+01 8.458286680480025410e+00 1.245163676209779879e+01 8.458286680480025410e+00 -1.620913752837125799e+01 -1.668451721714282243e+01 1.245163676209779879e+01 -1.668451721714282243e+01 -3.612308250426529810e+01
-2.753257670198394536e+01 8.449242862651894725e+00 1.230721596045810351e+01 8.449242862651894725e+00 -1.595506977835250773e+01 -1.643398104061481035e+01 1.230721596045810351e+01 -1.643398104061481035e+01 -3.533092627904687788e+01
-2.710818994472677090e+01 8.436630100184979497e+00 1.215277969114097800e+01 8.436630100184979497e+00 -1.565574556804506123e+01 -1.615982629851912122e+01 1.215277969114097800e+01 -1.615982629851912122e+01 -3.441309088293590435e+01
-2.663581863337323696e+01 8.420467078653302906e+00 1.198827189742434562e+01 8.420467078653302906e+00 -1.531307082599947655e+01 -1.586173533609732722e+01 1.198827189742434562e+01 -1.586173533609732722e+01 -3.337493907567755969e+01
-7.266862412099896140e+00 -5.778800465106966655e+00 -1.284165674700955995e+00 -5.778800465106966655e+00 -1.036974401918537225e+01 1.462029285359961683e+01 -1.284165674700955995e+00 1.462029285359961683e+01 -1.844733946296776494e+01
-7.264134274117541423e+00 -5.777280764083239539e+00 -1.270598223392734649e+00 -5.777280764083239539e+00 -1.033134868127263140e+01 1.461410419159937568e+01 -1.270598223392734649e+00 1.461410419159937568e+01 -1.840306672711988512e+01
-7.225482601092365620e+00 -5.772154061834518401e+00 -1.248004114196587633e+00 -5.772154061834518401e+00 -1.025843965143547010e+01 1.458231863765730729e+01 -1.248004114196587633e+00 1.458231863765730729e+01 -1.827566817623917572e+01
-7.150852464071704162e+00 -5.763530216266135042e+00 -1.216401656763402617e+00 -5.763530216266135042e+00 -1.015152959989875825e+01 1.452484464351897309e+01 -1.216401656763402617e+00 1.452484464351897309e+01 -1.806763392284645064e+01
-7.040976249091088768e+00 -5.751500775632528928e+00 -1.176047186205616324e+00 -5.751500775632528928e+00 -1.001199175047911538e+01 1.444159066092992738e+01 -1.176047186205616324e+00 1.444159066092992738e+01 -1.778106957679385758e+01
-6.896970844854704907e+00 -5.736120668886367291e+00 -1.127178727984776030e+00 -5.736120668886367291e+00 -9.841547210360044318e+00 1.433241021268306881e+01 -1.127178727984776030e+00 1.433241021268306881e+01 -1.741873989536552969e+01
-6.720301023433616017e+00 -5.717444824980314699e+00 -1.070034307562429676e+00 -5.717444824980314699e+00 -9.642191731488367168e+00 1.419710189261862077e+01 -1.070034307562429676e+00 1.419710189261862077e+01 -1.698414202188113009e+01
-6.512632963058655022e+00 -5.695528172867033057e+00 -1.004851950400124982e+00 -5.695528172867033057e+00 -9.415921065810904267e+00 1.403542767527503798e+01 -1.004851950400124982e+00 1.403542767527503798e+01 -1.648086464791476047e+01
-6.275779319167763326e+00 -5.670425641499191372e+00 -9.318513723085212197e-01 -5.670425641499191372e+00 -9.164968990736031884e+00 1.384702136763455727e+01 -9.318513723085212197e-01 1.384702136763455727e+01 -1.591291758701096271e+01
-6.011662605104211465e+00 -5.642100611575010305e+00 -8.513438373527196790e-01 -5.642100611575010305e+00 -8.891569283672119184e+00 1.363144353807585674e+01 -8.513438373527196790e-01 1.363144353807585674e+01 -1.528425572376159813e+01
3.806878783247535836e+01 4.762702307557415971e+00 2.428286540424251783e+01 4.762702307557415971e+00 6.143569401765606131e+01 -1.325500475860289562e+01 2.428286540424251783e+01 -1.325500475860289562e+01 7.219446592735457102e+01
3.818145928335560768e+01 4.828295556010109735e+00 2.431722620131947465e+01 4.828295556010109735e+00 6.116765939820122355e+01 -1.316367066563040389e+01 2.431722620131947465e+01 -1.316367066563040389e+01 7.200125657654677980e+01
3.819138838058120911e+01 4.889638334760064708e+00 2.430571592936445313e+01 4.889638334760064708e+00 6.074922615878462295e+01 -1.302949183805428568e+01 2.430571592936445313e+01 -1.302949183805428568e+01 7.149655580404335353e+01
3.809735098887777127e+01 4.945897551745540355e+00 2.424807956019528987e+01 4.945897551745540355e+00 6.018478078413945553e+01 -1.285382842617941712e+01 2.424807956019528987e+01 -1.285382842617941712e+01 7.068320292360570534e+01
