-2.253569825185956166e+00 0.000000000000000000e+00 0.000000000000000000e+00 0.000000000000000000e+00 -1.161359517049227019e+00 -3.310789620967642843e+00 0.000000000000000000e+00 -3.310789620967642843e+00 -6.242054242809894626e-01
-2.175198310691509818e+00 -8.692475084790163287e-02 -1.935418365560830078e-01 -8.692475084790163287e-02 -1.145283772613240991e+00 -3.335400518804962466e+00 -1.935418365560830078e-01 -3.335400518804962466e+00 -5.033751382053334167e-01
-2.085054794365986286e+00 -1.722220360048710430e-01 -3.862156914103355154e-01 -1.722220360048710430e-01 -1.116206385601918649e+00 -3.363284430976267725e+00 -3.862156914103355154e-01 -3.363284430976267725e+00 -3.639194114445642447e-01
-1.982976529640293695e+00 -2.554036157636285775e-01 -5.780577304670004857e-01 -2.554036157636285775e-01 -1.073566784499494942e+00 -3.394369025673073192e+00 -5.780577304670004857e-01 -3.394369025673073192e+00 -2.067604745568768776e-01
-1.870554816301120749e+00 -3.359812504168945280e-01 -7.689052071569845159e-01 -3.359812504168945280e-01 -1.018504195289621439e+00 -3.428762800608107231e+00 -7.689052071569845159e-01 -3.428762800608107231e+00 -3.430336017442674884e-02
-1.749272456422428013e+00 -4.134305343531464172e-01 -9.585230431027088605e-01 -4.134305343531464172e-01 -9.521940098601946456e-01 -3.466501921685612775e+00 -9.585230431027088605e-01 -3.466501921685612775e+00 1.511373138312381570e-01
-1.621082408833333988e+00 -4.873717255778332591e-01 -1.146856989447808672e+00 -4.873717255778332591e-01 -8.763360257106320717e-01 -3.507712969570440542e+00 -1.146856989447808672e+00 -3.507712969570440542e+00 3.464874455994680913e-01
-1.488118461884172294e+00 -5.573708332400398868e-01 -1.333834714383798525e+00 -5.573708332400398868e-01 -7.927204551009593425e-01 -3.552522524927440806e+00 -1.333834714383798525e+00 -3.552522524927440806e+00 5.486006014611273240e-01
-1.352514403925276110e+00 -6.231204471537012957e-01 -1.519528549719163957e+00 -6.231204471537012957e-01 -7.033545057166593617e-01 -3.601219914990557047e+00 -1.519528549719163957e+00 -3.601219914990557047e+00 7.540048546088941039e-01
-1.216422106259100078e+00 -6.843312400848738930e-01 -1.704046993166633994e+00 -6.843312400848738930e-01 -6.102996340995797686e-01 -3.653931720424639096e+00 -1.704046993166633994e+00 -3.653931720424639096e+00 9.593186929960535458e-01
-1.546706070557406498e+01 -1.198770830309582358e+01 -2.686270611266969865e+00 -1.198770830309582358e+01 5.522140489080470616e+00 -1.737224440537841375e+01 -2.686270611266969865e+00 -1.737224440537841375e+01 -8.159412289598776624e+00
-1.543708260702166868e+01 -1.201129762654688982e+01 -2.575258818266934036e+00 -1.201129762654688982e+01 5.458216334790238378e+00 -1.720673690681318746e+01 -2.575258818266934036e+00 -1.720673690681318746e+01 -8.200165758122647475e+00
-1.537607071488589128e+01 -1.202624117172692308e+01 -2.459824027119823953e+00 -1.202624117172692308e+01 5.406105043864005033e+00 -1.701915082078951613e+01 -2.459824027119823953e+00 -1.701915082078951613e+01 -8.193139925675030355e+00
-1.528413423899751855e+01 -1.203257534191285671e+01 -2.340057246017965831e+00 -1.203257534191285671e+01 5.366789504778895825e+00 -1.680966816369205574e+01 -2.340057246017965831e+00 -1.680966816369205574e+01 -8.139099261071471858e+00
-1.516223786619521618e+01 -1.203020912891236271e+01 -2.216195096261408981e+00 -1.203020912891236271e+01 5.340560943750358724e+00 -1.657896239614402134e+01 -2.216195096261408981e+00 -1.657896239614402134e+01 -8.038626216742860819e+00
-1.501183772755621071e+01 -1.201914253272544464e+01 -2.088601610619459148e+00 -1.201914253272544464e+01 5.327382957501461291e+00 -1.632767057549170531e+01 -2.088601610619459148e+00 -1.632767057549170531e+01 -7.893158722127958882e+00
-1.483464477709624241e+01 -1.199933915007516916e+01 -1.957640821861424296e+00 -1.199933915007516916e+01 5.327018924732154659e+00 -1.605637515416598760e+01 -1.957640821861424296e+00 -1.605637515416598760e+01 -7.704589747627162311e+00
-1.463271579996189509e+01 -1.197083538423846427e+01 -1.823603956202748400e+00 -1.197083538423846427e+01 5.338959199565409541e+00 -1.576551297149005038e+01 -1.823603956202748400e+00 -1.576551297149005038e+01 -7.475321909517890440e+00
-1.440821679113053833e+01 -1.193363123521533353e+01 -1.686891449689669864e+00 -1.193363123521533353e+01 5.362530321378009113e+00 -1.545544806023318607e+01 -1.686891449689669864e+00 -1.545544806023318607e+01 -7.207903437185290585e+00
-1.416342295541034169e+01 -1.188779950955963827e+01 -1.547739923622237335e+00 -1.188779950955963827e+01 5.397004224631340996e+00 -1.512645344497238220e+01 -1.547739923622237335e+00 -1.512645344497238220e+01 -6.905355802614608685e+00
1.297151334845000648e+01 9.916480799802911861e+00 1.522962489918740836e+01 9.916480799802911861e+00 3.508805208502018758e+01 -2.551503379774228364e+01 1.522962489918740836e+01 -2.551503379774228364e+01 5.825698802621967332e+01
1.268592875499873074e+01 9.981253103084766209e+00 1.510266350493459342e+01 9.981253103084766209e+00 3.496121286972801556e+01 -2.548152185424965310e+01 1.510266350493459342e+01 -2.548152185424965310e+01 5.774797302201361049e+01
1.233148759015243634e+01 1.003188755520566389e+01 1.493826298631110028e+01 1.003188755520566389e+01 3.472736233904349490e+01 -2.540241970429725171e+01 1.493826298631110028e+01 -2.540241970429725171e+01 5.700561365710285600e+01
1.191080797449648543e+01 1.006779071549959426e+01 1.473768004119790653e+01 1.006779071549959426e+01 3.438829826910188814e+01 -2.527853023819792710e+01 1.473768004119790653e+01 -2.527853023819792710e+01 5.603516362679538787e+01
1.142622876242046992e+01 1.008878804259419582e+01 1.450238081712281613e+01 1.008878804259419582e+01 3.394604533982256100e+01 -2.511102288314647168e+01 1.450238081712281613e+01 -2.511102288314647168e+01 5.484297623704498648e+01
1.087998408349056234e+01 1.009486208235223614e+01 1.423421545263281551e+01 1.009486208235223614e+01 3.340327403420256758e+01 -2.490141614908239731e+01 1.423421545263281551e+01 -2.490141614908239731e+01 5.343692330374499733e+01
1.027500623276237057e+01 1.008620483028330561e+01 1.393529589833342897e+01 1.008620483028330561e+01 3.276406862035507572e+01 -2.465164744523887208e+01 1.393529589833342897e+01 -2.465164744523887208e+01 5.182721549717832943e+01
9.612499545705160742e+00 1.006351445187683602e+01 1.360820536653554846e+01 1.006351445187683602e+01 3.203174538435487761e+01 -2.436428252978955200e+01 1.360820536653554846e+01 -2.436428252978955200e+01 5.002357477178527745e+01
8.898904598958919721e+00 1.002743675021054948e+01 1.325538743645217821e+01 1.002743675021054948e+01 3.121527575274115662e+01 -2.404174752781020175e+01 1.325538743645217821e+01 -2.404174752781020175e+01 4.804432797166338531e+01
8.137118779304785221e+00 9.979106244204768217e+00 1.287986167382510416e+01 9.979106244204768217e+00 3.032080358182088275e+01 -2.368737617951284946e+01 1.287986167382510416e+01 -2.368737617951284946e+01 4.590439838414921780e+01
3.535494988262158955e+01 -7.799749377446656418e+00 1.149863565676906951e+01 -7.799749377446656418e+00 1.473657336036122523e+01 -1.109375572063327375e+00 1.149863565676906951e+01 -1.109375572063327375e+00 3.715334362771753263e+01
3.529401939592568027e+01 -7.776979143899561464e+00 1.134041576206816870e+01 -7.776979143899561464e+00 1.486056795010692788e+01 -1.166108780686044399e+00 1.134041576206816870e+01 -1.166108780686044399e+00 3.722429511581320583e+01
3.516446341273298515e+01 -7.741057439056448608e+00 1.114683379960058041e+01 -7.741057439056448608e+00 1.494738165158755905e+01 -1.233107831929456388e+00 1.114683379960058041e+01 -1.233107831929456388e+00 3.714743246109777886e+01
3.496699896804769025e+01 -7.692299058772806397e+00 1.091855433839456069e+01 -7.692299058772806397e+00 1.499586021333298547e+01 -1.310460169086755222e+00 1.091855433839456069e+01 -1.310460169086755222e+00 3.692186374198070098e+01
3.470253547211898137e+01 -7.631106242197316369e+00 1.065669665260296384e+01 -7.631106242197316369e+00 1.500427225813802146e+01 -1.398183280816579277e+00 1.065669665260296384e+01 -1.398183280816579277e+00 3.654779882236562827e+01
3.437212224446516018e+01 -7.558038626406406557e+00 1.036279974418595984e+01 -7.558038626406406557e+00 1.497088640879746357e+01 -1.496277167118928331e+00 1.036279974418595984e+01 -1.496277167118928331e+00 3.602630451042950455e+01
3.397717586643593535e+01 -7.473813246404247934e+00 1.003856001303146606e+01 -7.473813246404247934e+00 1.489395379944748221e+01 -1.604811782628355443e+00 1.003856001303146606e+01 -1.604811782628355443e+00 3.535872743288746989e+01
3.351893803279461537e+01 -7.379304535122754416e+00 9.685953677565617426e+00 -7.379304535122754416e+00 1.477128834775829347e+01 -1.723769638686222683e+00 9.685953677565617426e+00 -1.723769638686222683e+00 3.454658910304106456e+01
3.299894774550138266e+01 -7.275439391469760153e+00 9.307061888166366259e+00 -7.275439391469760153e+00 1.460105374457286409e+01 -1.853238178585721485e+00 9.307061888166366259e+00 -1.853238178585721485e+00 3.359204062590279705e+01
3.241905880237189308e+01 -7.163284623622199199e+00 8.904140681798063284e+00 -7.163284623622199199e+00 1.438153610134464522e+01 -1.993199913668213696e+00 8.904140681798063284e+00 -1.993199913668213696e+00 3.249733803843702873e+01
-2.011727021530525761e+01 2.950797759148985899e-01 9.041730838984478602e-01 2.950797759148985899e-01 2.321988293391141411e+01 6.211252289602575694e+00 9.041730838984478602e-01 6.211252289602575694e+00 -2.165161243738332786e+01
-2.006275624624512588e+01 1.201921375781324908e-01 8.302896826081594961e-01 1.201921375781324908e-01 2.303579163846059785e+01 6.345440521135207845e+00 8.302896826081594961e-01 6.345440521135207845e+00 -2.183299891052646657e+01
-1.995323817253890653e+01 -5.237189501780882550e-02 7.529027195367836711e-01 -5.237189501780882550e-02 2.286575089647383408e+01 6.459696572172327400e+00 7.529027195367836711e-01 6.459696572172327400e+00 -2.192868426880683685e+01
-1.978851630931825056e+01 -2.220132672678689634e-01 6.723571049114742681e-01 -2.220132672678689634e-01 2.271166679078539019e+01 6.555018867055693477e+00 6.723571049114742681e-01 6.555018867055693477e+00 -2.193692580791882563e+01
-1.956958908092491356e+01 -3.878787801890887788e-01 5.892155869975870264e-01 -3.878787801890887788e-01 2.257455589890687975e+01 6.632187992088867112e+00 5.892155869975870264e-01 6.632187992088867112e+00 -2.185757830250362588e+01
-1.929830811068361740e+01 -5.491152347985092108e-01 5.040046077207779307e-01 -5.491152347985092108e-01 2.245487205008454978e+01 6.692002686745255779e+00 5.040046077207779307e-01 6.692002686745255779e+00 -2.169158571739345476e+01
-1.897628903071103323e+01 -7.049238916227217322e-01 4.173232216861029742e-01 -7.049238916227217322e-01 2.235335952428226847e+01 6.735189077818866110e+00 4.173232216861029742e-01 6.735189077818866110e+00 -2.143985571108082056e+01
-1.860576468089873003e+01 -8.545423175280182360e-01 3.298794025177199107e-01 -8.545423175280182360e-01 2.227012724051912684e+01 6.762400679424306560e+00 3.298794025177199107e-01 6.762400679424306560e+00 -2.110442143858893971e+01
-1.818907682015738558e+01 -9.972625388902410792e-01 2.422722048206851220e-01 -9.972625388902410792e-01 2.220539303683333543e+01 6.774127627147532138e+00 2.422722048206851220e-01 6.774127627147532138e+00 -2.068744312712999189e+01
-1.772653405237444701e+01 -1.132394735255082940e+00 1.550462236905043867e-01 -1.132394735255082940e+00 2.216113560873856514e+01 6.770732984385545272e+00 1.550462236905043867e-01 6.770732984385545272e+00 -2.018812203723056342e+01
4.429958884805652808e+00 -8.203071237074583522e+00 1.161953771500043642e+00 -8.203071237074583522e+00 -1.111475466681270063e+01 -2.252675625364147294e+01 1.161953771500043642e+00 -2.252675625364147294e+01 3.092799810759298396e+01
4.440927339379682870e+00 -8.217551758384141536e+00 9.669710305830556685e-01 -8.217551758384141536e+00 -1.122171961215779490e+01 -2.252376649426661004e+01 9.669710305830556685e-01 -2.252376649426661004e+01 3.079990673003879564e+01
4.401213969370265211e+00 -8.218830510887844554e+00 7.669993538417555490e-01 -8.218830510887844554e+00 -1.135452976655663804e+01 -2.248814153014932060e+01 7.669993538417555490e-01 -2.248814153014932060e+01 3.056150043579178543e+01
4.311521188124504356e+00 -8.207105611170780080e+00 5.626150804327421096e-01 -8.207105611170780080e+00 -1.151221255768246721e+01 -2.242043968984755153e+01 5.626150804327421096e-01 -2.242043968984755153e+01 3.021299535203566933e+01
4.171867006241045672e+00 -8.182575175818023183e+00 3.546106766963397217e-01 -8.182575175818023183e+00 -1.169453384775291482e+01 -2.232129134431383477e+01 3.546106766963397217e-01 -2.232129134431383477e+01 2.975525598750534328e+01
3.982431529706326412e+00 -8.145635437999739992e+00 1.437966195715158768e-01 -8.145635437999739992e+00 -1.190145761557069370e+01 -2.219139890689527661e+01 1.437966195715158768e-01 -2.219139890689527661e+01 2.918956109470452986e+01
3.743574970493219300e+00 -8.096754673280663894e+00 -6.901661400276164204e-02 -8.096754673280663894e+00 -1.213298386113580385e+01 -2.203153683333355417e+01 -6.901661400276164204e-02 -2.203153683333355417e+01 2.851758565930707690e+01
3.455765604166462612e+00 -8.036581263211973081e+00 -2.830725788834563272e-01 -8.036581263211973081e+00 -1.238922064804010681e+01 -2.184253361116628156e+01 -2.830725788834563272e-01 -2.184253361116628156e+01 2.774118477297329477e+01
3.119543748685368545e+00 -7.965853642338056595e+00 -4.977228935193939718e-01 -7.965853642338056595e+00 -1.267040211406597194e+01 -2.162532579152293621e+01 -4.977228935193939718e-01 -2.162532579152293621e+01 2.686235761215263906e+01
2.735737891587547654e+00 -7.885454329992461098e+00 -7.123011657607567493e-01 -7.885454329992461098e+00 -1.297670836519983695e+01 -2.138081390433569950e+01 -7.123011657607567493e-01 -2.138081390433569950e+01 2.588364367125387133e+01
3.648457503111080857e+00 -5.429890872682975989e+00 2.965687954971348184e+00 -5.429890872682975989e+00 2.842963392597052419e+01 -1.962851282515447693e+01 2.965687954971348184e+00 -1.962851282515447693e+01 -4.278470981856178357e-01
3.521102999784855303e+00 -5.388571806869174807e+00 3.014655405761445639e+00 -5.388571806869174807e+00 2.826339716785782841e+01 -1.949616019118095167e+01 3.014655405761445639e+00 -1.949616019118095167e+01 -8.252073781168851596e-01
3.417760867895837329e+00 -5.344549125900960540e+00 3.054978402834148454e+00 -5.344549125900960540e+00 2.809525720697196149e+01 -1.933307172176779787e+01 3.054978402834148454e+00 -1.933307172176779787e+01 -1.204211534105042780e+00
3.339747341137621728e+00 -5.298018486138194483e+00 3.087208341385422106e+00 -5.298018486138194483e+00 2.792715281996970589e+01 -1.913949643410029822e+01 3.087208341385422106e+00 -1.913949643410029822e+01 -1.562440542064564841e+00
3.286244220187163112e+00 -5.249228904766150450e+00 3.111789894960400371e+00 -5.249228904766150450e+00 2.775938638486174881e+01 -1.891595014949080422e+01 3.111789894960400371e+00 -1.891595014949080422e+01 -1.899485302333928427e+00
3.256113140768918779e+00 -5.198464972853713562e+00 3.129149950162410931e+00 -5.198464972853713562e+00 2.759197568858990124e+01 -1.866305541090249420e+01 3.129149950162410931e+00 -1.866305541090249420e+01 -2.215594832098408684e+00
3.247753278120409703e+00 -5.145993494527965062e+00 3.139804328303809289e+00 -5.145993494527965062e+00 2.742476064867791408e+01 -1.838143476129856779e+01 3.139804328303809289e+00 -1.838143476129856779e+01 -2.511569543739244903e+00
3.259350364177490800e+00 -5.092099060857788295e+00 3.144268850696949169e+00 -5.092099060857788295e+00 2.725765233041675373e+01 -1.807174631752581462e+01 3.144268850696949169e+00 -1.807174631752581462e+01 -2.788530014590174133e+00
3.288734392039910137e+00 -5.037030689028458852e+00 3.142970403945159141e+00 -5.037030689028458852e+00 2.709018827331949097e+01 -1.773454147478020460e+01 3.142970403945159141e+00 -1.773454147478020460e+01 -3.048201578006314527e+00
3.333859863400054468e+00 -4.981001822341642793e+00 3.136389235477183846e+00 -4.981001822341642793e+00 2.692197716466640145e+01 -1.737035384131589666e+01 3.136389235477183846e+00 -1.737035384131589666e+01 -3.292380715110004630e+00
1.171663745823450853e+01 1.015559540925547211e+01 -7.343794580137850969e-02 1.015559540925547211e+01 2.499263909030348429e+01 -1.287862781230341191e+01 -7.343794580137850969e-02 -1.287862781230341191e+01 2.179646355832982607e+01
1.188094558949718937e+01 1.020921676650727150e+01 -5.964404592863281618e-02 1.020921676650727150e+01 2.510735276466133925e+01 -1.285909381325186551e+01 -5.964404592863281618e-02 -1.285909381325186551e+01 2.213505876250448523e+01
1.203040011026949863e+01 1.025022756740933971e+01 -4.169961280352445232e-02 1.025022756740933971e+01 2.519188234826052053e+01 -1.282543033929866105e+01 -4.169961280352445232e-02 -1.282543033929866105e+01 2.240420759753748570e+01
1.216380001518479936e+01 1.027832756062001707e+01 -1.990489776771370636e-02 1.027832756062001707e+01 2.524525643970154221e+01 -1.277716052066586450e+01 -1.990489776771370636e-02 -1.277716052066586450e+01 2.259995381045635909e+01
1.227944976725488679e+01 1.029328714217214902e+01 5.351538619003773888e-03 1.029328714217214902e+01 2.526607975333786271e+01 -1.271386047310642553e+01 5.351538619003773888e-03 -1.271386047310642553e+01 2.271945384443715099e+01
1.237542422552441224e+01 1.029515929759661930e+01 3.361048842232402384e-02 1.029515929759661930e+01 2.525285103246118013e+01 -1.263530059265319672e+01 3.361048842232402384e-02 -1.263530059265319672e+01 2.275975817159413594e+01
1.244955098322724751e+01 1.028403233611156153e+01 6.446572923882433470e-02 1.028403233611156153e+01 2.520401603483232122e+01 -1.254105699505912419e+01 6.446572923882433470e-02 -1.254105699505912419e+01 2.271798791141610252e+01
1.249963997175363239e+01 1.026017118537138373e+01 9.749337682145488293e-02 1.026017118537138373e+01 2.511803818005571998e+01 -1.243084709082617323e+01 9.749337682145488293e-02 -1.243084709082617323e+01 2.259094627020655111e+01
1.252314788562126857e+01 1.022391142040499901e+01 1.322518850795388057e-01 1.022391142040499901e+01 2.499322193114317514e+01 -1.230438829045631621e+01 1.322518850795388057e-01 -1.230438829045631621e+01 2.237540113058172508e+01
1.251781400884589246e+01 1.017572991099033786e+01 1.683526934532804387e-01 1.017572991099033786e+01 2.482811901691727741e+01 -1.216136268076426141e+01 1.683526934532804387e-01 -1.216136268076426141e+01 2.206842062649953107e+01
-2.973199371410435177e+01 8.982678311897693391e+00 -1.547818442423239738e+01 8.982678311897693391e+00 -1.055635558996920409e+01 6.860449207029041041e+00 -1.547818442423239738e+01 6.860449207029041041e+00 -3.829238499182672228e+01
-2.961281302323896014e+01 8.985810230568958445e+00 -1.542730938819741304e+01 8.985810230568958445e+00 -1.052608037614699299e+01 6.712615188796200449e+00 -1.542730938819741304e+01 6.712615188796200449e+00 -3.809725527318319394e+01
-2.943455465219956224e+01 8.984393410217672127e+00 -1.535676664860181795e+01 8.984393410217672127e+00 -1.044478098730545135e+01 6.548860583984437156e+00 -1.535676664860181795e+01 6.548860583984437156e+00 -3.776128242619804354e+01
-2.919718131624007285e+01 8.978353281351663995e+00 -1.526635113934213450e+01 8.978353281351663995e+00 -1.031189815225328310e+01 6.369520955308531462e+00 -1.526635113934213450e+01 6.369520955308531462e+00 -3.728603241020689296e+01
-2.890231490181524876e+01 8.967857625328322868e+00 -1.515578322482271822e+01 8.967857625328322868e+00 -1.012847584388090993e+01 6.175081004467607215e+00 -1.515578322482271822e+01 6.175081004467607215e+00 -3.667445072015058116e+01
-2.855163322249898172e+01 8.953111508251126338e+00 -1.502478326944791753e+01 8.953111508251126338e+00 -9.895781743555270182e+00 5.966118645026002199e+00 -1.502478326944791753e+01 5.966118645026002199e+00 -3.593007940690731061e+01
-2.814748521729472586e+01 8.934319996223548443e+00 -1.487307163762208440e+01 8.934319996223548443e+00 -9.615624161461557406e+00 5.743305002413276128e+00 -1.487307163762208440e+01 5.743305002413276128e+00 -3.505750449424572679e+01
-2.769251810317460993e+01 8.911688155349061446e+00 -1.470040597849565600e+01 8.911688155349061446e+00 -9.290109685753657587e+00 5.507423056297243491e+00 -1.470040597849565600e+01 5.507423056297243491e+00 -3.406230005170574771e+01
-2.718960280558730247e+01 8.885421051731146491e+00 -1.450635751748863811e+01 8.885421051731146491e+00 -8.921624540181104734e+00 5.259050720242243848e+00 -1.450635751748863811e+01 5.259050720242243848e+00 -3.295043163866122171e+01
-2.664120011777450614e+01 8.855854248084577662e+00 -1.429087032748190289e+01 8.855854248084577662e+00 -8.512219385778655223e+00 4.999269251884785881e+00 -1.429087032748190289e+01 4.999269251884785881e+00 -3.172831223143900559e+01
-1.123385190230276720e+01 -8.682724068533943296e+00 -1.305967691122489072e+01 -8.682724068533943296e+00 -2.155147475862639084e+01 -2.008293589828673120e+01 -1.305967691122489072e+01 -2.008293589828673120e+01 3.837504962195576130e+00
-1.123706738576905373e+01 -8.734447416863059033e+00 -1.312931509600902835e+01 -8.734447416863059033e+00 -2.137133418774942939e+01 -2.026379306262188962e+01 -1.312931509600902835e+01 -2.026379306262188962e+01 4.053217967305275948e+00
-1.123816983724320906e+01 -8.778030998474660507e+00 -1.317556293534983780e+01 -8.778030998474660507e+00 -2.117785395403519288e+01 -2.041797090128249437e+01 -1.317556293534983780e+01 -2.041797090128249437e+01 4.274479978168223226e+00
-1.123743486959377158e+01 -8.813052206970322544e+00 -1.319845717762979476e+01 -8.813052206970322544e+00 -2.097274285726862075e+01 -2.054576340132831547e+01 -1.319845717762979476e+01 -2.054576340132831547e+01 4.498002014553188488e+00
-1.123534021179287734e+01 -8.839070061760386565e+00 -1.319790595189271620e+01 -8.839070061760386565e+00 -2.075822417458925528e+01 -2.064707869180317701e+01 -1.319790595189271620e+01 -2.064707869180317701e+01 4.721358683217030894e+00
-1.123278619921108401e+01 -8.855735453211364572e+00 -1.317376226460871891e+01 -8.855735453211364572e+00 -2.053653955732788461e+01 -2.072202701785449364e+01 -1.317376226460871891e+01 -2.072202701785449364e+01 4.941830603856833370e+00
-1.123093040589625602e+01 -8.862625774924834943e+00 -1.312569538033555183e+01 -8.862625774924834943e+00 -2.031029814064000405e+01 -2.077070025043844836e+01 -1.312569538033555183e+01 -2.077070025043844836e+01 5.156422783301142232e+00
-1.123109577361737976e+01 -8.859410291458548414e+00 -1.305333781524849890e+01 -8.859410291458548414e+00 -2.008221930482852713e+01 -2.079328213146739301e+01 -1.305333781524849890e+01 -2.079328213146739301e+01 5.361791118745018458e+00
-1.123477061186456361e+01 -8.845739893179024094e+00 -1.295624858875789798e+01 -8.845739893179024094e+00 -1.985500405600514284e+01 -2.078991965447121970e+01 -1.295624858875789798e+01 -2.078991965447121970e+01 5.554499636427346232e+00
-1.124366372042274875e+01 -8.821394089791430915e+00 -1.283369273321431336e+01 -8.821394089791430915e+00 -1.963129827770781688e+01 -2.076072306459734307e+01 -1.283369273321431336e+01 -2.076072306459734307e+01 5.731259356116895631e+00
-2.461140608154232012e+01 -4.714781516614982237e+00 -1.964939931135375417e+01 -4.714781516614982237e+00 -5.224422177365510400e+00 -1.141041043077775097e+00 -1.964939931135375417e+01 -1.141041043077775097e+00 -3.358161373303965025e-01
-2.445423935941669669e+01 -4.690491947326512090e+00 -1.953033639240951658e+01 -4.690491947326512090e+00 -5.275404589036702063e+00 -1.255168996660533720e+00 -1.953033639240951658e+01 -1.255168996660533720e+00 -2.086811560848544356e-01
-2.428050656397726215e+01 -4.663046935502078050e+00 -1.938052625433576637e+01 -4.663046935502078050e+00 -5.323947036421363244e+00 -1.379331991331504526e+00 -1.938052625433576637e+01 -1.379331991331504526e+00 -6.699811710082534399e-02
-2.409083144549274991e+01 -4.632464826737818342e+00 -1.919934514686376303e+01 -4.632464826737818342e+00 -5.369205622097084962e+00 -1.513181460764040809e+00 -1.919934514686376303e+01 -1.513181460764040809e+00 8.686639771971743640e-02
-2.388710360036551350e+01 -4.598910731398986762e+00 -1.898616931972477317e+01 -4.598910731398986762e+00 -5.411382147621400129e+00 -1.656167037073962067e+00 -1.898616931972477317e+01 -1.656167037073962067e+00 2.510778287628411265e-01
-2.367150615453613582e+01 -4.562568105446978883e+00 -1.874030164026549983e+01 -4.562568105446978883e+00 -5.450788488128676335e+00 -1.807720006780949573e+00 -1.874030164026549983e+01 -1.807720006780949573e+00 4.235631236648016995e-01
-2.344636899871430202e+01 -4.523657096035464953e+00 -1.846091655665967934e+01 -4.523657096035464953e+00 -5.487938320310815854e+00 -1.967234965212405262e+00 -1.846091655665967934e+01 -1.967234965212405262e+00 6.019557005236259029e-01
-2.321433389874408348e+01 -4.482361159125837879e+00 -1.814711513469647386e+01 -4.482361159125837879e+00 -5.523657195994086777e+00 -2.134253272464845974e+00 -1.814711513469647386e+01 -2.134253272464845974e+00 7.834670287261357169e-01
-2.297798758368112004e+01 -4.438882096275629685e+00 -1.779785167539595037e+01 -4.438882096275629685e+00 -5.558697284620203405e+00 -2.308187869461813868e+00 -1.779785167539595037e+01 -2.308187869461813868e+00 9.653085776591534550e-01
-2.274015527533087422e+01 -4.393458400234654171e+00 -1.741198875179746608e+01 -4.393458400234654171e+00 -5.594122630765244963e+00 -2.488561770703685117e+00 -1.741198875179746608e+01 -2.488561770703685117e+00 1.144288213594436110e+00
-2.508390604407270530e+01 -1.336511797435393056e+01 1.082383744865495068e+01 -1.336511797435393056e+01 1.208003622111290376e+01 1.237200189542865303e+01 1.082383744865495068e+01 1.237200189542865303e+01 -2.835393626712948389e+01
-2.499443298804691693e+01 -1.328441067376579987e+01 1.095033573528456117e+01 -1.328441067376579987e+01 1.205786509491180070e+01 1.239587849287599219e+01 1.095033573528456117e+01 1.239587849287599219e+01 -2.826158408222563523e+01
-2.484756073846493152e+01 -1.319728493300365457e+01 1.106819663527999431e+01 -1.319728493300365457e+01 1.206199123502366888e+01 1.239360453121434169e+01 1.106819663527999431e+01 1.239360453121434169e+01 -2.806574830331615544e+01
-2.464178554648597341e+01 -1.310399748967445355e+01 1.117771356304920971e+01 -1.310399748967445355e+01 1.209456023430667670e+01 1.236607859206806026e+01 1.117771356304920971e+01 1.236607859206806026e+01 -2.776531028797070633e+01
-2.437916131296572786e+01 -1.300522686459659383e+01 1.127870313458722862e+01 -1.300522686459659383e+01 1.215516864794988727e+01 1.231405254985753395e+01 1.127870313458722862e+01 1.231405254985753395e+01 -2.736256233625143608e+01
-2.406117344834446570e+01 -1.290166991698896659e+01 1.137065187468013505e+01 -1.290166991698896659e+01 1.224374312235131157e+01 1.223814991019966847e+01 1.137065187468013505e+01 1.223814991019966847e+01 -2.685931994980757409e+01
-2.369005923748284914e+01 -1.279406018287146019e+01 1.145306464651450362e+01 -1.279406018287146019e+01 1.235960513669255256e+01 1.213893916350987645e+01 1.145306464651450362e+01 1.213893916350987645e+01 -2.625848059591766770e+01
-2.326829436444799626e+01 -1.268314953666446065e+01 1.152511622206796105e+01 -1.268314953666446065e+01 1.250183777094875204e+01 1.201678707779809940e+01 1.152511622206796105e+01 1.201678707779809940e+01 -2.556341854027320792e+01
-2.279857457411299393e+01 -1.256976320639033950e+01 1.158588968131564556e+01 -1.256976320639033950e+01 1.266950576669455231e+01 1.187198706747229338e+01 1.158588968131564556e+01 1.187198706747229338e+01 -2.477791149337660670e+01
-2.228365062655242212e+01 -1.245468974327047817e+01 1.163426638182723138e+01 -1.245468974327047817e+01 1.286130709749465240e+01 1.170461248613444738e+01 1.163426638182723138e+01 1.170461248613444738e+01 -2.390628731774520688e+01
4.412791789436362677e+01 9.829436275145216229e+00 1.851667794136976752e+01 9.829436275145216229e+00 5.603280555625558179e+01 -2.944000617614016946e+01 1.851667794136976752e+01 -2.944000617614016946e+01 7.696264581214683176e+01
4.394314837197068613e+01 9.863845968349380655e+00 1.857146849925556964e+01 9.863845968349380655e+00 5.569375288822264736e+01 -2.923293659097473451e+01 1.857146849925556964e+01 -2.923293659097473451e+01 7.633730993155249678e+01
4.363398763880414322e+01 9.885313812480706730e+00 1.856875105063134868e+01 9.885313812480706730e+00 5.521398733361689892e+01 -2.896362044826079440e+01 1.856875105063134868e+01 -2.896362044826079440e+01 7.538487815687177829e+01
4.320235489295486531e+01 9.893754887269682996e+00 1.850898416495244803e+01 9.893754887269682996e+00 5.459860410860876101e+01 -2.863431662716723736e+01 1.850898416495244803e+01 -2.863431662716723736e+01 7.411295934425247367e+01
4.265071282223854610e+01 9.889457921632638815e+00 1.839325482166855252e+01 9.889457921632638815e+00 5.385380239287221826e+01 -2.824833701820482545e+01 1.839325482166855252e+01 -2.824833701820482545e+01 7.253218551143687876e+01
4.198167697095599493e+01 9.873085293671724827e+00 1.822317650590028748e+01 9.873085293671724827e+00 5.298612104715930826e+01 -2.781008049133401983e+01 1.822317650590028748e+01 -2.781008049133401983e+01 7.065478517723394702e+01
4.120334873281816357e+01 9.845401285812499736e+00 1.800100809681653757e+01 9.845401285812499736e+00 5.200828112784214596e+01 -2.732438750191669286e+01 1.800100809681653757e+01 -2.732438750191669286e+01 6.850316030873958084e+01
4.032218204830756036e+01 9.807628749935863866e+00 1.773001053276636441e+01 9.807628749935863866e+00 5.093118639752540844e+01 -2.679755913395026923e+01 1.773001053276636441e+01 -2.679755913395026923e+01 6.610012049034332904e+01
3.934748417896215500e+01 9.761279266839041568e+00 1.741434490695560200e+01 9.761279266839041568e+00 4.976847505149189743e+01 -2.623662678574990537e+01 1.741434490695560200e+01 -2.623662678574990537e+01 6.347355353855118665e+01
3.829080428143485904e+01 9.707966321642658158e+00 1.705900453123125260e+01 9.707966321642658158e+00 4.853592527581596983e+01 -2.564935216994852141e+01 1.705900453123125260e+01 -2.564935216994852141e+01 6.065717280035742220e+01
-9.527898573732814569e+00 9.383972072243023099e-01 -3.390879715186342125e+00 9.383972072243023099e-01 2.535144862545125832e+01 -2.056570884834685131e+01 -3.390879715186342125e+00 -2.056570884834685131e+01 7.183804274920089661e+00
-9.442474120017218198e+00 9.606086399371016604e-01 -3.494485301324109727e+00 9.606086399371016604e-01 2.538440752560573443e+01 -2.075086979992121172e+01 -3.494485301324109727e+00 -2.075086979992121172e+01 7.321121083933252116e+00
-9.335877155441517417e+00 9.820498374832475896e-01 -3.593021665318552493e+00 9.820498374832475896e-01 2.539588940332259526e+01 -2.089879077681015929e+01 -3.593021665318552493e+00 -2.089879077681015929e+01 7.442262954446688283e+00
-9.208985389846782610e+00 1.002613325188322912e+00 -3.686524632061143780e+00 1.002613325188322912e+00 2.538524941055533191e+01 -2.100947177901370111e+01 -3.686524632061143780e+00 -2.100947177901370111e+01 7.545456554332525378e+00
-9.063249731337641890e+00 1.022173715932175542e+00 -3.774671777528632255e+00 1.022173715932175542e+00 2.535177104947450744e+01 -2.108275159452020020e+01 -3.774671777528632255e+00 -2.108275159452020020e+01 7.628910639017147943e+00
-8.900336037367551967e+00 1.040551885257443354e+00 -3.857194415034976842e+00 1.040551885257443354e+00 2.529475573469641247e+01 -2.111870187311261304e+01 -3.857194415034976842e+00 -2.111870187311261304e+01 7.690851876372681417e+00
-8.722286326750433361e+00 1.057658270935446065e+00 -3.933805945448398678e+00 1.057658270935446065e+00 2.521343323105438827e+01 -2.111755547658549759e+01 -3.933805945448398678e+00 -2.111755547658549759e+01 7.729238247585203503e+00
-8.531393392540511655e+00 1.073421223183239182e+00 -4.004183944745647317e+00 1.073421223183239182e+00 2.510697956604457914e+01 -2.107976021608226702e+01 -4.004183944745647317e+00 -2.107976021608226702e+01 7.742045646286536353e+00
-8.330147064695108128e+00 1.087751179772142196e+00 -4.068041813794945227e+00 1.087751179772142196e+00 2.497448120493443469e+01 -2.100572807785484741e+01 -4.068041813794945227e+00 -2.100572807785484741e+01 7.726999191868188177e+00
-8.121108822954488105e+00 1.100612315810682418e+00 -4.125092953464514878e+00 1.100612315810682418e+00 2.481531121212319491e+01 -2.089612182239547522e+01 -4.125092953464514878e+00 -2.089612182239547522e+01 7.682110602853450487e+00
-2.466913496082579726e+01 1.111701898626437135e+01 -1.722105387079724537e+01 1.111701898626437135e+01 1.341115954821866652e+01 1.478975263900506398e+01 -1.722105387079724537e+01 1.478975263900506398e+01 -3.098393518481277553e+01
-2.444613885041155399e+01 1.112811286397184674e+01 -1.727355266728733696e+01 1.112811286397184674e+01 1.342513233303370335e+01 1.464127804760434337e+01 -1.727355266728733696e+01 1.464127804760434337e+01 -3.066760380575216161e+01
-2.416235562495551648e+01 1.113607111674051708e+01 -1.730151657390535291e+01 1.113607111674051708e+01 1.346928780000825299e+01 1.446570138801908101e+01 -1.730151657390535291e+01 1.446570138801908101e+01 -3.024086542226722329e+01
-2.381837206807196949e+01 1.114091208155832469e+01 -1.730501893860308726e+01 1.114091208155832469e+01 1.354435942866016696e+01 1.426390283567068984e+01 -1.730501893860308726e+01 1.426390283567068984e+01 -2.970568209206821564e+01
-2.341607688951937405e+01 1.114283746529267916e+01 -1.728396807644080013e+01 1.114283746529267916e+01 1.365018218609792733e+01 1.403694593586005723e+01 -1.728396807644080013e+01 1.403694593586005723e+01 -2.906425425370868254e+01
-2.295783556074279375e+01 1.114197562685920495e+01 -1.723827230247876585e+01 1.114197562685920495e+01 1.378657270244207211e+01 1.378585755991216999e+01 -1.723827230247876585e+01 1.378585755991216999e+01 -2.831977254309126835e+01
-2.244691206559665986e+01 1.113852827312531169e+01 -1.716796829069287611e+01 1.113852827312531169e+01 1.395257745431939789e+01 1.351155455722434162e+01 -1.716796829069287611e+01 1.351155455722434162e+01 -2.747658282635923754e+01
-2.188666207287513998e+01 1.113256875204278451e+01 -1.707305604108313091e+01 1.113256875204278451e+01 1.414731626630848638e+01 1.321486209225414932e+01 -1.707305604108313091e+01 1.321486209225414932e+01 -2.653963609025807457e+01
-2.128119306787818843e+01 1.112420708553929671e+01 -1.695371892352898868e+01 1.112420708553929671e+01 1.436930384238568692e+01 1.289656865548328568e+01 -1.695371892352898868e+01 1.289656865548328568e+01 -2.551500187779798168e+01
-2.063496093867673764e+01 1.111347994759074709e+01 -1.681012197092196914e+01 1.111347994759074709e+01 1.461698153857557259e+01 1.255720601956219262e+01 -1.681012197092196914e+01 1.255720601956219262e+01 -2.440931817861550002e+01
2.174476593584573436e+01 4.604543006844892261e+00 2.643067396209350051e+00 4.604543006844892261e+00 -5.098448554380745623e-01 -1.600105940800236937e+01 2.643067396209350051e+00 -1.600105940800236937e+01 3.316723252425605040e+01
2.177941351827907113e+01 4.670465712355858834e+00 2.517239162669435260e+00 4.670465712355858834e+00 -3.655568443722025385e-01 -1.601708746483500434e+01 2.517239162669435260e+00 -1.601708746483500434e+01 3.338528864628141690e+01
2.175626779722729154e+01 4.727229528248177992e+00 2.387630224693915615e+00 4.727229528248177992e+00 -2.429058225410823946e-01 -1.601818795157212705e+01 2.387630224693915615e+00 -1.601818795157212705e+01 3.348674642352985131e+01
2.167518677440174457e+01 4.774372960083699269e+00 2.254400330357535509e+00 4.774372960083699269e+00 -1.435957694086486269e-01 -1.600437861799982642e+01 2.254400330357535509e+00 -1.600437861799982642e+01 3.346876589022812709e+01
2.153617044980241957e+01 4.811523262354688413e+00 2.117815726451534264e+00 4.811523262354688413e+00 -6.941941336924904726e-02 -1.597558846497376273e+01 2.117815726451534264e+00 -1.597558846497376273e+01 3.333040630771386503e+01
2.133925432300148373e+01 4.838343189125574817e+00 1.978160409553234356e+00 4.838343189125574817e+00 -2.263097725538034538e-02 -1.593167549420528495e+01 1.978160409553234356e+00 -1.593167549420528495e+01 3.307078018668292430e+01
2.108452714292935681e+01 4.854619742963365958e+00 1.835594127737379289e+00 4.854619742963365958e+00 -5.715431118613703912e-03 -1.587233795933098257e+01 1.835594127737379289e+00 -1.587233795933098257e+01 3.268889353911468021e+01
2.077209540830252976e+01 4.860317424295896416e+00 1.690365378009126784e+00 4.860317424295896416e+00 -2.129974329918150541e-02 -1.579727411398744863e+01 1.690365378009126784e+00 -1.579727411398744863e+01 3.218403637356583147e+01
2.040220761612615874e+01 4.855347484192754415e+00 1.542527409726724530e+00 4.855347484192754415e+00 -7.225937914247325400e-02 -1.570604021352262336e+01 1.542527409726724530e+00 -1.570604021352262336e+01 3.155533895051832260e+01
1.997497026511674534e+01 4.839869670728682571e+00 1.392186721606668565e+00 4.839869670728682571e+00 -1.614875537799611016e-01 -1.559812151414010195e+01 1.392186721606668565e+00 -1.559812151414010195e+01 3.080187828109586334e+01
4.555017794793209163e+01 3.048827417808579909e+00 -1.516139141644953892e+00 3.048827417808579909e+00 8.354858611132142121e-01 -1.859698473018072917e+01 -1.516139141644953892e+00 -1.859698473018072917e+01 4.341095687931399993e+01
4.563167892926398395e+01 3.230447156805870801e+00 -1.551919632696447282e+00 3.230447156805870801e+00 8.745446235153343517e-01 -1.844881387747753365e+01 -1.551919632696447282e+00 -1.844881387747753365e+01 4.356424674396576791e+01
4.561951251045471167e+01 3.406702451774863860e+00 -1.579706050294005903e+00 3.406702451774863860e+00 8.788221540477028082e-01 -1.827467981691188470e+01 -1.579706050294005903e+00 -1.827467981691188470e+01 4.354366551099445104e+01
4.551387153099547334e+01 3.575857747294638234e+00 -1.599288024083578508e+00 3.575857747294638234e+00 8.478275885508679277e-01 -1.807568699284255587e+01 -1.599288024083578508e+00 -1.807568699284255587e+01 4.334872231624060390e+01
4.531503648469168155e+01 3.736089833630085622e+00 -1.610437652848277112e+00 3.736089833630085622e+00 7.803162357633613988e-01 -1.785309762739385064e+01 -1.610437652848277112e+00 -1.785309762739385064e+01 4.297925938193868234e+01
4.502397156899940001e+01 3.885645624497449990e+00 -1.613084813136751006e+00 3.885645624497449990e+00 6.751135278750656221e-01 -1.760829665872993388e+01 -1.613084813136751006e+00 -1.760829665872993388e+01 4.243587275742516596e+01
4.464195653690577359e+01 4.022877218789997933e+00 -1.607299628400350899e+00 4.022877218789997933e+00 5.305715637792485229e-01 -1.734266902501497754e+01 -1.607299628400350899e+00 -1.734266902501497754e+01 4.171987725741286823e+01
4.417095484504861247e+01 4.146294493166534423e+00 -1.593274938130289753e+00 4.146294493166534423e+00 3.450073806435027812e-01 -1.705759966441315001e+01 -1.593274938130289753e+00 -1.705759966441315001e+01 4.083302596818555230e+01
4.361315785128260103e+01 4.254530040325732010e+00 -1.571186050954943791e+00 4.254530040325732010e+00 1.167029539097458324e-01 -1.675447351508861615e+01 -1.571186050954943791e+00 -1.675447351508861615e+01 3.977794851916885932e+01
4.297147567883880015e+01 4.346444354183144121e+00 -1.541436176719576556e+00 4.346444354183144121e+00 -1.563051730598308264e-01 -1.643472810779405791e+01 -1.541436176719576556e+00 -1.643472810779405791e+01 3.855753750273098035e+01
2.716457392392999282e+01 -1.018804804939229669e+01 -1.281061059312335892e+01 -1.018804804939229669e+01 -7.887330237992794535e-01 -1.844084767305067984e+00 -1.281061059312335892e+01 -1.844084767305067984e+00 3.446175806998754609e+01
2.711561795892176718e+01 -1.012626859716773531e+01 -1.260134332591201201e+01 -1.012626859716773531e+01 -6.984903893141493070e-01 -1.779737075237457056e+00 -1.260134332591201201e+01 -1.779737075237457056e+00 3.451140480295355673e+01
2.699963979000937897e+01 -1.004780444196280520e+01 -1.235751994881244187e+01 -1.004780444196280520e+01 -6.348688892021596697e-01 -1.731719846171865695e+00 -1.235751994881244187e+01 -1.731719846171865695e+00 3.442582042418375465e+01
