1.846217586007467659e+00 -9.041476067147292533e-06 -9.041476061846434988e-06 -9.041476067057857712e-06 1.846248906599298634e+00 -1.566029591881752531e-05 -9.041476061846434988e-06 -1.566029591881752531e-05 -3.167229065114277597e-01
1.602282061576355332e+00 -6.678252271663120965e-02 -1.076042418744187074e-01 -6.678252271663125128e-02 1.854744394331650392e+00 2.156844831561525577e-03 -1.076042418744187074e-01 2.156844831561525577e-03 -6.680023345383188094e-01
1.372761755913961768e+00 -1.321239037237252056e-01 -2.141508515949724634e-01 -1.321239037237251224e-01 1.873128150954510129e+00 3.577783087219029920e-03 -2.141508515949724634e-01 3.577783087219029920e-03 -1.000366994639948270e+00
1.159240179022148487e+00 -1.958184377889320149e-01 -3.197223268049074196e-01 -1.958184377889319594e-01 1.901227136731953982e+00 4.373085987161942981e-03 -3.197223268049074196e-01 4.373085987161942981e-03 -1.312876573305691741e+00
9.619720684957434598e-01 -2.574110662733614663e-01 -4.241464042491165931e-01 -2.574110662733614663e-01 1.937900549414911078e+00 4.443297294709889871e-03 -4.241464042491165931e-01 4.443297294709889871e-03 -1.605295992157892648e+00
7.807016431063856787e-01 -3.165431149698371138e-01 -5.274610233392946768e-01 -3.165431149698372248e-01 1.981469294354111010e+00 3.831201733967224462e-03 -5.274610233392946768e-01 3.831201733967224462e-03 -1.878475149946538858e+00
6.147895080417965508e-01 -3.729155660193249622e-01 -6.296661840754413930e-01 -3.729155660193249067e-01 2.029968821255485611e+00 2.536799304934057343e-03 -6.296661840754413930e-01 2.536799304934057343e-03 -2.134095761219478860e+00
4.632988735027566696e-01 -4.262288393834907652e-01 -7.308401879371512200e-01 -4.262288393834906541e-01 2.081388398721488286e+00 6.052973879195534422e-04 -7.308401879371512200e-01 6.052973879195534422e-04 -2.374183116614981159e+00
3.249249964020379244e-01 -4.762026493042447739e-01 -8.310975023082654012e-01 -4.762026493042447184e-01 2.133452345318122223e+00 -1.980737820442421675e-03 -8.310975023082654012e-01 -1.980737820442421675e-03 -2.601395410095774352e+00
1.982803114348027085e-01 -5.226097475517922364e-01 -9.306170092637479074e-01 -5.226097475517923474e-01 2.183949718876872392e+00 -5.097148311490744786e-03 -9.306170092637479074e-01 -5.097148311490744786e-03 -2.818517416289477495e+00
3.360394674709607443e+01 -9.899609857645000233e+00 1.559009956457481749e+01 -9.899609857645000233e+00 3.899408677671161172e+01 -2.330134854913344711e+01 1.559009956457481749e+01 -2.330134854913344711e+01 5.652545606057375238e+01
3.340717070036311043e+01 -9.897220496056865713e+00 1.534912032846136043e+01 -9.897220496056865713e+00 3.882946322613202028e+01 -2.321875974641314500e+01 1.534912032846136043e+01 -2.321875974641314500e+01 5.606013654839174620e+01
3.313613398803949650e+01 -9.877828575921281384e+00 1.506759120220723780e+01 -9.877828575921281384e+00 3.858770485037025111e+01 -2.308100785659286203e+01 1.506759120220723780e+01 -2.308100785659286203e+01 5.538536698453100371e+01
3.279256803156590649e+01 -9.841849638384008614e+00 1.474703583668025608e+01 -9.841849638384008614e+00 3.827009290129242913e+01 -2.288883739089209612e+01 1.474703583668025608e+01 -2.288883739089209612e+01 5.450464484030171519e+01
3.237796185338133625e+01 -9.790149394165384322e+00 1.438975702239650722e+01 -9.790149394165384322e+00 3.787735457590360255e+01 -2.264349497274812961e+01 1.438975702239650722e+01 -2.264349497274812961e+01 5.342261032516488228e+01
3.189442778764340503e+01 -9.723905209845073117e+00 1.399855966208989244e+01 -9.723905209845073117e+00 3.741077112606990340e+01 -2.234667739517282925e+01 1.399855966208989244e+01 -2.234667739517282925e+01 5.214539267102050246e+01
3.134451102386990229e+01 -9.644536851004428257e+00 1.357683734178413637e+01 -9.644536851004428257e+00 3.687203934480317713e+01 -2.200037579282297528e+01 1.357683734178413637e+01 -2.200037579282297528e+01 5.068083521699484351e+01
3.073106840743795942e+01 -9.553723796440907634e+00 1.312839918864873034e+01 -9.553723796440907634e+00 3.626346202261953522e+01 -2.160718729785958203e+01 1.312839918864873034e+01 -2.160718729785958203e+01 4.903813181093790519e+01
3.005642004307807369e+01 -9.453543751883323409e+00 1.265790272635909730e+01 -9.453543751883323409e+00 3.558656281038677349e+01 -2.117043623944874753e+01 1.265790272635909730e+01 -2.117043623944874753e+01 4.722671869970137948e+01
2.932764744448261141e+01 -9.345849338273197304e+00 1.216908782522710020e+01 -9.345849338273197304e+00 3.484774796743538872e+01 -2.069297946296759250e+01 1.216908782522710020e+01 -2.069297946296759250e+01 4.526300975854287856e+01
5.621849634096042791e+01 -2.095235618850616710e+00 -1.901937120922982949e+00 -2.095235618850616710e+00 7.993282035884529080e+01 -3.009153064068064865e+01 -1.901937120922982949e+00 -3.009153064068064865e+01 7.835025180791033961e+01
5.609081600720260496e+01 -1.976998799005780461e+00 -1.782895170229437776e+00 -1.976998799005780461e+00 7.993620861783361420e+01 -2.996950299642314164e+01 -1.782895170229437776e+00 -2.996950299642314164e+01 7.818023501035787604e+01
5.586933792957015044e+01 -1.856598190005038118e+00 -1.660934620209320922e+00 -1.856598190005038118e+00 7.978066740199857065e+01 -2.975285570388293976e+01 -1.660934620209320922e+00 -2.975285570388293976e+01 7.769143671739456636e+01
5.555486723891176126e+01 -1.735509865071023228e+00 -1.535770320353714968e+00 -1.735509865071023228e+00 7.946728699269780805e+01 -2.944318225119810606e+01 -1.535770320353714968e+00 -2.944318225119810606e+01 7.688580266190479051e+01
5.514872904641593720e+01 -1.615511821494635791e+00 -1.407536459137404661e+00 -1.615511821494635791e+00 7.899876793298636812e+01 -2.904313286074565781e+01 -1.407536459137404661e+00 -2.904313286074565781e+01 7.576859974152384325e+01
5.465243297242403031e+01 -1.498365283007426996e+00 -1.276300130797782595e+00 -1.498365283007426996e+00 7.837945457473540500e+01 -2.855673318676912942e+01 -1.276300130797782595e+00 -2.855673318676912942e+01 7.434776184982338521e+01
5.406730412812451192e+01 -1.385881794018993141e+00 -1.142413580081158786e+00 -1.385881794018993141e+00 7.761474800405501639e+01 -2.798963591876883328e+01 -1.142413580081158786e+00 -2.798963591876883328e+01 7.263278282139445707e+01
5.339834103420314193e+01 -1.279772257582841632e+00 -1.005977448343622349e+00 -1.279772257582841632e+00 7.671481299791014408e+01 -2.734808082082227543e+01 -1.005977448343622349e+00 -2.734808082082227543e+01 7.064149294982408378e+01
5.264951902422541252e+01 -1.181680482515087061e+00 -8.676794515184452772e-01 -1.181680482515087061e+00 7.569013303089339217e+01 -2.664045467260350719e+01 -8.676794515184452772e-01 -2.664045467260350719e+01 6.839244379175129041e+01
5.182672561752251994e+01 -1.093065768479015709e+00 -7.281569848608561157e-01 -1.093065768479015709e+00 7.455429468607668753e+01 -2.587625130870356216e+01 -7.281569848608561157e-01 -2.587625130870356216e+01 6.591035957365517106e+01
-1.863473985531393851e+01 -8.600511206707203371e+00 2.374762412606218476e+01 -8.600511206707203371e+00 -3.812748252867898913e+01 6.968004579697368861e-01 2.374762412606218476e+01 6.968004579697368861e-01 -3.637995002276345247e+01
-1.863995028409745913e+01 -8.624637757378710745e+00 2.365213735509467341e+01 -8.624637757378710745e+00 -3.827932121964216350e+01 6.716922323100308345e-01 2.365213735509467341e+01 6.716922323100308345e-01 -3.663688457255938857e+01
-1.860655445613353010e+01 -8.643497244171227223e+00 2.352704930755992763e+01 -8.643497244171227223e+00 -3.837805506941678857e+01 6.495667883452372893e-01 2.352704930755992763e+01 6.495667883452372893e-01 -3.676835350751742482e+01
-1.853377835845070010e+01 -8.657146302180224851e+00 2.337185026759868833e+01 -8.657146302180224851e+00 -3.842258913282374522e+01 6.301975856934640685e-01 2.337185026759868833e+01 6.301975856934640685e-01 -3.677443234109819770e+01
-1.842275469295842072e+01 -8.665415026119287489e+00 2.318625705973359885e+01 -8.665415026119287489e+00 -3.841369742283448119e+01 6.136223810850265359e-01 2.318625705973359885e+01 6.136223810850265359e-01 -3.665621601848084765e+01
-1.827448401301005276e+01 -8.668114632336834546e+00 2.296983548156602595e+01 -8.668114632336834546e+00 -3.835183302021277996e+01 5.996901475986633478e-01 2.296983548156602595e+01 5.996901475986633478e-01 -3.641500714686124951e+01
-1.809032556089694310e+01 -8.665018580450976060e+00 2.272213245233218970e+01 -8.665018580450976060e+00 -3.823767554610433450e+01 5.882121015827976862e-01 2.272213245233218970e+01 5.882121015827976862e-01 -3.605275019785064927e+01
-1.787182736256202631e+01 -8.655768181523715299e+00 2.244260049944251634e+01 -8.655768181523715299e+00 -3.807231994568826394e+01 5.789050675600645457e-01 2.244260049944251634e+01 5.789050675600645457e-01 -3.557174833199827901e+01
-1.762061295740886280e+01 -8.640080260077688479e+00 2.213059775848164179e+01 -8.640080260077688479e+00 -3.785663462376184185e+01 5.715047484182564919e-01 2.213059775848164179e+01 5.715047484182564919e-01 -3.497481442571263699e+01
-1.733872120887448176e+01 -8.617633883905213565e+00 2.178542572993873705e+01 -8.617633883905213565e+00 -3.759199770098157245e+01 5.655958201239045247e-01 2.178542572993873705e+01 5.655958201239045247e-01 -3.426521443616599782e+01
-5.585734964003926883e+00 1.514556402861707873e+01 -6.942334345532841233e+00 1.514556402861707873e+01 1.525688618894498383e+01 1.851129531138742124e+01 -6.942334345532841233e+00 1.851129531138742124e+01 -1.769068211095169829e+01
-5.587403798735907756e+00 1.511147989316716433e+01 -6.863046556255789632e+00 1.511147989316716433e+01 1.521928298895154263e+01 1.831000119159619643e+01 -6.863046556255789632e+00 1.831000119159619643e+01 -1.775339038995667806e+01
-5.552176874284744379e+00 1.506790879505609659e+01 -6.774525757428973449e+00 1.506790879505609659e+01 1.520393696522050142e+01 1.808412803852416317e+01 -6.774525757428973449e+00 1.808412803852416317e+01 -1.774635226086962803e+01
-5.479727679507223392e+00 1.501497771083957034e+01 -6.676173345289834415e+00 1.501497771083957034e+01 1.521102951283141813e+01 1.783340375955198098e+01 -6.676173345289834415e+00 1.783340375955198098e+01 -1.767036586204062232e+01
-5.370963189801160276e+00 1.495295873313692780e+01 -6.567662808695159171e+00 1.495295873313692780e+01 1.523974435392626781e+01 1.755775579664782171e+01 -6.567662808695159171e+00 1.755775579664782171e+01 -1.752653770345500206e+01
-5.226935496628020594e+00 1.488216023358343421e+01 -6.448812752565384443e+00 1.488216023358343421e+01 1.528906567605948474e+01 1.725716601030372743e+01 -6.448812752565384443e+00 1.725716601030372743e+01 -1.731659103836861746e+01
-5.049041342100441199e+00 1.480294500233820720e+01 -6.319496200344817183e+00 1.480294500233820720e+01 1.535770557416618232e+01 1.693150742396400688e+01 -6.319496200344817183e+00 1.693150742396400688e+01 -1.704268446822826277e+01
-4.839058397998140748e+00 1.471573024808424357e+01 -6.179531756953891453e+00 1.471573024808424357e+01 1.544408591105415418e+01 1.658050794500931602e+01 -6.179531756953891453e+00 1.658050794500931602e+01 -1.670762961676717140e+01
-4.598891312656532726e+00 1.462098759802841208e+01 -6.028973840916478366e+00 1.462098759802841208e+01 1.554651971248346243e+01 1.620393175983622314e+01 -6.028973840916478366e+00 1.620393175983622314e+01 -1.631451020033791721e+01
-4.330626129490593890e+00 1.451927937691735515e+01 -5.867641057153014650e+00 1.451927937691735515e+01 1.566322930667439017e+01 1.580141607828559813e+01 -5.867641057153014650e+00 1.580141607828559813e+01 -1.586693598102380776e+01
-1.407521887611877354e+01 6.410841692741215070e+00 9.036799778915094450e+00 6.410841692741215070e+00 -2.413378395841773028e+01 -1.769793793574042695e+01 9.036799778915094450e+00 -1.769793793574042695e+01 -3.221523560265316632e+01
-1.413005685847674187e+01 6.472578707221743777e+00 9.073215480902552699e+00 6.472578707221743777e+00 -2.415423865635948530e+01 -1.767658822822602005e+01 9.073215480902552699e+00 -1.767658822822602005e+01 -3.233691961246891822e+01
-1.414286668298538707e+01 6.529225354757786981e+00 9.100625149065153963e+00 6.529225354757786981e+00 -2.412956995501314239e+01 -1.763683488637386532e+01 9.100625149065153963e+00 -1.763683488637386532e+01 -3.234361353823107521e+01
-1.411282792420310628e+01 6.580539236923421242e+00 9.119159305632246415e+00 6.580539236923421242e+00 -2.405938628769066767e+01 -1.757877114034777932e+01 9.119159305632246415e+00 -1.757877114034777932e+01 -3.223507498151372630e+01
-1.404059319327662969e+01 6.626277955292716904e+00 9.128650136308957386e+00 6.626277955292716904e+00 -2.394445214173537551e+01 -1.750237834411500515e+01 9.128650136308957386e+00 -1.750237834411500515e+01 -3.201270239477413071e+01
-1.392696426961479261e+01 6.666273695570798630e+00 9.128967118865938701e+00 6.666273695570798630e+00 -2.378594221721137458e+01 -1.740750732941342704e+01 9.128967118865938701e+00 -1.740750732941342704e+01 -3.167841631938697233e+01
-1.377311585328171084e+01 6.700265413298978068e+00 9.119923792975557220e+00 6.700265413298978068e+00 -2.358531090467423041e+01 -1.729387840575158819e+01 9.119923792975557220e+00 -1.729387840575158819e+01 -3.123464073961149978e+01
-1.358039045863636751e+01 6.728141232280672845e+00 9.101277760211882395e+00 6.728141232280672845e+00 -2.334397530261398401e+01 -1.716108136040869425e+01 9.101277760211882395e+00 -1.716108136040869425e+01 -3.068420985242781995e+01
-1.335022383020156234e+01 6.749714692188244491e+00 9.072712038017931135e+00 6.749714692188244491e+00 -2.306361355397936919e+01 -1.700863139653289124e+01 9.072712038017931135e+00 -1.700863139653289124e+01 -3.003018160720915120e+01
-1.308403306646733633e+01 6.764780686661294062e+00 9.033872351771195852e+00 6.764780686661294062e+00 -2.274571734139146884e+01 -1.683583861091191380e+01 9.033872351771195852e+00 -1.683583861091191380e+01 -2.927563259936151496e+01
-6.441502057459049801e+00 2.248185124698766302e+01 2.059175081551074982e+01 2.248185124698766302e+01 3.010585021059952737e+00 6.397561485318537855e+00 2.059175081551074982e+01 6.397561485318537855e+00 -6.304196878262103176e+00
-6.361162951679756539e+00 2.246849783099305498e+01 2.063698482903682319e+01 2.246849783099305498e+01 2.848139713523908156e+00 6.347536273420592678e+00 2.063698482903682319e+01 6.347536273420592678e+00 -6.422428351393080881e+00
-6.271970148528867917e+00 2.243005893911226067e+01 2.064112019797375908e+01 2.243005893911226067e+01 2.705351071551550746e+00 6.278765270174146096e+00 2.064112019797375908e+01 6.278765270174146096e+00 -6.520037632292276619e+00
-6.173923648006383935e+00 2.236642526643945672e+01 2.060315496068486141e+01 2.236642526643945672e+01 2.583640058918567295e+00 6.191503520359449730e+00 2.060315496068486141e+01 6.191503520359449730e+00 -6.595767714542734694e+00
-6.068407978919385215e+00 2.227765146542754948e+01 2.052221467792354659e+01 2.227765146542754948e+01 2.483134198015084948e+00 6.086151808631183435e+00 2.052221467792354659e+01 6.086151808631183435e+00 -6.649582163175848493e+00
-5.957135584792419003e+00 2.216395614588819285e+01 2.039771639019209815e+01 2.216395614588819285e+01 2.403414486702117436e+00 5.963311311971371431e+00 2.039771639019209815e+01 5.963311311971371431e+00 -6.682246112532372884e+00
-5.841782474181425044e+00 2.202584939738188652e+01 2.022933218277304945e+01 2.202584939738188652e+01 2.343715790638910335e+00 5.823747164720767699e+00 2.022933218277304945e+01 5.823747164720767699e+00 -6.694615784374581935e+00
-5.724261482938292289e+00 2.186395061437495357e+01 2.001691631579197050e+01 2.186395061437495357e+01 2.303090800641671265e+00 5.668297371157342113e+00 2.001691631579197050e+01 5.668297371157342113e+00 -6.687766010276392059e+00
-5.606394359493387825e+00 2.167904314869245397e+01 1.976043235428025469e+01 2.167904314869245397e+01 2.280282510293445863e+00 5.497945675433494550e+00 1.976043235428025469e+01 5.497945675433494550e+00 -6.662826274264634030e+00
-5.489966417308476565e+00 2.147211074448678758e+01 1.946013534301815184e+01 2.147211074448678758e+01 2.273979260724367624e+00 5.313694039185927309e+00 1.946013534301815184e+01 5.313694039185927309e+00 -6.620944277850440152e+00
-3.255485022016016305e+00 1.078292025791677489e+01 -2.093204264499736666e+01 1.078292025791677489e+01 -1.177945011905946338e+01 1.886046138716732434e+00 -2.093204264499736666e+01 1.886046138716732434e+00 1.438653623348834820e+01
-3.334133998031077795e+00 1.077480047937448049e+01 -2.086750314963315489e+01 1.077480047937448049e+01 -1.207709644055720233e+01 1.960107257797581992e+00 -2.086750314963315489e+01 1.960107257797581992e+00 1.385898730339843254e+01
-3.430497199431012501e+00 1.075217069298866690e+01 -2.076982913196630065e+01 1.075217069298866690e+01 -1.237064646122082578e+01 2.032511650763298761e+00 -2.076982913196630065e+01 2.032511650763298761e+00 1.328972892792645943e+01
-3.543573308234147845e+00 1.071550424907793975e+01 -2.063925726715611120e+01 1.071550424907793975e+01 -1.265815216243143837e+01 2.103077259799034593e+00 -2.063925726715611120e+01 2.103077259799034593e+00 1.268238405758792986e+01
-3.673799263196122933e+00 1.066538373264982376e+01 -2.047587858411000994e+01 1.066538373264982376e+01 -1.293904916496300572e+01 2.171603821308453419e+00 -2.047587858411000994e+01 2.171603821308453419e+00 1.203911918037955964e+01
-3.822085353391186935e+00 1.060253737496371329e+01 -2.027978411173542383e+01 1.060253737496371329e+01 -1.321337388037850324e+01 2.237854660132251983e+00 -2.027978411173542383e+01 2.237854660132251983e+00 1.136119049522381097e+01
-3.989141604297251842e+00 1.052787546509386019e+01 -2.005113770206570933e+01 1.052787546509386019e+01 -1.348138118961871612e+01 2.301556689548154289e+00 -2.005113770206570933e+01 2.301556689548154289e+00 1.065020011089135998e+01
-4.176023951240447118e+00 1.044234470367748280e+01 -1.978993935510087354e+01 1.044234470367748280e+01 -1.374378111816155723e+01 2.362509645959827154e+00 -1.978993935510087354e+01 2.362509645959827154e+00 9.907094728019425034e+00
-4.382932657817106836e+00 1.034701923182218941e+01 -1.949562469161488565e+01 1.034701923182218941e+01 -1.400055546022554509e+01 2.420458648426479620e+00 -1.949562469161488565e+01 2.420458648426479620e+00 9.134477773360359265e+00
-4.612471150779582807e+00 1.024293677907262889e+01 -1.916901297177455987e+01 1.024293677907262889e+01 -1.425474458131866662e+01 2.474966758192473471e+00 -1.916901297177455987e+01 2.474966758192473471e+00 8.329782231724779606e+00
-3.485695422080706152e+01 -2.512899743994565505e+00 -4.738783195011635918e+00 -2.512899743994565505e+00 -2.903562804310998402e+01 1.491547342293024414e+01 -4.738783195011635918e+00 1.491547342293024414e+01 -3.124412458495872968e+01
-3.470045313947785814e+01 -2.584942024157217855e+00 -4.794723685379278066e+00 -2.584942024157217855e+00 -2.917683998365965437e+01 1.491269529722617371e+01 -4.794723685379278066e+00 1.491269529722617371e+01 -3.123405151692969639e+01
-3.450035249352765732e+01 -2.654924333559710803e+00 -4.843860602594099340e+00 -2.654924333559710803e+00 -2.927447125840263809e+01 1.489124514298047330e+01 -4.843860602594099340e+00 1.489124514298047330e+01 -3.110911145550385726e+01
-3.425699246161409661e+01 -2.722374201844208752e+00 -4.885986059698651296e+00 -2.722374201844208752e+00 -2.932729344440857133e+01 1.485142534122215530e+01 -4.885986059698651296e+00 1.485142534122215530e+01 -3.087028713902551758e+01
-3.397180935362500520e+01 -2.787008146796011943e+00 -4.920740979220981082e+00 -2.787008146796011943e+00 -2.933560892270646647e+01 1.479344377890866546e+01 -4.920740979220981082e+00 1.479344377890866546e+01 -3.051905267501111041e+01
-3.364640956877701683e+01 -2.848372596871597828e+00 -4.947785182503445789e+00 -2.848372596871597828e+00 -2.929983346721121151e+01 1.471739495011157395e+01 -4.947785182503445789e+00 1.471739495011157395e+01 -3.005778931406413790e+01
-3.328289087545890368e+01 -2.906070676970385680e+00 -4.966797389702718668e+00 -2.906070676970385680e+00 -2.922079862575260378e+01 1.462339224771675994e+01 -4.966797389702718668e+00 1.462339224771675994e+01 -2.948946417003179477e+01
-3.288354003020260308e+01 -2.959743309620420870e+00 -4.977513017418412566e+00 -2.959743309620420870e+00 -2.909975172007532507e+01 1.451137897528128207e+01 -4.977513017418412566e+00 1.451137897528128207e+01 -2.881785700577675868e+01
-3.245060599191140227e+01 -3.008899125649554751e+00 -4.979629684621512453e+00 -3.008899125649554751e+00 -2.893795897073836798e+01 1.438129843636220073e+01 -4.979629684621512453e+00 1.438129843636220073e+01 -2.804663419127583524e+01
-3.198654560644605382e+01 -3.053235744028774068e+00 -4.972882807911631176e+00 -3.053235744028774068e+00 -2.873712127102994884e+01 1.423292384518775400e+01 -4.972882807911631176e+00 1.423292384518775400e+01 -2.718012355500678012e+01
-4.942592164070554617e+01 -8.199732478911665012e+00 1.477857817459685918e+01 -8.199732478911665012e+00 -3.921381341039275270e+01 -8.604200902738471157e+00 1.477857817459685918e+01 -8.604200902738471157e+00 -5.654289324996882726e+01
-4.934261748560479077e+01 -8.208636540006368776e+00 1.468638927306754560e+01 -8.208636540006368776e+00 -3.914599961754350943e+01 -8.519641294338024196e+00 1.468638927306754560e+01 -8.519641294338024196e+00 -5.631275900280314772e+01
-4.919310265494516443e+01 -8.212673305231515286e+00 1.457986888925565516e+01 -8.212673305231515286e+00 -3.901680381567266664e+01 -8.423628088911202738e+00 1.457986888925565516e+01 -8.423628088911202738e+00 -5.589623822729934943e+01
-4.897791795937883563e+01 -8.211784830588658934e+00 1.445839895384441398e+01 -8.211784830588658934e+00 -3.882674750076622416e+01 -8.316161286458010338e+00 1.445839895384441398e+01 -8.316161286458010338e+00 -5.529709728335648578e+01
-4.869820296420859762e+01 -8.205913172079355888e+00 1.432170906150773781e+01 -8.205913172079355888e+00 -3.857689297946239293e+01 -8.197414718973782044e+00 1.432170906150773781e+01 -8.197414718973782044e+00 -5.451832994422765921e+01
-4.835517449340185436e+01 -8.194903812374409569e+00 1.416950949225339507e+01 -8.194903812374409569e+00 -3.826847639039470295e+01 -8.067658791784609207e+00 1.416950949225339507e+01 -8.067658791784609207e+00 -5.356403091913645653e+01
-4.795097647490113957e+01 -8.178834010138416488e+00 1.400156847008759087e+01 -8.178834010138416488e+00 -3.790348714417650910e+01 -7.927183224882725199e+00 1.400156847008759087e+01 -7.927183224882725199e+00 -5.243989803459685106e+01
-4.748802324197507119e+01 -8.157587877374485430e+00 1.381780873634573403e+01 -8.157587877374485430e+00 -3.748424300074569260e+01 -7.776393626257259051e+00 1.381780873634573403e+01 -7.776393626257259051e+00 -5.115249827709950381e+01
-4.696946308520595892e+01 -8.131165414082614618e+00 1.361824960569397192e+01 -8.131165414082614618e+00 -3.701364116002461913e+01 -7.615753547895788955e+00 1.361824960569397192e+01 -7.615753547895788955e+00 -4.971038804374844489e+01
-4.639850223917452610e+01 -8.099470046932058409e+00 1.340337394478602917e+01 -8.099470046932058409e+00 -3.649488785659401202e+01 -7.446151464441169487e+00 1.340337394478602917e+01 -7.446151464441169487e+00 -4.812432560358866596e+01
2.211316055335970887e+01 6.025923052496897636e-01 -1.962283953099681000e+01 6.025923052496897636e-01 -4.932783316846669486e+00 -1.062715646957968652e+01 -1.962283953099681000e+01 -1.062715646957968652e+01 -2.918887685264395415e+01
2.221621719306003584e+01 6.456307296014177632e-01 -1.956119038588330383e+01 6.456307296014177632e-01 -4.801874021050086760e+00 -1.067519641187713120e+01 -1.956119038588330383e+01 -1.067519641187713120e+01 -2.886361509319588592e+01
2.235212800680233514e+01 6.850992299121814177e-01 -1.946645148798400626e+01 6.850992299121814177e-01 -4.618412543939815151e+00 -1.070988085154416503e+01 -1.946645148798400626e+01 -1.070988085154416503e+01 -2.843009584024161995e+01
2.252107420900492940e+01 7.209615632983160660e-01 -1.933851410864792442e+01 7.209615632983160660e-01 -4.382235792539364461e+00 -1.073108293848796357e+01 -1.933851410864792442e+01 -1.073108293848796357e+01 -2.789052990968469103e+01
2.272164232720489707e+01 7.532358512016540386e-01 -1.917761382661887382e+01 7.532358512016540386e-01 -4.094974696613640219e+00 -1.073865770117386731e+01 -1.917761382661887382e+01 -1.073865770117386731e+01 -2.724883153296088167e+01
2.295218331019550106e+01 7.819402150640276661e-01 -1.898407682784984019e+01 7.819402150640276661e-01 -3.758513886113204361e+00 -1.073247828950905181e+01 -1.898407682784984019e+01 -1.073247828950905181e+01 -2.650915052024979346e+01
2.321083064946801500e+01 8.071471406527660486e-01 -1.875841051271212478e+01 8.071471406527660486e-01 -3.374991691174269004e+00 -1.071243597484251886e+01 -1.875841051271212478e+01 -1.071243597484251886e+01 -2.567616220354415546e+01
2.349530104335156011e+01 8.289291137351985084e-01 -1.850121288878619907e+01 8.289291137351985084e-01 -2.946854506444194222e+00 -1.067834954275595294e+01 -1.850121288878619907e+01 -1.067834954275595294e+01 -2.475537550116099439e+01
2.380334743305894207e+01 8.474129844041512483e-01 -1.821317257086168695e+01 8.474129844041512483e-01 -2.476911155406988474e+00 -1.063014650748201717e+01 -1.821317257086168695e+01 -1.063014650748201717e+01 -2.375246242439382272e+01
2.413239657384996306e+01 8.627437241942825796e-01 -1.789503253805371230e+01 8.627437241942825796e-01 -1.967970461546659111e+00 -1.056770001892788713e+01 -1.789503253805371230e+01 -1.056770001892788713e+01 -2.267345741337279463e+01
6.028105321476009415e+00 -3.271797093788234356e+00 -1.730286706147386511e+01 -3.271797093788234356e+00 2.652036285383788083e+01 8.324984097251752146e+00 -1.730286706147386511e+01 8.324984097251752146e+00 -1.233144231982794814e+01
6.059195743712693094e+00 -3.312069661452332614e+00 -1.719094512120559415e+01 -3.312069661452332614e+00 2.648118212023045359e+01 8.201177274792833316e+00 -1.719094512120559415e+01 8.201177274792833316e+00 -1.235897085719122934e+01
6.119837281155344755e+00 -3.346560878291762187e+00 -1.705423317817520257e+01 -3.346560878291762187e+00 2.645809251476970658e+01 8.060975042564884063e+00 -1.705423317817520257e+01 8.060975042564884063e+00 -1.233602444308217549e+01
6.210155226236695469e+00 -3.375270744306523962e+00 -1.689253434427410738e+01 -3.375270744306523962e+00 2.645146991475382947e+01 7.904502693000641678e+00 -1.689253434427410738e+01 7.904502693000641678e+00 -1.226220930128362241e+01
6.328968250305266885e+00 -3.398020270306999269e+00 -1.670579492274542588e+01 -3.398020270306999269e+00 2.646065206018124272e+01 7.732064507722451907e+00 -1.670579492274542588e+01 7.732064507722451907e+00 -1.213876045720394004e+01
6.474916035519959756e+00 -3.414684163860454813e+00 -1.649399701467018886e+01 -3.414684163860454813e+00 2.648490509537451487e+01 7.544161656461251475e+00 -1.649399701467018886e+01 7.544161656461251475e+00 -1.196737830814449843e+01
6.646495072687979899e+00 -3.425137132534158635e+00 -1.625699742869671383e+01 -3.425137132534158635e+00 2.652320878195281040e+01 7.341241612191080179e+00 -1.625699742869671383e+01 7.341241612191080179e+00 -1.175026442113760439e+01
6.841825975318338138e+00 -3.429397075247072380e+00 -1.599463507455433309e+01 -3.429397075247072380e+00 2.657427439775088729e+01 7.123805544642873855e+00 -1.599463507455433309e+01 7.123805544642873855e+00 -1.148997834159479581e+01
7.059100952595888323e+00 -3.427446093080233513e+00 -1.570665936737758628e+01 -3.427446093080233513e+00 2.663677742276556870e+01 6.892426219223406925e+00 -1.570665936737758628e+01 6.892426219223406925e+00 -1.118931230087411954e+01
7.296315325596908430e+00 -3.419266287114681280e+00 -1.539276602554412499e+01 -3.419266287114681280e+00 2.670933964023679152e+01 6.647551108906727180e+00 -1.539276602554412499e+01 6.647551108906727180e+00 -1.085123751952323445e+01
-1.503169153017043236e+01 1.397537888943816853e+01 6.254216411275570486e+00 1.397537888943816853e+01 8.611898011621402560e+00 1.097973681686475445e+01 6.254216411275570486e+00 1.097973681686475445e+01 -2.833082791881419737e+01
-1.486266757358156809e+01 1.398757120217616468e+01 6.149655870606703267e+00 1.398757120217616468e+01 8.326121201625676704e+00 1.100989674837453691e+01 6.149655870606703267e+00 1.100989674837453691e+01 -2.849121641780968162e+01
-1.464509437769914868e+01 1.399213644408858848e+01 6.035194805308485400e+00 1.399213644408858848e+01 8.076939664148808262e+00 1.102410583464814309e+01 6.035194805308485400e+00 1.102410583464814309e+01 -2.854095738691973239e+01
-1.438027367816888180e+01 1.398885460351700694e+01 5.910154846100757808e+00 1.398885460351700694e+01 7.865691803446251740e+00 1.102326245662415971e+01 5.910154846100757808e+00 1.102326245662415971e+01 -2.848120588735111625e+01
-1.406991056534359963e+01 1.397750566880299239e+01 5.773949295227706280e+00 1.397750566880299239e+01 7.692890980054340133e+00 1.100813665510709782e+01 5.773949295227706280e+00 1.100813665510709782e+01 -2.831320865183492685e+01
-1.371629682733195210e+01 1.395794296550758951e+01 5.626083126457863237e+00 1.395794296550758951e+01 7.558793874241244382e+00 1.097938846507224042e+01 5.626083126457863237e+00 1.097938846507224042e+01 -2.803890911668729657e+01
-1.332192592959613897e+01 1.393005648780158445e+01 5.466024644950024047e+00 1.393005648780158445e+01 7.463180474348530602e+00 1.093769625579975191e+01 5.466024644950024047e+00 1.093769625579975191e+01 -2.766094742180939292e+01
-1.288962135508602103e+01 1.389362622402654601e+01 5.293205487253243469e+00 1.389362622402654601e+01 7.405647425669079631e+00 1.088364672504544295e+01 5.293205487253243469e+00 1.088364672504544295e+01 -2.718253207055331444e+01
-1.242224325536118101e+01 1.384852383404839316e+01 5.107093958526315980e+00 1.384852383404839316e+01 7.385571361837340199e+00 1.081775323334565364e+01 5.107093958526315980e+00 1.081775323334565364e+01 -2.660716491514907389e+01
-1.192267011628608309e+01 1.379463931203790672e+01 4.907030023793950591e+00 1.379463931203790672e+01 7.402218910658544537e+00 1.074041913540750137e+01 4.907030023793950591e+00 1.074041913540750137e+01 -2.593854948518024628e+01
9.178356998470688310e+00 1.439583462252145907e+01 -2.081418567700390021e+00 1.439583462252145907e+01 5.568529678248442139e+00 -1.292579743927628089e+00 -2.081418567700390021e+00 -1.292579743927628089e+00 2.866589496602242448e+01
9.373215031203129044e+00 1.422166773735430922e+01 -2.166347054984381071e+00 1.422166773735430922e+01 5.626472044809850637e+00 -1.402598706608426671e+00 -2.166347054984381071e+00 -1.402598706608426671e+00 2.898032172185041944e+01
9.530267458098899525e+00 1.402757869282005920e+01 -2.247555785402701289e+00 1.402757869282005920e+01 5.662757557696609823e+00 -1.507306285687763037e+00 -2.247555785402701289e+00 -1.507306285687763037e+00 2.920204069118015511e+01
9.648477039262761679e+00 1.381501604808274308e+01 -2.325098409294759527e+00 1.381501604808274308e+01 5.676974897639918360e+00 -1.606720364612106211e+00 -2.325098409294759527e+00 -1.606720364612106211e+00 2.932854819150589876e+01
9.726287914851864613e+00 1.358585756502166397e+01 -2.399046460446434548e+00 1.358585756502166397e+01 5.668408726780993945e+00 -1.700930360613804426e+00 -2.399046460446434548e+00 -1.700930360613804426e+00 2.935844931400302116e+01
9.762340942934518040e+00 1.334212407308788606e+01 -2.469435705750664400e+00 1.334212407308788606e+01 5.636182756242827274e+00 -1.790061457818144852e+00 -2.469435705750664400e+00 -1.790061457818144852e+00 2.929061740154394045e+01
9.755151797453750717e+00 1.308589005207187661e+01 -2.536391329332737143e+00 1.308589005207187661e+01 5.579063028219018783e+00 -1.874328257582761337e+00 -2.536391329332737143e+00 -1.874328257582761337e+00 2.912376484598284065e+01
9.703289802691994481e+00 1.281931939899645734e+01 -2.600002748424999677e+00 1.281931939899645734e+01 5.495672517331410489e+00 -1.954034778497637737e+00 -2.600002748424999677e+00 -1.954034778497637737e+00 2.885665768951333732e+01
9.605413700164035617e+00 1.254462966122385126e+01 -2.660377263706270146e+00 1.254462966122385126e+01 5.384544780969498845e+00 -2.029520806045695736e+00 -2.660377263706270146e+00 -2.029520806045695736e+00 2.848816927500783081e+01
9.460182231384651530e+00 1.226398473577688009e+01 -2.717622175855366251e+00 1.226398473577688009e+01 5.243980891718674542e+00 -2.101215542942204362e+00 -2.717622175855366251e+00 -2.101215542942204362e+00 2.801692257708817380e+01
-2.838584905112390899e+01 1.304045617942778001e+01 -1.646525342650078372e+01 1.304045617942778001e+01 8.867157705320483529e+00 -1.055310060240719938e+00 -1.646525342650078372e+01 -1.055310060240719938e+00 -2.737327090099377358e+01
-2.838113801045023976e+01 1.297719891171544049e+01 -1.633133054868339329e+01 1.297719891171544049e+01 8.882362358161387306e+00 -1.056473964407156130e+00 -1.633133054868339329e+01 -1.056473964407156130e+00 -2.736379339563850621e+01
-2.832539993314646409e+01 1.290701364301241050e+01 -1.618235081537956788e+01 1.290701364301241050e+01 8.919662715495270788e+00 -1.054072257397049794e+00 -1.618235081537956788e+01 -1.054072257397049794e+00 -2.725955931139989374e+01
-2.821800668045609228e+01 1.283025139203554943e+01 -1.601800015721105908e+01 1.283025139203554943e+01 8.979483694716225983e+00 -1.047975616525241405e+00 -1.601800015721105908e+01 -1.047975616525241405e+00 -2.706154780575127816e+01
-2.805923537241875820e+01 1.274737402551757270e+01 -1.583814925149271602e+01 1.274737402551757270e+01 9.061474277107395281e+00 -1.037999295098645858e+00 -1.583814925149271602e+01 -1.037999295098645858e+00 -2.677014684674815115e+01
-2.785030533720881252e+01 1.265880646085257588e+01 -1.564263182620075021e+01 1.265880646085257588e+01 9.164618355856806176e+00 -1.023977021093486650e+00 -1.564263182620075021e+01 -1.023977021093486650e+00 -2.638716695198273143e+01
-2.759249132700855611e+01 1.256506598878119441e+01 -1.543109686261830937e+01 1.256506598878119441e+01 9.287715077459409940e+00 -1.005760997155295655e+00 -1.543109686261830937e+01 -1.005760997155295655e+00 -2.591502830313444505e+01
-2.728738216337850986e+01 1.246668837471337810e+01 -1.520323029136714332e+01 1.246668837471337810e+01 9.429526639071534433e+00 -9.832219005989131233e-01 -1.520323029136714332e+01 -9.832219005989131233e-01 -2.535652057526887404e+01
-2.693701005994261521e+01 1.236417243472045513e+01 -1.495853329637592743e+01 1.236417243472045513e+01 9.588408795124722772e+00 -9.562858327471052133e-01 -1.495853329637592743e+01 -9.562858327471052133e-01 -2.471508005687740095e+01
-2.654348112900203560e+01 1.225810935822029712e+01 -1.469647011223470834e+01 1.225810935822029712e+01 9.762698825381207257e+00 -9.249527935998719252e-01 -1.469647011223470834e+01 -9.249527935998719252e-01 -2.399434625781379893e+01
5.732244425425732537e+00 -7.087793601872705906e+00 1.889482596994485064e+00 -7.087793601872705906e+00 7.516784501576393218e+00 8.435530945530829161e-01 1.889482596994485064e+00 8.435530945530829161e-01 4.066927542525361616e+01
5.625785909634300808e+00 -7.023123040931219307e+00 1.844430794198512968e+00 -7.023123040931219307e+00 7.459586903964880555e+00 9.814551290813707807e-01 1.844430794198512968e+00 9.814551290813707807e-01 4.045140019843034196e+01
5.474346931985607512e+00 -6.949891567344418597e+00 1.799824872269484510e+00 -6.949891567344418597e+00 7.353895303264590844e+00 1.118287049528994492e+00 1.799824872269484510e+00 1.118287049528994492e+00 4.009808419946431002e+01
5.279532663600650544e+00 -6.868866096203444016e+00 1.755539984564655320e+00 -6.868866096203444016e+00 7.200886824964256583e+00 1.253567304559654705e+00 1.755539984564655320e+00 1.253567304559654705e+00 3.961255560583218482e+01
5.041895996754438336e+00 -6.780867048303472977e+00 1.711736648196125143e+00 -6.780867048303472977e+00 7.000614974767911391e+00 1.386653825724952771e+00 1.711736648196125143e+00 1.386653825724952771e+00 3.899643742388964540e+01
4.762096835130048333e+00 -6.686946702490492278e+00 1.668450533633249577e+00 -6.686946702490492278e+00 6.753186764083620730e+00 1.516761862699068208e+00 1.668450533633249577e+00 1.516761862699068208e+00 3.825217308078754286e+01
4.440741576706523475e+00 -6.588068161437099945e+00 1.625538958998606454e+00 -6.588068161437099945e+00 6.458851886196871561e+00 1.643106665156180535e+00 1.625538958998606454e+00 1.643106665156180535e+00 3.738234868555414891e+01
4.078507960401618782e+00 -6.485426385866705168e+00 1.582930583353484799e+00 -6.485426385866705168e+00 6.117824363923800135e+00 1.764939153239824643e+00 1.582930583353484799e+00 1.764939153239824643e+00 3.639006756902338680e+01
3.675895372786309068e+00 -6.380020148921259349e+00 1.540482724820462890e+00 -6.380020148921259349e+00 5.730389561019246791e+00 1.881528082328213003e+00 1.540482724820462890e+00 1.881528082328213003e+00 3.527800501639692499e+01
3.233813410829160073e+00 -6.273062246558851029e+00 1.497999195818085605e+00 -6.273062246558851029e+00 5.297100369758224403e+00 1.992177878268913460e+00 1.497999195818085605e+00 1.992177878268913460e+00 3.404985292125304852e+01
-7.721281235469261262e+00 5.599133403610919935e+00 1.504828234965800426e+01 5.599133403610919935e+00 2.125659278605143498e+01 -8.043118486397136113e-01 1.504828234965800426e+01 -8.043118486397136113e-01 -2.722939130575234046e+01
-7.624285458406418137e+00 5.659345188137487881e+00 1.514620362431302603e+01 5.659345188137487881e+00 2.139590739419202237e+01 -6.848863652252027423e-01 1.514620362431302603e+01 -6.848863652252027423e-01 -2.689866201913488908e+01
-7.475334787100187839e+00 5.713332547681352125e+00 1.522309251251045481e+01 5.713332547681352125e+00 2.156770515311698588e+01 -5.643357670907859225e-01 1.522309251251045481e+01 -5.643357670907859225e-01 -2.646115571619605689e+01
-7.275645071328530555e+00 5.760895865114786574e+00 1.527920307241285158e+01 5.760895865114786574e+00 2.177049800787419187e+01 -4.428052303293545933e-01 1.527920307241285158e+01 -4.428052303293545933e-01 -2.592215317731476176e+01
-7.026196249718460685e+00 5.801799229286843662e+00 1.531433568689248936e+01 5.801799229286843662e+00 2.200283419753472458e+01 -3.204943720686336817e-01 1.531433568689248936e+01 -3.204943720686336817e-01 -2.528468495343010147e+01
-6.728675994349837985e+00 5.835897464104632171e+00 1.532843591491453239e+01 5.835897464104632171e+00 2.226251793369361565e+01 -1.976753974827941129e-01 1.532843591491453239e+01 -1.976753974827941129e-01 -2.455319706238686805e+01
-6.384771977302519552e+00 5.863099834510095754e+00 1.532146746245576452e+01 5.863099834510095754e+00 2.254722639886459845e+01 -7.447533565311549586e-02 1.532146746245576452e+01 -7.447533565311549586e-02 -2.373244402122724495e+01
-5.996534810888594080e+00 5.883315605445176288e+00 1.529333959445811786e+01 5.883315605445176288e+00 2.285441901142209176e+01 4.897878433912249141e-02 1.529333959445811786e+01 4.897878433912249141e-02 -2.282748884619079988e+01
-5.566105842478202170e+00 5.896581070933097024e+00 1.524410675195643705e+01 5.896581070933097024e+00 2.318144630767082504e+01 1.726325214590856971e-01 1.524410675195643705e+01 1.726325214590856971e-01 -2.184361231765645073e+01
-5.093303601955232018e+00 5.902642172811298771e+00 1.517335155368365562e+01 5.902642172811298771e+00 2.352741908404183846e+01 2.966129047880537994e-01 1.517335155368365562e+01 2.966129047880537994e-01 -2.078310095908723198e+01
5.159783343015330814e+00 2.170156969915350587e+01 -7.315170892288235471e+00 2.170156969915350587e+01 3.786963668195570420e+01 -4.994206562390611559e+00 -7.315170892288235471e+00 -4.994206562390611559e+00 4.241036582824719403e+01
5.219333196017196919e+00 2.180738520717990170e+01 -7.425461448439621748e+00 2.180738520717990170e+01 3.765772377310764796e+01 -4.953913510965975320e+00 -7.425461448439621748e+00 -4.953913510965975320e+00 4.220308653222146233e+01
5.242201749033890579e+00 2.188497619907937519e+01 -7.525920993355790678e+00 2.188497619907937519e+01 3.736696897308107168e+01 -4.898944415887329207e+00 -7.525920993355790678e+00 -4.898944415887329207e+00 4.183692540945879301e+01
5.227331904083128755e+00 2.193377888926137942e+01 -7.616038596345301670e+00 2.193377888926137942e+01 3.699975075233612642e+01 -4.829352132053785773e+00 -7.616038596345301670e+00 -4.829352132053785773e+00 4.131301003114030124e+01
