3.065892200386588051e+00 0.000000000000000000e+00 -1.808295212146902902e-05 0.000000000000000000e+00 -5.902456401968705357e-01 1.808295212146902902e-05 -1.808295212146902902e-05 1.808295212146902902e-05 -3.788016810405332446e-01
3.000106420568684040e+00 -1.030728270923734688e-03 4.218752729938724660e-02 -1.030728270923734688e-03 -5.033208893489689029e-01 6.419448003121504265e-02 4.218752729938724660e-02 6.419448003121504265e-02 -3.573733827765924187e-01
2.946725545906106802e+00 -2.188037206697752545e-03 8.444738640726036361e-02 -2.188037206697752545e-03 -4.048592150475701090e-01 1.309024904073143036e-01 8.444738640726036361e-02 1.309024904073143036e-01 -3.186216163802843004e-01
2.905604912781886373e+00 -3.508092711564991806e-03 1.267795773236193857e-01 -3.508092711564991806e-03 -2.960179262284480250e-01 2.000155334155689357e-01 1.267795773236193857e-01 2.000155334155689357e-01 -2.640653498298122237e-01
2.876455193962078383e+00 -4.864314120675169301e-03 1.691660170963427690e-01 -4.864314120675169301e-03 -1.780266636358625865e-01 2.711900329656710129e-01 1.691660170963427690e-01 2.711900329656710129e-01 -1.949703897736790592e-01
2.858408407744852386e+00 -6.220535529785345928e-03 2.115886227733091152e-01 -6.220535529785345928e-03 -5.278413724256809936e-02 3.440281641109482758e-01 2.115886227733091152e-01 3.440281641109482758e-01 -1.133620268494893307e-01
2.850542323572013537e+00 -7.522508082531115421e-03 2.541558920672472022e-01 -7.522508082531115421e-03 7.795560659565299588e-02 4.181321019047283261e-01 2.541558920672472022e-01 4.181321019047283261e-01 -2.139213235969786298e-02
2.851554968890815722e+00 -8.697899970426603913e-03 2.968497420260355901e-01 -8.697899970426603913e-03 2.120045306721028977e-01 4.931040214003389321e-01 2.968497420260355901e-01 4.931040214003389321e-01 7.838959744656824602e-02
2.860180537052756655e+00 -9.674379384985930599e-03 3.397244215060386541e-01 -9.674379384985930599e-03 3.473373443491771240e-01 5.683833510820145429e-01 3.397244215060386541e-01 5.683833510820145429e-01 1.832345538468456714e-01
2.874773479414781896e+00 -1.041578042196616115e-02 3.828341793636208523e-01 -1.041578042196616115e-02 4.816575127074490537e-01 6.435541830509612371e-01 3.828341793636208523e-01 6.435541830509612371e-01 2.902494645016994168e-01
-3.659904189408939601e+01 2.935904392647110672e+00 6.707154259008481390e+00 2.935904392647110672e+00 -4.701909247733015995e+00 5.138202665449313145e+00 6.707154259008481390e+00 5.138202665449313145e+00 -4.483522755459377862e+01
-3.652553329077814936e+01 2.922603906319134470e+00 6.866666429547522377e+00 2.922603906319134470e+00 -4.744920397886585484e+00 5.172053339807979988e+00 6.866666429547522377e+00 5.172053339807979988e+00 -4.477889718503289629e+01
-3.638512886116100020e+01 2.908591562976421407e+00 7.020858405555372883e+00 2.908591562976421407e+00 -4.745669721059992519e+00 5.197942455449195975e+00 7.020858405555372883e+00 5.197942455449195975e+00 -4.456822497482948364e+01
-3.617722914669919021e+01 2.893942294936311832e+00 7.169973717063390595e+00 2.893942294936311832e+00 -4.703314228683154852e+00 5.215738880817615275e+00 7.169973717063390595e+00 5.215738880817615275e+00 -4.420723853604060594e+01
-3.590248980516946631e+01 2.878674835278141941e+00 7.313993630992238870e+00 2.878674835278141941e+00 -4.618322247739452102e+00 5.225274018199221437e+00 7.313993630992238870e+00 5.225274018199221437e+00 -4.369777371044110481e+01
-3.556250314831532222e+01 2.862920315557257123e+00 7.452805748865908519e+00 2.862920315557257123e+00 -4.491705364512983856e+00 5.226379269879996237e+00 7.452805748865908519e+00 5.226379269879996237e+00 -4.304292145612127740e+01
-3.515874908940423182e+01 2.846641269614987202e+00 7.586260206049717958e+00 2.846641269614987202e+00 -4.324456432208513945e+00 5.218867305066590134e+00 7.586260206049717958e+00 5.218867305066590134e+00 -4.224610992659948749e+01
-3.469237034627563787e+01 2.829875163610002797e+00 7.714057273274303128e+00 2.829875163610002797e+00 -4.117006311650752259e+00 5.202550792965650039e+00 7.714057273274303128e+00 5.202550792965650039e+00 -4.131057994460068983e+01
-3.416733833174859569e+01 2.812734396018314875e+00 7.836122018222322794e+00 2.812734396018314875e+00 -3.872876821754712040e+00 5.177317335101164986e+00 7.836122018222322794e+00 5.177317335101164986e+00 -4.024129577614873199e+01
-3.358530155680461604e+01 2.795181500681253262e+00 7.952079779307074325e+00 2.795181500681253262e+00 -3.592948417249145709e+00 5.142998333759119411e+00 7.952079779307074325e+00 5.142998333759119411e+00 -3.904421454047218276e+01
1.447780180294334684e+01 -4.239636069309528743e+00 1.975327704062985035e+01 -4.239636069309528743e+00 -2.044741659654975408e+01 9.059268278799169849e+00 1.975327704062985035e+01 9.059268278799169849e+00 -1.587937846745695047e+01
1.467560289896609937e+01 -4.303895396653516059e+00 1.982645011207385366e+01 -4.303895396653516059e+00 -2.034974899469975185e+01 9.007685464581028256e+00 1.982645011207385366e+01 9.007685464581028256e+00 -1.547941073270672518e+01
1.489289367727311308e+01 -4.365652299936637171e+00 1.986911918219197659e+01 -4.365652299936637171e+00 -2.021085532638716131e+01 8.945709370869217025e+00 1.986911918219197659e+01 8.945709370869217025e+00 -1.501518367061250991e+01
1.512830419768508428e+01 -4.424450132432458105e+00 1.988090066773401077e+01 -4.424450132432458105e+00 -2.003159408745768744e+01 8.873449592878081660e+00 1.988090066773401077e+01 8.873449592878081660e+00 -1.448887091959214324e+01
1.537986174634380987e+01 -4.479759183938311295e+00 1.986111873154483121e+01 -4.479759183938311295e+00 -1.981333521809062859e+01 8.791033991691023175e+00 1.986111873154483121e+01 8.791033991691023175e+00 -1.390430831214767515e+01
1.564519176027182823e+01 -4.531068010120591794e+00 1.980918886581459759e+01 -4.531068010120591794e+00 -1.955772264650115844e+01 8.698371237962753355e+00 1.980918886581459759e+01 8.698371237962753355e+00 -1.326639110118649789e+01
1.592193794236072968e+01 -4.577810369038517457e+00 1.972456309447159484e+01 -4.577810369038517457e+00 -1.926652816198783924e+01 8.595333470609874738e+00 1.972456309447159484e+01 8.595333470609874738e+00 -1.257837061140083001e+01
1.620763440028776259e+01 -4.619493082227539738e+00 1.960680303665843738e+01 -4.619493082227539738e+00 -1.894172447840888296e+01 8.481646701596520899e+00 1.960680303665843738e+01 8.481646701596520899e+00 -1.184444799267387793e+01
1.649912113870599839e+01 -4.655513376008763693e+00 1.945519632348188566e+01 -4.655513376008763693e+00 -1.858563136113456693e+01 8.356890815934372441e+00 1.945519632348188566e+01 8.356890815934372441e+00 -1.107048658897306836e+01
1.679400532876891461e+01 -4.685359806048579934e+00 1.926921324473928365e+01 -4.685359806048579934e+00 -1.820029458749932871e+01 8.220609166896997166e+00 1.926921324473928365e+01 8.220609166896997166e+00 -1.025981078846685790e+01
1.857727699380200548e+00 5.781306152995751901e+00 -2.235383687431793831e+01 5.781306152995751901e+00 7.901914744673286251e+00 -2.138188075215934791e+00 -2.235383687431793831e+01 -2.138188075215934791e+00 1.314765066277192140e+00
1.924710039221393165e+00 5.722527572139147090e+00 -2.242190102853072275e+01 5.722527572139147090e+00 7.587323125413760749e+00 -2.124449032696690942e+00 -2.242190102853072275e+01 -2.124449032696690942e+00 9.807548790475572043e-01
2.000148561400544978e+00 5.658267798466465770e+00 -2.245705999560752986e+01 5.658267798466465770e+00 7.281764656157047710e+00 -2.104183043468831116e+00 -2.245705999560752986e+01 -2.104183043468831116e+00 6.544616343352924748e-01
2.083592509929492742e+00 5.589067739163505522e+00 -2.245880892884160218e+01 5.589067739163505522e+00 6.987024330616272927e+00 -2.077660561125252325e+00 -2.245880892884160218e+01 -2.077660561125252325e+00 3.369851767515184005e-01
2.173527344688003904e+00 5.515684664290382955e+00 -2.242637252793331371e+01 5.515684664290382955e+00 6.704310174839719139e+00 -2.045314311414593078e+00 -2.242637252793331371e+01 -2.045314311414593078e+00 2.910080659587751389e-02
2.268059890525789157e+00 5.438767662470051611e+00 -2.235911973449922030e+01 5.438767662470051611e+00 6.434163096013180372e+00 -2.007595050325016839e+00 -2.235911973449922030e+01 -2.007595050325016839e+00 -2.698405647545866204e-01
2.364990458220607827e+00 5.359164154960263104e+00 -2.225645555063495351e+01 5.359164154960263104e+00 6.176835517490030014e+00 -1.965061715281847476e+00 -2.225645555063495351e+01 -1.965061715281847476e+00 -5.609568121505211780e-01
2.462119358550219239e+00 5.277685502539711138e+00 -2.211762270628039317e+01 5.277685502539711138e+00 5.932165167114529680e+00 -1.918363394908042086e+00 -2.211762270628039317e+01 -1.918363394908042086e+00 -8.452215685263605449e-01
2.557138720855221869e+00 5.195070945028986031e+00 -2.194202620353117084e+01 5.195070945028986031e+00 5.699827500575200823e+00 -1.868077056868449048e+00 -2.194202620353117084e+01 -1.868077056868449048e+00 -1.124816492864819439e+00
2.647668553518109924e+00 5.112149873446308668e+00 -2.172887271184810487e+01 5.112149873446308668e+00 5.479209489728138927e+00 -1.814833759546500058e+00 -2.172887271184810487e+01 -1.814833759546500058e+00 -1.401382336962815334e+00
1.698633098963965438e+01 -6.495994398928414348e+00 2.127526732884261662e+01 -6.495994398928414348e+00 1.272629600690755503e+01 -1.314348468060384256e+01 2.127526732884261662e+01 -1.314348468060384256e+01 1.063477205571460082e+01
1.702967410967707806e+01 -6.473261993314380902e+00 2.116479675222728574e+01 -6.473261993314380902e+00 1.279709630705918499e+01 -1.305888447304416466e+01 2.116479675222728574e+01 -1.305888447304416466e+01 1.076250143125886538e+01
1.706401341415757145e+01 -6.439885473071659483e+00 2.101722332378230362e+01 -6.439885473071659483e+00 1.286340361410121425e+01 -1.294124650265876042e+01 2.101722332378230362e+01 -1.294124650265876042e+01 1.085708606795097886e+01
1.708856441222072675e+01 -6.396043131577614282e+00 2.083293928893787239e+01 -6.396043131577614282e+00 1.292427297313361478e+01 -1.279114130825519524e+01 2.083293928893787239e+01 -1.279114130825519524e+01 1.091585156513047217e+01
1.710243563697972391e+01 -6.342252019626603676e+00 2.061249735716382858e+01 -6.342252019626603676e+00 1.297842067183935555e+01 -1.260933555135613737e+01 2.061249735716382858e+01 -1.260933555135613737e+01 1.093706847703690244e+01
1.710452166949489339e+01 -6.279082676026195742e+00 2.035648589660547003e+01 -6.279082676026195742e+00 1.302454516856367128e+01 -1.239677418686162369e+01 2.035648589660547003e+01 -1.239677418686162369e+01 1.091914999261172348e+01
1.709362794413789288e+01 -6.207230444948113934e+00 2.006549327540810879e+01 -6.207230444948113934e+00 1.306113096959896325e+01 -1.215456263371131662e+01 2.006549327540810879e+01 -1.215456263371131662e+01 1.086020620205486509e+01
1.706852423660490814e+01 -6.127515475928237976e+00 1.974019700840572611e+01 -6.127515475928237976e+00 1.308675172792631081e+01 -1.188373499349393114e+01 1.974019700840572611e+01 -1.188373499349393114e+01 1.075854331828136168e+01
1.702767722385059201e+01 -6.040811406515653736e+00 1.938127461043231037e+01 -6.040811406515653736e+00 1.309951753374564198e+01 -1.158552149051328684e+01 1.938127461043231037e+01 -1.158552149051328684e+01 1.061212879678925169e+01
1.696987451090886978e+01 -5.948027532934925254e+00 1.898920747360674710e+01 -5.948027532934925254e+00 1.309789506401162029e+01 -1.126097405569583820e+01 1.898920747360674710e+01 -1.126097405569583820e+01 1.041928667983130197e+01
-5.360776437282239293e+00 4.526119991527355779e+00 1.913727109093262513e+01 4.526119991527355779e+00 -2.277721628921969454e+01 1.341949323134852357e+01 1.913727109093262513e+01 1.341949323134852357e+01 -2.328331373368028068e+01
-5.331982418357208431e+00 4.515405507621447434e+00 1.916045804833176902e+01 4.515405507621447434e+00 -2.275395531120635084e+01 1.342493374649245652e+01 1.916045804833176902e+01 1.342493374649245652e+01 -2.321830512925635048e+01
-5.275560205180846118e+00 4.498084683897906721e+00 1.915396273943543903e+01 4.498084683897906721e+00 -2.268702217081314032e+01 1.341070328341189821e+01 1.915396273943543903e+01 1.341070328341189821e+01 -2.306580415884428348e+01
-5.190880622532425548e+00 4.473935458514124441e+00 1.911763712301523910e+01 4.473935458514124441e+00 -2.257523253821280917e+01 1.337639472872873014e+01 1.911763712301523910e+01 1.337639472872873014e+01 -2.282642149251124764e+01
-5.079239031160502904e+00 4.442865305702345502e+00 1.905159222999246182e+01 4.442865305702345502e+00 -2.241990027930746621e+01 1.332158246391128920e+01 1.905159222999246182e+01 1.332158246391128920e+01 -2.250234073837624393e+01
-4.941967802120733388e+00 4.404763194541266635e+00 1.895592058613487296e+01 4.404763194541266635e+00 -2.222237627030632368e+01 1.324574834466014650e+01 1.895592058613487296e+01 1.324574834466014650e+01 -2.209622663855058278e+01
-4.780436316775878325e+00 4.359610619877337001e+00 1.883088126359217540e+01 4.359610619877337001e+00 -2.198445551110379981e+01 1.314835572152233212e+01 1.883088126359217540e+01 1.314835572152233212e+01 -2.161024429599970276e+01
-4.596124987409997864e+00 4.307426086864105663e+00 1.867667781905343460e+01 4.307426086864105663e+00 -2.170772944490526868e+01 1.302873840897001934e+01 1.867667781905343460e+01 1.302873840897001934e+01 -2.104766912290210357e+01
-4.390754793303318415e+00 4.248283616115776873e+00 1.849366185043611210e+01 4.248283616115776873e+00 -2.139438167982972416e+01 1.288626723178247779e+01 1.849366185043611210e+01 1.288626723178247779e+01 -2.041209111904662876e+01
-4.165306507594029206e+00 4.182331248860757356e+00 1.828224047111832107e+01 4.182331248860757356e+00 -2.104637376215354649e+01 1.272025749927832905e+01 1.828224047111832107e+01 1.272025749927832905e+01 -1.970682270691887439e+01
2.087921976336543306e+00 -5.002112482674156979e+00 -2.104083068706708559e+01 -5.002112482674156979e+00 4.108560244320430854e+01 -1.905899458707820315e+01 -2.104083068706708559e+01 -1.905899458707820315e+01 2.546444390131818025e+01
2.049215206132093403e+00 -4.969571236340702747e+00 -2.103309286627769481e+01 -4.969571236340702747e+00 4.078988695874411263e+01 -1.890884906450055425e+01 -2.103309286627769481e+01 -1.890884906450055425e+01 2.501580929185126223e+01
2.013441034674305907e+00 -4.936076012101708876e+00 -2.099684170586713705e+01 -4.936076012101708876e+00 4.042891231904190619e+01 -1.870275450438867892e+01 -2.099684170586713705e+01 -1.870275450438867892e+01 2.446289076430270626e+01
1.980263803070491324e+00 -4.902280461485043261e+00 -2.093175921320023036e+01 -4.902280461485043261e+00 4.000658276700740856e+01 -1.844290152267381799e+01 -2.093175921320023036e+01 -1.844290152267381799e+01 2.380913323888696453e+01
1.948270210719847961e+00 -4.868732238473517882e+00 -2.083752739564179279e+01 -4.868732238473517882e+00 3.952648455291514296e+01 -1.813218738558761700e+01 -2.083752739564179279e+01 -1.813218738558761700e+01 2.305980126034202371e+01
1.915163644146073540e+00 -4.836102660852514390e+00 -2.071384592681415171e+01 -4.836102660852514390e+00 3.899200959820704782e+01 -1.777377435322436128e+01 -2.071384592681415171e+01 -1.777377435322436128e+01 2.221915239672780018e+01
1.878294164722665194e+00 -4.804939382604842102e+00 -2.056050281162719173e+01 -4.804939382604842102e+00 3.840692081573274663e+01 -1.737128400837361397e+01 -2.056050281162719173e+01 -1.737128400837361397e+01 2.129172687622436300e+01
1.834782172475490025e+00 -4.775825390228331635e+00 -2.037730372124830325e+01 -4.775825390228331635e+00 3.777505178337192149e+01 -1.692853226265753008e+01 -2.037730372124830325e+01 -1.692853226265753008e+01 2.028321323374994378e+01
1.781359409765194357e+00 -4.749237672675754141e+00 -2.016416032438993255e+01 -4.749237672675754141e+00 3.710032441029179040e+01 -1.644937036021330456e+01 -2.016416032438993255e+01 -1.644937036021330456e+01 1.919686206068638512e+01
1.714934281527525251e+00 -4.725564887612329734e+00 -1.992109028730958897e+01 -4.725564887612329734e+00 3.638687260074969743e+01 -1.593791453904076150e+01 -1.992109028730958897e+01 -1.593791453904076150e+01 1.803995185512781063e+01
-3.395548854024636132e+00 -1.980645701300090211e+00 -1.103756798731240529e+01 -1.980645701300090211e+00 -3.278965816437068526e+01 1.262021251750996065e+01 -1.103756798731240529e+01 1.262021251750996065e+01 -1.550323268977949454e+01
-3.245730781746808624e+00 -1.983296200413752208e+00 -1.108088418611399995e+01 -1.983296200413752208e+00 -3.282652419749707917e+01 1.268528875798595479e+01 -1.108088418611399995e+01 1.268528875798595479e+01 -1.535124602731776378e+01
-3.075913488884078006e+00 -1.979978442781965553e+00 -1.110540593665508169e+01 -1.979978442781965553e+00 -3.282189045778788028e+01 1.273281239244350083e+01 -1.110540593665508169e+01 1.273281239244350083e+01 -1.513305249189099477e+01
-2.887246142884325018e+00 -1.970470008898688841e+00 -1.111085521455309966e+01 -1.970470008898688841e+00 -3.277594229483145938e+01 1.276235711682935481e+01 -1.111085521455309966e+01 1.276235711682935481e+01 -1.485104309318913174e+01
-2.681600774590065850e+00 -1.954752363805085213e+00 -1.109700960030201244e+01 -1.954752363805085213e+00 -3.268932843218710360e+01 1.277331127750190198e+01 -1.109700960030201244e+01 1.277331127750190198e+01 -1.450788686528467863e+01
-2.461164509144043055e+00 -1.932751367665807463e+00 -1.106364667439577865e+01 -1.932751367665807463e+00 -3.256292001292015925e+01 1.276497054602534220e+01 -1.106364667439577865e+01 1.276497054602534220e+01 -1.410638258696199010e+01
-2.228346891195040591e+00 -1.904596765192713592e+00 -1.101063669212254048e+01 -1.904596765192713592e+00 -3.239812569390219466e+01 1.273651938421085994e+01 -1.101063669212254048e+01 1.273651938421085994e+01 -1.364982948089401482e+01
-1.985631605227188512e+00 -1.870381231179986781e+00 -1.093784990877044017e+01 -1.870381231179986781e+00 -3.219644680679900972e+01 1.268708664899312311e+01 -1.093784990877044017e+01 1.268708664899312311e+01 -1.314171211934207228e+01
-1.735613545477638464e+00 -1.830253045298322112e+00 -1.084523071946296646e+01 -1.830253045298322112e+00 -3.195969977757660985e+01 1.261572705747145662e+01 -1.084523071946296646e+01 1.261572705747145662e+01 -1.258557067944398966e+01
-1.480906141142378951e+00 -1.784379022177250418e+00 -1.073268644940593752e+01 -1.784379022177250418e+00 -3.168973810211866748e+01 1.252140265195099822e+01 -1.073268644940593752e+01 1.252140265195099822e+01 -1.198492680337875704e+01
1.836487800011020255e+01 -1.101926779494951880e+01 -2.399205537321497417e+01 -1.101926779494951880e+01 -2.071705345056169989e+01 3.556631047891628761e+00 -2.399205537321497417e+01 3.556631047891628761e+00 9.977455874073582365e+00
1.849612475416602564e+01 -1.094733238497364880e+01 -2.397700081187357668e+01 -1.094733238497364880e+01 -2.067959842746533639e+01 3.575168110169828495e+00 -2.397700081187357668e+01 3.575168110169828495e+00 1.021299627597641546e+01
1.860328421007561772e+01 -1.085771239992807047e+01 -2.391215736995130570e+01 -1.085771239992807047e+01 -2.062380586037361496e+01 3.582060559940587474e+00 -2.391215736995130570e+01 3.582060559940587474e+00 1.042316157990742731e+01
1.868532250037335984e+01 -1.075095198058415491e+01 -2.379781525585955748e+01 -1.075095198058415491e+01 -2.055078216885499742e+01 3.577816261923856711e+00 -2.379781525585955748e+01 3.577816261923856711e+00 1.060403397231271505e+01
1.874120575759364371e+01 -1.062775850994469451e+01 -2.363435536813829430e+01 -1.062775850994469451e+01 -2.046154308234937957e+01 3.562924942813874729e+00 -2.363435536813829430e+01 3.562924942813874729e+00 1.075403544495528507e+01
1.876953735375660770e+01 -1.048900261324388872e+01 -2.342239439966174430e+01 -1.048900261324388872e+01 -2.035773916119660498e+01 3.537930743382017518e+00 -2.342239439966174430e+01 3.537930743382017518e+00 1.087120709105818683e+01
1.876901135101094553e+01 -1.033559119176736374e+01 -2.316278483763839091e+01 -1.033559119176736374e+01 -2.024122048401935103e+01 3.503450356502509688e+00 -2.316278483763839091e+01 3.503450356502509688e+00 1.095378952212730717e+01
1.873833994953106696e+01 -1.016850369890359573e+01 -2.285652427348242810e+01 -1.016850369890359573e+01 -2.011425430403168590e+01 3.460118613075290561e+00 -2.285652427348242810e+01 3.460118613075290561e+00 1.099991452151425619e+01
1.867625348751709780e+01 -9.988846554221048279e+00 -2.250462843663375523e+01 -9.988846554221048279e+00 -1.997932553075622408e+01 3.408606620051723102e+00 -2.250462843663375523e+01 3.408606620051723102e+00 1.100789525282776538e+01
1.858162740737486018e+01 -9.797744315313899222e+00 -2.210829443678940009e+01 -9.797744315313899222e+00 -1.983900976384413894e+01 3.349567346357459119e+00 -2.210829443678940009e+01 3.349567346357459119e+00 1.097599046559943758e+01
-1.786367083151129975e+01 -6.275565567757022123e+00 1.823261195423575032e+01 -6.275565567757022123e+00 -4.353556468892601572e+01 8.489174362811785501e-01 1.823261195423575032e+01 8.489174362811785501e-01 -4.750596912420189710e+01
-1.780488079966622550e+01 -6.306298014220082848e+00 1.815763996138265313e+01 -6.306298014220082848e+00 -4.332836729369789452e+01 8.105018782023525326e-01 1.815763996138265313e+01 8.105018782023525326e-01 -4.709908670954774124e+01
-1.769397840335569683e+01 -6.331301325601757846e+00 1.806345070416715970e+01 -6.331301325601757846e+00 -4.304966953382824357e+01 7.716310246203700318e-01 1.806345070416715970e+01 7.716310246203700318e-01 -4.652613526011727174e+01
-1.753397997528812979e+01 -6.350177118336786997e+00 1.794981653483769790e+01 -6.350177118336786997e+00 -4.270318965592618099e+01 7.328929655601414961e-01 1.794981653483769790e+01 7.328929655601414961e-01 -4.579111758220906125e+01
-1.732535978161265078e+01 -6.362318331754291734e+00 1.781662362951846390e+01 -6.362318331754291734e+00 -4.228983825099801663e+01 6.949137323385070619e-01 1.781662362951846390e+01 6.949137323385070619e-01 -4.489873839602240935e+01
-1.707065988888854235e+01 -6.367459376810766791e+00 1.766339772206035263e+01 -6.367459376810766791e+00 -4.181297312337952121e+01 6.582624443344122778e-01 1.766339772206035263e+01 6.582624443344122778e-01 -4.385226065266325435e+01
-1.677103750651966507e+01 -6.365107016711124999e+00 1.749015778310932134e+01 -6.365107016711124999e+00 -4.127466207348087579e+01 6.234892502808379033e-01 1.749015778310932134e+01 6.234892502808379033e-01 -4.265923466922561857e+01
-1.642882602395969371e+01 -6.354824926598174883e+00 1.729677101814361606e+01 -6.354824926598174883e+00 -4.067856643597328059e+01 5.912012108486590645e-01 1.729677101814361606e+01 5.912012108486590645e-01 -4.132688826182210562e+01
-1.604622603614054910e+01 -6.336309576136478938e+00 1.708319948587130810e+01 -6.336309576136478938e+00 -4.002825269229814609e+01 5.618346508950676776e-01 1.708319948587130810e+01 5.618346508950676776e-01 -3.986400483953445217e+01
-1.562686093644152230e+01 -6.309276405636564888e+00 1.684948112758432615e+01 -6.309276405636564888e+00 -3.932914644720140274e+01 5.359207485070792698e-01 1.684948112758432615e+01 5.359207485070792698e-01 -3.828132178797874730e+01
9.242206844520978848e+00 1.102472174303747821e+01 9.357037634540350979e+00 1.102472174303747821e+01 -3.494571021118810705e+01 -1.599372605201227238e+01 9.357037634540350979e+00 -1.599372605201227238e+01 -3.579860095116375618e+01
9.345966921041233277e+00 1.109668138078174238e+01 9.236782937907317859e+00 1.109668138078174238e+01 -3.498531215947689788e+01 -1.599341027662722858e+01 9.236782937907317859e+00 -1.599341027662722858e+01 -3.572266625857250233e+01
9.485706816433621569e+00 1.115823900584227069e+01 9.106943529587129049e+00 1.115823900584227069e+01 -3.496683001194061546e+01 -1.597996196022897308e+01 9.106943529587129049e+00 -1.597996196022897308e+01 -3.552441504183409648e+01
9.660925005086603790e+00 1.120913456790197316e+01 8.967816609942175887e+00 1.120913456790197316e+01 -3.488994799319422668e+01 -1.595300960236450827e+01 8.967816609942175887e+00 -1.595300960236450827e+01 -3.520447885171866176e+01
9.869931159939072884e+00 1.124907086659845667e+01 8.819922279606647209e+00 1.124907086659845667e+01 -3.475531622903046269e+01 -1.591203310239965241e+01 8.819922279606647209e+00 -1.591203310239965241e+01 -3.476549534144240283e+01
1.011086777872607989e+01 1.127771355152402499e+01 8.663650614056182420e+00 1.127771355152402499e+01 -3.456378917049119082e+01 -1.585638233454167434e+01 8.663650614056182420e+00 -1.585638233454167434e+01 -3.421032506449336097e+01
1.038193308425061900e+01 1.129476542231629033e+01 8.499205938539926564e+00 1.129476542231629033e+01 -3.431620269359566322e+01 -1.578518427272603830e+01 8.499205938539926564e+00 -1.578518427272603830e+01 -3.354221864983519907e+01
1.068091664881739256e+01 1.130007787879405434e+01 8.326922603465568784e+00 1.130007787879405434e+01 -3.401348554947632863e+01 -1.569765876600147081e+01 8.326922603465568784e+00 -1.569765876600147081e+01 -3.276606132842473329e+01
1.100475359368923556e+01 1.129311224530048285e+01 8.146559133538668007e+00 1.129311224530048285e+01 -3.365773671569260017e+01 -1.559246841273720285e+01 8.146559133538668007e+00 -1.559246841273720285e+01 -3.188387777773078113e+01
1.135108489098965556e+01 1.127373849667702821e+01 7.958245553917769222e+00 1.127373849667702821e+01 -3.325020071876199523e+01 -1.546848013655161402e+01 7.958245553917769222e+00 -1.546848013655161402e+01 -3.090176060518237477e+01
2.683885332395824719e+01 -1.393698933119542893e+01 -2.168951924515769392e+01 -1.393698933119542893e+01 3.463916416652278230e+01 8.060319456965853391e+00 -2.168951924515769392e+01 8.060319456965853391e+00 3.572939043687918570e+01
2.676388880306890883e+01 -1.393987191006905846e+01 -2.173768451760978238e+01 -1.393987191006905846e+01 3.439734200428781463e+01 8.170311678713533254e+00 -2.173768451760978238e+01 8.170311678713533254e+00 3.530963454235384802e+01
2.664910975337350862e+01 -1.392559877710084848e+01 -2.174233158415756861e+01 -1.392559877710084848e+01 3.410363342232752615e+01 8.254430571298518871e+00 -2.174233158415756861e+01 8.254430571298518871e+00 3.475651133194196518e+01
2.649481316784690321e+01 -1.389460668666558973e+01 -2.170384478865087985e+01 -1.389460668666558973e+01 3.375996013989100675e+01 8.312466492620911751e+00 -2.170384478865087985e+01 8.312466492620911751e+00 3.407412629676655769e+01
2.630089422543914779e+01 -1.384754203523797678e+01 -2.162271329598947034e+01 -1.384754203523797678e+01 3.336799929377745144e+01 8.344227270755803616e+00 -2.162271329598947034e+01 8.344227270755803616e+00 3.326571141920110364e+01
2.606712581387534655e+01 -1.378519098069263649e+01 -2.149958350264803997e+01 -1.378519098069263649e+01 3.292941055061108102e+01 8.349747846053176659e+00 -2.149958350264803997e+01 8.349747846053176659e+00 3.233444627109409453e+01
2.579308864895569897e+01 -1.370856679317908622e+01 -2.133534638755116930e+01 -1.370856679317908622e+01 3.244566140509119379e+01 8.329220390437942712e+00 -2.133534638755116930e+01 8.329220390437942712e+00 3.128415682076870041e+01
2.547873032015523265e+01 -1.361880503407178367e+01 -2.113105016119834545e+01 -1.361880503407178367e+01 3.191846393436697227e+01 8.283064188109896975e+00 -2.113105016119834545e+01 8.283064188109896975e+00 3.011802264007340924e+01
2.512412070817391552e+01 -1.351718102614512418e+01 -2.088791773583900024e+01 -1.351718102614512418e+01 3.134979226821247522e+01 8.211925635543737556e+00 -2.088791773583900024e+01 8.211925635543737556e+00 2.884002692890632957e+01
2.472905017091184376e+01 -1.340517973427340159e+01 -2.060748648687239637e+01 -1.340517973427340159e+01 3.074118378202698310e+01 8.116573420439094022e+00 -2.060748648687239637e+01 8.116573420439094022e+00 2.745579508361478105e+01
-3.080241137050203903e+01 -8.584126420734849106e+00 1.785529957860097383e+01 -8.584126420734849106e+00 -4.692801488337360993e+00 1.539012760630830456e+01 1.785529957860097383e+01 1.539012760630830456e+01 -4.602747185796967955e+01
-3.063296541640361426e+01 -8.579373326053348237e+00 1.790636727697033947e+01 -8.579373326053348237e+00 -4.552398065521184201e+00 1.526338465245864917e+01 1.790636727697033947e+01 1.526338465245864917e+01 -4.558290780147974885e+01
-3.039705098864890687e+01 -8.571270609529371143e+00 1.794588907211731410e+01 -8.571270609529371143e+00 -4.363322204647580804e+00 1.511268909548961581e+01 1.794588907211731410e+01 1.511268909548961581e+01 -4.498607629844108402e+01
-3.009425640187181017e+01 -8.559593715508674094e+00 1.797317258410798502e+01 -8.559593715508674094e+00 -4.125311924119930751e+00 1.493777895380457998e+01 1.797317258410798502e+01 1.493777895380457998e+01 -4.424021469286902430e+01
-2.972736988877918662e+01 -8.544267792106506221e+00 1.798731959032537020e+01 -8.544267792106506221e+00 -3.841716845780711598e+00 1.473863551443236197e+01 1.798731959032537020e+01 1.473863551443236197e+01 -4.334743755050770631e+01
-2.929768264438293812e+01 -8.525274126351687798e+00 1.798730087735417982e+01 -8.525274126351687798e+00 -3.514127572180818948e+00 1.451535234222889414e+01 1.798730087735417982e+01 1.451535234222889414e+01 -4.231416342047427293e+01
-2.880777705870687555e+01 -8.502612718244211720e+00 1.797197495395201372e+01 -8.502612718244211720e+00 -3.145294910084744266e+00 1.426822884473316932e+01 1.797197495395201372e+01 1.426822884473316932e+01 -4.114677342594349341e+01
-2.826096532765109615e+01 -8.476414558582389347e+00 1.794006933807815329e+01 -8.476414558582389347e+00 -2.738493629450215128e+00 1.399762056839773727e+01 1.794006933807815329e+01 1.399762056839773727e+01 -3.985303344995799790e+01
-2.766054093414451742e+01 -8.446885490049279355e+00 1.789034897363425358e+01 -8.446885490049279355e+00 -2.296848796465463582e+00 1.370395791155990395e+01 1.789034897363425358e+01 1.370395791155990395e+01 -3.844130819063836668e+01
-2.701193063983137321e+01 -8.414212642356750038e+00 1.782152266560840914e+01 -8.414212642356750038e+00 -1.825188357696739150e+00 1.338804553198071012e+01 1.782152266560840914e+01 1.338804553198071012e+01 -3.692226404156119912e+01
3.781012930138344785e+01 -1.371614157132993306e+01 -2.382525980323796944e+01 -1.371614157132993306e+01 3.319663772641121824e+01 -2.027995780884193167e+01 -2.382525980323796944e+01 -2.027995780884193167e+01 2.048902467881070066e+01
3.756090427199191595e+01 -1.367282313936129157e+01 -2.369313945873708249e+01 -1.367282313936129157e+01 3.298568516895651470e+01 -2.018546391371323878e+01 -2.369313945873708249e+01 -2.018546391371323878e+01 1.987951111911972646e+01
3.728964463512580352e+01 -1.361810328213044841e+01 -2.351976097044662950e+01 -1.361810328213044841e+01 3.275158055959111891e+01 -2.004890871160652921e+01 -2.351976097044662950e+01 -2.004890871160652921e+01 1.919542560338761561e+01
3.699771227619163483e+01 -1.355266294234065860e+01 -2.330611956231753013e+01 -1.355266294234065860e+01 3.249523182191938275e+01 -1.987071124418534751e+01 -2.330611956231753013e+01 -1.987071124418534751e+01 1.844132520970537925e+01
3.668645162052659003e+01 -1.347704338214066411e+01 -2.305336759892452392e+01 -1.347704338214066411e+01 3.221735481878317842e+01 -1.965134293332117466e+01 -2.305336759892452392e+01 -1.965134293332117466e+01 1.762126067415393038e+01
3.635722455353719340e+01 -1.339215252513480614e+01 -2.276283204553548600e+01 -1.339215252513480614e+01 3.191880509357890361e+01 -1.939146726164795709e+01 -2.276283204553548600e+01 -1.939146726164795709e+01 1.673870655052679624e+01
3.601135804049131650e+01 -1.329886337478879454e+01 -2.243603192818076764e+01 -1.329886337478879454e+01 3.160031596921776043e+01 -1.909178263193825842e+01 -2.243603192818076764e+01 -1.909178263193825842e+01 1.579731199331065739e+01
3.564974254492399552e+01 -1.319818861512286112e+01 -2.207459103330658223e+01 -1.319818861512286112e+01 3.126239378770986832e+01 -1.875319696779641987e+01 -2.207459103330658223e+01 -1.875319696779641987e+01 1.480104043823985016e+01
3.527346059113269661e+01 -1.309119331036516876e+01 -2.168029028798299507e+01 -1.309119331036516876e+01 3.090575441189710304e+01 -1.837668803310404542e+01 -2.168029028798299507e+01 -1.837668803310404542e+01 1.375364580021693151e+01
3.488366454369218417e+01 -1.297899490495183095e+01 -2.125487569914141872e+01 -1.297899490495183095e+01 3.053118354489861019e+01 -1.796326851188135620e+01 -2.125487569914141872e+01 -1.796326851188135620e+01 1.265888199414446547e+01
1.594877611338903378e+01 5.982442830319077975e-01 5.850512654287551406e+00 5.982442830319077975e-01 1.498335159722609156e+01 2.042544475254860714e+01 5.850512654287551406e+00 2.042544475254860714e+01 2.472199092093644879e+01
1.605032226259318762e+01 5.282350863666166463e-01 5.828216844759232629e+00 5.282350863666166463e-01 1.505199502035623560e+01 2.055428863513707327e+01 5.828216844759232629e+00 2.055428863513707327e+01 2.493565466125316732e+01
1.613056589211276304e+01 4.587047973045590421e-01 5.796928214681306812e+00 4.587047973045590421e-01 1.509215230975330080e+01 2.063557876645631239e+01 5.796928214681306812e+00 2.063557876645631239e+01 2.506515482463125011e+01
1.618822991500581310e+01 3.902742219980747662e-01 5.756753187965602869e+00 3.902742219980747662e-01 1.510314944730903619e+01 2.066935062114359312e+01 5.756753187965602869e+00 2.066935062114359312e+01 2.510951585854558843e+01
1.622171797259488812e+01 3.234222680503974767e-01 5.707833663161226312e+00 3.234222680503974767e-01 1.508402861781696913e+01 2.065549777528709896e+01 5.707833663161226312e+00 2.065549777528709896e+01 2.506676892062733586e+01
1.622941596888389881e+01 2.586278430647606097e-01 5.650311538817284429e+00 2.586278430647606097e-01 1.503360142092834018e+01 2.059398475424954356e+01 5.650311538817284429e+00 2.059398475424954356e+01 2.493499838046355421e+01
1.620960338396494294e+01 1.964408039189509680e-01 5.584257764208329533e+00 1.964408039189509680e-01 1.495062624433846565e+01 2.048486476998684580e+01 5.584257764208329533e+00 2.048486476998684580e+01 2.471218218372947817e+01
1.616064838452328800e+01 1.373223208975637433e-01 5.509743288608915712e+00 1.373223208975637433e-01 1.483386147574266900e+01 2.032806687322445072e+01 5.509743288608915712e+00 2.032806687322445072e+01 2.439667075979175337e+01
1.608097234920013463e+01 8.171582696655595168e-02 5.426750374700403334e+00 8.171582696655595168e-02 1.468220740138537472e+01 2.012355558932507904e+01 5.426750374700403334e+00 2.012355558932507904e+01 2.398709833511523115e+01
1.596881928345029067e+01 3.010022972916115425e-02 5.335296759801432032e+00 3.010022972916115425e-02 1.449413861186369168e+01 1.987118901973963503e+01 5.335296759801432032e+00 1.987118901973963503e+01 2.348163796588016439e+01
-3.878500873611813660e+01 9.484342983214324008e+00 -3.282967563845089476e+00 9.484342983214324008e+00 -2.261064975277862388e+01 1.818332614214960330e+01 -3.282967563845089476e+00 1.818332614214960330e+01 -4.042445825026780426e+01
-3.874918669989433084e+01 9.507013241743702991e+00 -3.107377139058686843e+00 9.507013241743702991e+00 -2.270895692561679269e+01 1.813198690058849749e+01 -3.107377139058686843e+00 1.813198690058849749e+01 -4.052778012970888000e+01
-3.865275294574932730e+01 9.526826063680481127e+00 -2.930121453211695925e+00 9.526826063680481127e+00 -2.275897152769788434e+01 1.805460903153454311e+01 -2.930121453211695925e+00 1.805460903153454311e+01 -4.049148500795649852e+01
-3.849879199132943342e+01 9.543648985076657709e+00 -2.751238353146402194e+00 9.543648985076657709e+00 -2.276273728850535250e+01 1.795168454393747126e+01 -2.751238353146402194e+00 1.795168454393747126e+01 -4.031742738028268747e+01
-3.828868524637810111e+01 9.557273848299656649e+00 -2.570973843337664988e+00 9.557273848299656649e+00 -2.272074621698891406e+01 1.782372437016813649e+01 -2.570973843337664988e+00 1.782372437016813649e+01 -4.000772666985545101e+01
-3.802443859353648747e+01 9.567530342559193102e+00 -2.389687468787203617e+00 9.567530342559193102e+00 -2.263400125446915112e+01 1.767110697864940150e+01 -2.389687468787203617e+00 1.767110697864940150e+01 -3.956546739432113213e+01
-3.770758482991718807e+01 9.574058922853545539e+00 -2.207663080812162892e+00 9.574058922853545539e+00 -2.250314579726493136e+01 1.749400268017155824e+01 -2.207663080812162892e+00 1.749400268017155824e+01 -3.899233373816143455e+01
-3.734030014895164129e+01 9.576613584707857285e+00 -2.025184530729688515e+00 9.576613584707857285e+00 -2.232954233169855129e+01 1.729263855578831510e+01 -2.025184530729688515e+00 1.729263855578831510e+01 -3.829233746665871507e+01
-3.692479859091359629e+01 9.574778012856981491e+00 -1.842611363541499125e+00 9.574778012856981491e+00 -2.211442088014430851e+01 1.706703352892082037e+01 -1.842611363541499125e+00 1.706703352892082037e+01 -3.746867663798612824e+01
-3.646304819160192778e+01 9.568344049668343843e+00 -1.660435588197313628e+00 9.568344049668343843e+00 -2.185884115418621221e+01 1.681766068509764622e+01 -1.660435588197313628e+00 1.681766068509764622e+01 -3.652615780111401023e+01
1.777100837746659323e+01 -1.158334196919103221e+01 -1.708353776957514825e+01 -1.158334196919103221e+01 7.690542120917079671e+00 2.137912030325722412e+01 -1.708353776957514825e+01 2.137912030325722412e+01 -1.076793686444095499e+01
1.770640370101784100e+01 -1.154927997051863464e+01 -1.699201747055922596e+01 -1.154927997051863464e+01 7.850222328715513953e+00 2.136737726312451713e+01 -1.699201747055922596e+01 2.136737726312451713e+01 -1.064858520119613416e+01
1.766494394617621566e+01 -1.150002743369291736e+01 -1.686959537938979992e+01 -1.150002743369291736e+01 8.033550218249079222e+00 2.131178635754215378e+01 -1.686959537938979992e+01 2.131178635754215378e+01 -1.048491882381136975e+01
1.764587497274970218e+01 -1.143606916312302957e+01 -1.671659469900630057e+01 -1.143606916312302957e+01 8.238640439037755669e+00 2.121222189647813750e+01 -1.671659469900630057e+01 2.121222189647813750e+01 -1.027957722295869125e+01
1.764887357779888433e+01 -1.135783609606154521e+01 -1.653353614525559578e+01 -1.135783609606154521e+01 8.463841064946667103e+00 2.106871979137017803e+01 -1.653353614525559578e+01 2.106871979137017803e+01 -1.003403276758439944e+01
1.767293424106773614e+01 -1.126593872694961718e+01 -1.632097634542225961e+01 -1.126593872694961718e+01 8.706997409712929681e+00 2.088140573225028263e+01 -1.632097634542225961e+01 2.088140573225028263e+01 -9.750889036922812281e+00
1.771627934638938129e+01 -1.116105937310382323e+01 -1.607947192679087323e+01 -1.116105937310382323e+01 8.965326336913655325e+00 2.065051314346358780e+01 -1.607947192679087323e+01 2.065051314346358780e+01 -9.433862864777402990e+00
1.777714923331580721e+01 -1.104398808615388816e+01 -1.580977702955344277e+01 -1.104398808615388816e+01 9.236044710125954182e+00 2.037643705082496481e+01 -1.580977702955344277e+01 2.037643705082496481e+01 -9.086473572044209135e+00
1.785425109008927791e+01 -1.091555082916724828e+01 -1.551257397102655133e+01 -1.091555082916724828e+01 9.516979887368085755e+00 2.005957248014927075e+01 -1.551257397102655133e+01 2.005957248014927075e+01 -8.711306782238693813e+00
1.794552000904119993e+01 -1.077664538808677008e+01 -1.518847324565134471e+01 -1.077664538808677008e+01 9.805294865060590226e+00 1.970027854581365645e+01 -1.518847324565134471e+01 1.970027854581365645e+01 -8.312097284883183335e+00
-2.653284148906629270e+01 -1.186013977500610572e+01 -6.337249924584415162e+00 -1.186013977500610572e+01 -4.090330765525725809e+01 -1.139762432973522266e+01 -6.337249924584415162e+00 -1.139762432973522266e+01 -5.940209304139919055e+01
-2.645708218064814687e+01 -1.190404161661904148e+01 -6.225204789685315099e+00 -1.190404161661904148e+01 -4.092434236371702383e+01 -1.149898032058943365e+01 -6.225204789685315099e+00 -1.149898032058943365e+01 -5.934981167436534832e+01
-2.631835236115127330e+01 -1.194282793929621000e+01 -6.108025048093224996e+00 -1.194282793929621000e+01 -4.087131657415148567e+01 -1.159230036565275590e+01 -6.108025048093224996e+00 -1.159230036565275590e+01 -5.909951391389995479e+01
-2.611621301215954105e+01 -1.197623151443648659e+01 -5.985443471207020139e+00 -1.197623151443648659e+01 -4.074375309263007239e+01 -1.167790895679797991e+01 -5.985443471207020139e+00 -1.167790895679797991e+01 -5.865097070691631842e+01
