2.251689198165323647e-01 1.893104257596592843e-01 -1.565441165155573966e+00 1.893104257596592843e-01 4.050581275209062283e-03 -9.038221129352650429e-01 -1.565441165155573966e+00 -9.038221129352650429e-01 4.660700079787428174e-01
2.921662574265750933e-01 2.839023483070637344e-01 -1.537286008702446694e+00 2.839023483070637344e-01 -8.878729491641293436e-02 -9.089034224813978824e-01 -1.537286008702446694e+00 -9.089034224813978824e-01 4.226347569829741468e-01
3.696697902191913854e-01 3.781145288599174203e-01 -1.509402096531141213e+00 3.781145288599174203e-01 -1.708658145957608621e-01 -9.142017274529882220e-01 -1.509402096531141213e+00 -9.142017274529882220e-01 3.955645776571350414e-01
4.564679604022426895e-01 4.715129765673048978e-01 -1.481843677498022593e+00 4.715129765673048978e-01 -2.424923879488996847e-01 -9.198797744191296033e-01 -1.481843677498022593e+00 -9.198797744191296033e-01 3.843531473418241862e-01
5.504631455296387088e-01 5.632839585837602359e-01 -1.454683083411576039e+00 5.632839585837602359e-01 -3.045349966776599304e-01 -9.260279781404290311e-01 -1.454683083411576039e+00 -9.260279781404290311e-01 3.873187514897450945e-01
6.505884514262126883e-01 6.528126545371534251e-01 -1.428137309697259383e+00 6.528126545371534251e-01 -3.570117237341630112e-01 -9.327186704253725980e-01 -1.428137309697259383e+00 -9.327186704253725980e-01 4.030328368833017150e-01
7.548728363107245487e-01 7.394119122468685301e-01 -1.402405268828409213e+00 7.394119122468685301e-01 -4.006639701553892374e-01 -9.401869296515392715e-01 -1.402405268828409213e+00 -9.401869296515392715e-01 4.291446197467029822e-01
8.615080049710275301e-01 8.225030772450186989e-01 -1.377794370991089812e+00 8.225030772450186989e-01 -4.361608051698329658e-01 -9.485231705795365009e-01 -1.377794370991089812e+00 -9.485231705795365009e-01 4.630320720223359832e-01
9.683059202004234978e-01 9.015255780158384358e-01 -1.354593943419244884e+00 9.015255780158384358e-01 -4.646233718090252429e-01 -9.578720568263359159e-01 -1.354593943419244884e+00 -9.578720568263359159e-01 5.015668429931864347e-01
1.073187042504943900e+00 9.759007600914406666e-01 -1.333057147442575419e+00 9.759007600914406666e-01 -4.870281494875253747e-01 -9.684505838173953496e-01 -1.333057147442575419e+00 -9.684505838173953496e-01 5.417652455592121274e-01
-3.226159294845340497e+01 6.479801398833035186e+00 -3.104438016919693233e+00 6.479801398833035186e+00 -4.440366022866306395e+01 -5.890870461718391127e+00 -3.104438016919693233e+00 -5.890870461718391127e+00 -4.464753303630613601e+01
-3.226460090345790377e+01 6.543234981586097732e+00 -2.965348654496561487e+00 6.543234981586097732e+00 -4.430938558826895957e+01 -5.697942512252744507e+00 -2.965348654496561487e+00 -5.697942512252744507e+00 -4.451975206168472710e+01
-3.220438469029825512e+01 6.600424202051343059e+00 -2.825002804539905377e+00 6.600424202051343059e+00 -4.415123949825404992e+01 -5.497494675275854448e+00 -2.825002804539905377e+00 -5.497494675275854448e+00 -4.422105070712423469e+01
-3.208267673875554493e+01 6.651311947159067373e+00 -2.683400467049725791e+00 6.651311947159067373e+00 -4.393078304919028199e+01 -5.288803518571450368e+00 -2.683400467049725791e+00 -5.288803518571450368e+00 -4.375401809845132561e+01
-3.189970550110858127e+01 6.695574576180937321e+00 -2.540922395824058988e+00 6.695574576180937321e+00 -4.364833988180599533e+01 -5.071907117519336872e+00 -2.540922395824058988e+00 -5.071907117519336872e+00 -4.312061511772589029e+01
-3.165729859558794601e+01 6.733097862977541759e+00 -2.398101646180158752e+00 6.733097862977541759e+00 -4.330594702892069137e+01 -4.847243338987255790e+00 -2.398101646180158752e+00 -4.847243338987255790e+00 -4.232443988833938420e+01
-3.135612234134021037e+01 6.763405865301334252e+00 -2.255261858846356660e+00 6.763405865301334252e+00 -4.290428984737083340e+01 -4.614926409114620931e+00 -2.255261858846356660e+00 -4.614926409114620931e+00 -4.136815768687807804e+01
-3.099865163805261759e+01 6.786384357012902768e+00 -2.112917051450003303e+00 6.786384357012902768e+00 -4.244626206602151086e+01 -4.375622647047994640e+00 -2.112917051450003303e+00 -4.375622647047994640e+00 -4.025890764705516034e+01
-3.058553376718183614e+01 6.801576433554602730e+00 -1.971543166238645783e+00 6.801576433554602730e+00 -4.193216828791116058e+01 -4.129617618135906554e+00 -1.971543166238645783e+00 -4.129617618135906554e+00 -3.899716571111819974e+01
-3.012059530439813315e+01 6.808753642647611848e+00 -1.831292504731498960e+00 6.808753642647611848e+00 -4.136697735010415755e+01 -3.877710905354236459e+00 -1.831292504731498960e+00 -3.877710905354236459e+00 -3.759422122917898434e+01
6.745782219633291277e+01 -3.459218059928403477e+01 -6.723089740927684943e+01 -3.459218059928403477e+01 3.610386911346451200e+01 -2.144011320407006149e+00 -6.723089740927684943e+01 -2.144011320407006149e+00 7.043279912273089849e+01
6.740909622550483959e+01 -3.443897077971092102e+01 -6.718906613759445179e+01 -3.443897077971092102e+01 3.596787889076271227e+01 -2.110772696167367179e+00 -6.718906613759445179e+01 -2.110772696167367179e+00 7.020108920865580160e+01
6.716587799519403745e+01 -3.419004126876451721e+01 -6.691000233212326975e+01 -3.419004126876451721e+01 3.572354584591343496e+01 -2.150357187779898815e+00 -6.691000233212326975e+01 -2.150357187779898815e+00 6.956499318399134779e+01
6.673185496887397505e+01 -3.385052021332185745e+01 -6.639811379803849434e+01 -3.385052021332185745e+01 3.537436878146823460e+01 -2.257962517232682043e+00 -6.639811379803849434e+01 -2.257962517232682043e+00 6.853025663135890966e+01
6.611332156093881451e+01 -3.342766248337949264e+01 -6.566153010597464856e+01 -3.342766248337949264e+01 3.492456684168042358e+01 -2.426385267507839227e+00 -6.566153010597464856e+01 -2.426385267507839227e+00 6.711210963245343919e+01
6.532087708500058909e+01 -3.293163861772696777e+01 -6.471313165159935465e+01 -3.293163861772696777e+01 3.438082891378090267e+01 -2.646363902439525795e+00 -6.471313165159935465e+01 -2.646363902439525795e+00 6.533456357733456343e+01
6.436958011282524694e+01 -3.237514035111006194e+01 -6.357075546752833617e+01 -3.237514035111006194e+01 3.375202206109882042e+01 -2.906544464728133104e+00 -6.357075546752833617e+01 -2.906544464728133104e+00 6.323025680549037730e+01
6.327893132333976212e+01 -3.177344921820241908e+01 -6.225788126304129833e+01 -3.177344921820241908e+01 3.304888280518938615e+01 -3.193892199769882367e+00 -6.225788126304129833e+01 -3.193892199769882367e+00 6.084091768264591593e+01
6.207337088142621440e+01 -3.114342464502445651e+01 -6.080337415918845778e+01 -3.114342464502445651e+01 3.228418863576289510e+01 -3.495132239060396717e+00 -6.080337415918845778e+01 -3.495132239060396717e+00 5.821787913054999564e+01
6.077991160090164868e+01 -3.050329813702856185e+01 -5.923961523056445344e+01 -3.050329813702856185e+01 3.147318678550719184e+01 -3.796406580336711301e+00 -5.923961523056445344e+01 -3.796406580336711301e+00 5.541907720321784581e+01
-4.345099091655767154e+01 2.824679396918203267e+01 -4.296750144790691905e+01 2.824679396918203267e+01 -4.764408980247566205e+01 -1.674385369187706019e+01 -4.296750144790691905e+01 -1.674385369187706019e+01 -1.073495465567985718e+02
-4.333549736231125848e+01 2.823586810081116028e+01 -4.296021753565967316e+01 2.823586810081116028e+01 -4.751753182717976642e+01 -1.671614315615384072e+01 -4.296021753565967316e+01 -1.671614315615384072e+01 -1.069817881612718509e+02
-4.313691178737479248e+01 2.820797942592972163e+01 -4.292431259865830384e+01 2.820797942592972163e+01 -4.728990956945333579e+01 -1.666450259350964558e+01 -4.292431259865830384e+01 -1.666450259350964558e+01 -1.063307291244548338e+02
-4.285285900297200357e+01 2.816263311354265753e+01 -4.285921263294854100e+01 2.816263311354265753e+01 -4.695851135544344146e+01 -1.658861531210763118e+01 -4.285921263294854100e+01 -1.658861531210763118e+01 -1.053942119832090611e+02
-4.248157741076047955e+01 2.809990833660917176e+01 -4.276450198049454343e+01 2.809990833660917176e+01 -4.652169434624651245e+01 -1.648834275926918380e+01 -4.276450198049454343e+01 -1.648834275926918380e+01 -1.041686541611303198e+02
-4.203062802834470801e+01 2.802033951260393252e+01 -4.263998270889828035e+01 2.802033951260393252e+01 -4.598757377018147707e+01 -1.636410059303015174e+01 -4.263998270889828035e+01 -1.636410059303015174e+01 -1.026752344248070870e+02
-4.150050568671973394e+01 2.792436209280258197e+01 -4.248591213027719249e+01 2.792436209280258197e+01 -4.535769349995291577e+01 -1.621697744157966525e+01 -4.248591213027719249e+01 -1.621697744157966525e+01 -1.009202866109760635e+02
-4.089892974940847381e+01 2.781260946087880370e+01 -4.230240900407007842e+01 2.781260946087880370e+01 -4.464048545571662174e+01 -1.604816089930586287e+01 -4.230240900407007842e+01 -1.604816089930586287e+01 -9.892641459949147986e+01
-4.022918589421808377e+01 2.768654631657796372e+01 -4.209119534213974845e+01 2.768654631657796372e+01 -4.384103650010177233e+01 -1.586026367386263658e+01 -4.209119534213974845e+01 -1.586026367386263658e+01 -9.671548992033490322e+01
-3.950675243467398445e+01 2.754829053655890547e+01 -4.185434943466542990e+01 2.754829053655890547e+01 -4.297714075569064107e+01 -1.565621516474073971e+01 -4.185434943466542990e+01 -1.565621516474073971e+01 -9.433024617823947722e+01
1.845142956365812665e+02 1.997544765488627760e+01 7.716991660613034298e+01 1.997544765488627760e+01 1.642465728145303387e+02 -1.874388464451017100e+01 7.716991660613034298e+01 -1.874388464451017100e+01 1.543655747090689090e+02
1.839962211031491108e+02 1.990472773623575975e+01 7.682728098374052195e+01 1.990472773623575975e+01 1.637861321700092674e+02 -1.894824814067571239e+01 7.682728098374052195e+01 -1.894824814067571239e+01 1.532035168155226188e+02
1.830482758748104288e+02 1.980958876326539198e+01 7.612661712348597121e+01 1.980958876326539198e+01 1.629775508518096672e+02 -1.910079034398362907e+01 7.612661712348597121e+01 -1.910079034398362907e+01 1.510887159953077798e+02
1.816950789099821577e+02 1.969255260304598210e+01 7.508002691185895117e+01 1.969255260304598210e+01 1.618392661685772964e+02 -1.919915853698370256e+01 7.508002691185895117e+01 -1.919915853698370256e+01 1.480673808493256729e+02
1.799681381698112261e+02 1.955700224798960107e+01 7.371237534308818340e+01 1.955700224798960107e+01 1.603920989008846050e+02 -1.924113839736985554e+01 7.371237534308818340e+01 -1.924113839736985554e+01 1.441987598765022085e+02
1.779172451517080731e+02 1.940788916880846671e+01 7.206301276982134141e+01 1.940788916880846671e+01 1.586714935828672139e+02 -1.922553050055961776e+01 7.206301276982134141e+01 -1.922553050055961776e+01 1.395836816279553432e+02
1.756106594162053227e+02 1.925122586565311877e+01 7.018717423180460457e+01 1.925122586565311877e+01 1.567282258551826146e+02 -1.915296531332069918e+01 7.018717423180460457e+01 -1.915296531332069918e+01 1.343640780126096956e+02
1.731312642773986852e+02 1.909387058677711835e+01 6.815418031900894391e+01 1.909387058677711835e+01 1.546255884304130177e+02 -1.902696422320930481e+01 6.815418031900894391e+01 -1.902696422320930481e+01 1.287192168738284863e+02
1.705724149486231056e+02 1.894242016738400736e+01 6.604077882747365891e+01 1.894242016738400736e+01 1.524380532733386815e+02 -1.885389340685541626e+01 6.604077882747365891e+01 -1.885389340685541626e+01 1.228510782358506219e+02
1.680229611124101439e+02 1.880237965876251849e+01 6.392202605703201357e+01 1.880237965876251849e+01 1.502378165174808089e+02 -1.864270241691278329e+01 6.392202605703201357e+01 -1.864270241691278329e+01 1.169597968543265551e+02
6.826537322760601967e+01 -1.558245918812016662e+01 -8.224241026804187982e+01 -1.558245918812016662e+01 2.293352379597317281e+01 5.274076631357693401e+01 -8.224241026804187982e+01 5.274076631357693401e+01 9.407841340066514135e+01
6.797864515601612823e+01 -1.545596657810274621e+01 -8.207007701188734927e+01 -1.545596657810274621e+01 2.275391807640892949e+01 5.235310265385733430e+01 -8.207007701188734927e+01 5.235310265385733430e+01 9.344443381792387981e+01
6.737201486102658521e+01 -1.519200372965086210e+01 -8.151674939302641576e+01 -1.519200372965086210e+01 2.243856545097176181e+01 5.172658510110755969e+01 -8.151674939302641576e+01 5.172658510110755969e+01 9.218129998361366972e+01
6.645992386950315733e+01 -1.480030747173724492e+01 -8.059857503756070685e+01 -1.480030747173724492e+01 2.199015431845769086e+01 5.087217405041904073e+01 -8.059857503756070685e+01 5.087217405041904073e+01 9.031293175368878678e+01
6.526734327026261440e+01 -1.429583633099610473e+01 -7.934133500061099653e+01 -1.429583633099610473e+01 2.141550907581043006e+01 4.980775769378062279e+01 -7.934133500061099653e+01 4.980775769378062279e+01 8.787929321025144702e+01
6.383060091370234801e+01 -1.369970113130637301e+01 -7.778332173169478381e+01 -1.369970113130637301e+01 2.072498695172486549e+01 4.856020278582678884e+01 -7.778332173169478381e+01 4.856020278582678884e+01 8.494463019119604041e+01
6.219386581337474951e+01 -1.303856182739515646e+01 -7.597711410726483905e+01 -1.303856182739515646e+01 1.993065127413181514e+01 4.716545804379137508e+01 -7.597711410726483905e+01 4.716545804379137508e+01 8.159024952677630438e+01
6.041345647739112223e+01 -1.234269737236880182e+01 -7.398611353226039000e+01 -1.234269737236880182e+01 1.904899433564527200e+01 4.566783034783171757e+01 -7.398611353226039000e+01 4.566783034783171757e+01 7.791865503775294144e+01
5.855130947801341534e+01 -1.164312775233512554e+01 -7.188064920851809347e+01 -1.164312775233512554e+01 1.810474595852340229e+01 4.411531450978683466e+01 -7.188064920851809347e+01 4.411531450978683466e+01 7.404756757140509649e+01
5.666872375445577603e+01 -1.096958045398078418e+01 -6.973234283729578920e+01 -1.096958045398078418e+01 1.711905143329636658e+01 4.255692210770708783e+01 -6.973234283729578920e+01 4.255692210770708783e+01 7.009598324110746148e+01
1.034275888486888846e+02 4.753477547322525254e+01 4.866312318391930347e+01 4.753477547322525254e+01 1.168886879862657651e+02 -5.242307428929229474e+01 4.866312318391930347e+01 -5.242307428929229474e+01 1.173397443173582104e+02
1.032900472993007526e+02 4.728008635418457573e+01 4.881314487389463608e+01 4.728008635418457573e+01 1.167202548388876977e+02 -5.237828878478925532e+01 4.881314487389463608e+01 -5.237828878478925532e+01 1.169931929135005504e+02
1.028939815876706803e+02 4.695700021466014107e+01 4.879869846115762755e+01 4.695700021466014107e+01 1.162609596649857338e+02 -5.218162906944246515e+01 4.879869846115762755e+01 -5.218162906944246515e+01 1.159631425601137806e+02
1.022432592573660344e+02 4.657323589160363753e+01 4.862285523030590184e+01 4.657323589160363753e+01 1.155210563300683759e+02 -5.183283514032303430e+01 4.862285523030590184e+01 -5.183283514032303430e+01 1.142644296743282695e+02
1.013469316603491706e+02 4.613873849704552299e+01 4.828975897801880279e+01 4.613873849704552299e+01 1.145176075263447046e+02 -5.133319076189239638e+01 4.828975897801880279e+01 -5.133319076189239638e+01 1.119246470669735203e+02
1.002157564178033482e+02 4.566706068365469662e+01 4.780625103136302556e+01 4.566706068365469662e+01 1.132701134734821977e+02 -5.068745723778602752e+01 4.780625103136302556e+01 -5.068745723778602752e+01 1.089834289345237721e+02
9.887017626001329518e+01 4.517300636819540216e+01 4.718274775767761753e+01 4.517300636819540216e+01 1.118078082507990558e+02 -4.990437716648820299e+01 4.718274775767761753e+01 -4.990437716648820299e+01 1.055005109498938083e+02
9.733926276446665327e+01 4.467324823848336734e+01 4.643384182134709448e+01 4.467324823848336734e+01 1.101684085331688863e+02 -4.899805570689174772e+01 4.643384182134709448e+01 -4.899805570689174772e+01 1.015569490261682120e+02
9.566016384963005237e+01 4.418476773581237893e+01 4.557906594240508014e+01 4.418476773581237893e+01 1.083960660679554877e+02 -4.798846433397280720e+01 4.557906594240508014e+01 -4.798846433397280720e+01 9.725351054847880050e+01
9.387714501414869517e+01 4.372362004104200395e+01 4.464183663463563079e+01 4.372362004104200395e+01 1.065405064153110146e+02 -4.690043332744131988e+01 4.464183663463563079e+01 -4.690043332744131988e+01 9.270752183849175765e+01
7.004891088635049279e+00 3.952020490349377724e+01 -9.664685362754106279e+00 3.952020490349377724e+01 1.131954182592847928e+02 -5.639100790593197843e+01 -9.664685362754106279e+00 -5.639100790593197843e+01 3.442834549490474672e+01
6.947040610591384002e+00 3.957833127055344136e+01 -9.631871812912946140e+00 3.957833127055344136e+01 1.129796730487684471e+02 -5.614331129874948800e+01 -9.631871812912946140e+00 -5.614331129874948800e+01 3.404151460833795539e+01
6.910002510192639669e+00 3.963287108040503881e+01 -9.590781592591618221e+00 3.963287108040503881e+01 1.125634772250605664e+02 -5.567083411577647922e+01 -9.590781592591618221e+00 -5.567083411577647922e+01 3.338255369360868485e+01
6.892328370104783275e+00 3.968249661715904608e+01 -9.539828339948092761e+00 3.968249661715904608e+01 1.119532279647197726e+02 -5.498114606188959641e+01 -9.539828339948092761e+00 -5.498114606188959641e+01 3.245996358102261325e+01
6.892155939469779113e+00 3.972658713052943114e+01 -9.476925644298827223e+00 3.972658713052943114e+01 1.111594607795447871e+02 -5.408602414945956838e+01 -9.476925644298827223e+00 -5.408602414945956838e+01 3.128817671472951645e+01
6.906881515699076601e+00 3.976334934191217485e+01 -9.400297470103284425e+00 3.976334934191217485e+01 1.101963839538599075e+02 -5.300167685817673657e+01 -9.400297470103284425e+00 -5.300167685817673657e+01 2.988909178537484479e+01
6.933418590426111194e+00 3.979216250102125230e+01 -9.307702219106419150e+00 3.979216250102125230e+01 1.090826027531819733e+02 -5.174889932262251335e+01 -9.307702219106419150e+00 -5.174889932262251335e+01 2.828905619398712545e+01
6.968111634188808523e+00 3.981121608618913399e+01 -9.197622501720202237e+00 3.981121608618913399e+01 1.078415160146809768e+02 -5.035283192938040031e+01 -9.197622501720202237e+00 -5.035283192938040031e+01 2.652160769907453641e+01
7.007287874461598065e+00 3.982009626389181278e+01 -9.068696115928107204e+00 3.982009626389181278e+01 1.064996263269569710e+02 -4.884230508062297815e+01 -9.068696115928107204e+00 -4.884230508062297815e+01 2.462428444987733300e+01
7.045308829479863810e+00 3.981726840147775448e+01 -8.920388526761620085e+00 3.981726840147775448e+01 1.050856261476745033e+02 -4.724873563804789001e+01 -8.920388526761620085e+00 -4.724873563804789001e+01 2.263772834706583126e+01
-6.203798957206787179e+01 -1.054294256046604161e+01 4.299396433453079425e+01 -1.054294256046604161e+01 1.960052023109295760e+01 -5.163431980226194895e+01 4.299396433453079425e+01 -5.163431980226194895e+01 -7.045207002531313378e+01
-6.201085426308949167e+01 -1.052138431711752098e+01 4.312515999565800229e+01 -1.052138431711752098e+01 1.936862968845561639e+01 -5.134452393337804210e+01 4.312515999565800229e+01 -5.134452393337804210e+01 -7.076432800680279911e+01
-6.190015912596721392e+01 -1.050349924458039119e+01 4.324204759875550508e+01 -1.050349924458039119e+01 1.916668221887237777e+01 -5.096411036363934954e+01 4.324204759875550508e+01 -5.096411036363934954e+01 -7.093365925808177508e+01
-6.170434642857681240e+01 -1.048928734285464870e+01 4.334466560634489696e+01 -1.048928734285464870e+01 1.899775482407005711e+01 -5.049544453812334410e+01 4.334466560634489696e+01 -5.049544453812334410e+01 -7.095212126844268141e+01
-6.142230075779234255e+01 -1.047757550503194679e+01 4.343114858612928231e+01 -1.047757550503194679e+01 1.886428987416931591e+01 -4.994160345855685534e+01 4.343114858612928231e+01 -4.994160345855685534e+01 -7.081532931042482915e+01
-6.105390672604902136e+01 -1.046769063698454261e+01 4.349982341841970879e+01 -1.046769063698454261e+01 1.876846050163971924e+01 -4.930647183961998792e+01 4.349982341841970879e+01 -4.930647183961998792e+01 -7.051795632478862785e+01
-6.060260672902875712e+01 -1.045917118845341420e+01 4.354807465174837944e+01 -1.045917118845341420e+01 1.871099749439138904e+01 -4.859579982828972788e+01 4.354807465174837944e+01 -4.859579982828972788e+01 -7.006092541205217117e+01
-6.006920847968481070e+01 -1.045055558361832304e+01 4.357363299734176110e+01 -1.045055558361832304e+01 1.869480477280400876e+01 -4.781641452214746124e+01 4.357363299734176110e+01 -4.781641452214746124e+01 -6.944085187031591033e+01
-5.946073138820651138e+01 -1.044117072835152804e+01 4.357328683464749730e+01 -1.044117072835152804e+01 1.871913231770666641e+01 -4.697737384502651281e+01 4.357328683464749730e+01 -4.697737384502651281e+01 -6.866612052928545040e+01
-5.878319483922192035e+01 -1.042938196548565521e+01 4.354522842515106618e+01 -1.042938196548565521e+01 1.878505707970374417e+01 -4.608929345288439094e+01 4.354522842515106618e+01 -4.608929345288439094e+01 -6.774075072246645846e+01
9.494278214355101886e-01 -1.548532139218049686e+01 5.536017007785817157e+01 -1.548532139218049686e+01 6.873481589413351855e+01 -6.350979590053366053e+01 5.536017007785817157e+01 -6.350979590053366053e+01 5.925563767996082731e+01
8.962541243852261141e-01 -1.547720273623073339e+01 5.524988583550609889e+01 -1.547720273623073339e+01 6.864188877829472801e+01 -6.326810841209813674e+01 5.524988583550609889e+01 -6.326810841209813674e+01 5.899750291438569860e+01
7.694701135835286809e-01 -1.544577793863207837e+01 5.500149695649134429e+01 -1.544577793863207837e+01 6.833439468419743434e+01 -6.276317700391218324e+01 5.500149695649134429e+01 -6.276317700391218324e+01 5.831308622013794718e+01
5.714553950846589236e-01 -1.539197434586155566e+01 5.461638571197777026e+01 -1.539197434586155566e+01 6.781697034422670356e+01 -6.200002334463439269e+01 5.461638571197777026e+01 -6.200002334463439269e+01 5.721636778278624291e+01
3.031723095723173889e-01 -1.531773413638990178e+01 5.409696670222629677e+01 -1.531773413638990178e+01 6.709650961709853334e+01 -6.098909320495875619e+01 5.409696670222629677e+01 -6.098909320495875619e+01 5.572166023286273173e+01
-3.240463538569467866e-02 -1.522489450606781958e+01 5.344850655534225581e+01 -1.522489450606781958e+01 6.618631030135134097e+01 -5.974804116215533867e+01 5.344850655534225581e+01 -5.974804116215533867e+01 5.385611907475108495e+01
-4.308486726443552239e-01 -1.511646495666978929e+01 5.267795162135165299e+01 -1.511646495666978929e+01 6.510572419327911575e+01 -5.830190557110367422e+01 5.267795162135165299e+01 -5.830190557110367422e+01 5.165671568780874878e+01
-8.858608450012614988e-01 -1.499512254500683461e+01 5.179739239866241007e+01 -1.499512254500683461e+01 6.388038454927503551e+01 -5.668349350056630698e+01 5.179739239866241007e+01 -5.668349350056630698e+01 4.917349178758814077e+01
-1.389479970436709788e+00 -1.486499658746719632e+01 5.082164893380353021e+01 -1.486499658746719632e+01 6.254264351341472405e+01 -5.493371317815215349e+01 5.082164893380353021e+01 -5.493371317815215349e+01 4.646852709673961357e+01
-1.932152630527055770e+00 -1.472941153368547518e+01 4.977070291878929709e+01 -1.472941153368547518e+01 6.112777524603166768e+01 -5.309761964496174613e+01 4.977070291878929709e+01 -5.309761964496174613e+01 4.360855556740196448e+01
-1.030045524117813756e+02 -1.988499615458709568e+00 -1.311493484092822293e+00 -1.988499615458709568e+00 -1.275414016351049611e+02 6.593024188344516645e+00 -1.311493484092822293e+00 6.593024188344516645e+00 -1.479716528089427356e+02
-1.029650204894930852e+02 -1.997460184510720271e+00 -1.221316776917440006e+00 -1.997460184510720271e+00 -1.274901858335625917e+02 6.559378130041378263e+00 -1.221316776917440006e+00 6.559378130041378263e+00 -1.478027636520555745e+02
-1.028355973683570710e+02 -2.006069358697946559e+00 -1.128504608256172048e+00 -2.006069358697946559e+00 -1.273531198741174961e+02 6.531332427395746265e+00 -1.128504608256172048e+00 6.531332427395746265e+00 -1.472674574999141157e+02
-1.026165905188799741e+02 -2.014722457243270259e+00 -1.031914944798468570e+00 -2.014722457243270259e+00 -1.271317850336612167e+02 6.508755307333327522e+00 -1.031914944798468570e+00 6.508755307333327522e+00 -1.463674474024842027e+02
-1.023073850000484697e+02 -2.023419480146692706e+00 -9.315697487233779439e-01 -2.023419480146692706e+00 -1.268249953545250861e+02 6.491558921137924543e+00 -9.315697487233779439e-01 6.491558921137924543e+00 -1.451015693642762585e+02
-1.019088812612035184e+02 -2.032467897914899346e+00 -8.277984527166362128e-01 -2.032467897914899346e+00 -1.264342881892425652e+02 6.479677382272390318e+00 -8.277984527166362128e-01 6.479677382272390318e+00 -1.434783227485822295e+02
-1.014229241253852791e+02 -2.041472391325008129e+00 -7.212159977916168252e-01 -2.041472391325008129e+00 -1.259605420249755952e+02 6.472825182409088107e+00 -7.212159977916168252e-01 6.472825182409088107e+00 -1.415094133968352708e+02
-1.008537083687921125e+02 -2.051069863569441321e+00 -6.130961903331640928e-01 -2.051069863569441321e+00 -1.254089399359797596e+02 6.470848586294673410e+00 -6.130961903331640928e-01 6.470848586294673410e+00 -1.392215912431171319e+02
-1.002105679175198532e+02 -2.060140243516697112e+00 -5.048446098004170102e-01 -2.060140243516697112e+00 -1.247862243112231084e+02 6.473176577273873633e+00 -5.048446098004170102e-01 6.473176577273873633e+00 -1.366515331264396877e+02
-9.950485721813686268e+01 -2.069869488835424765e+00 -3.985257010239861009e-01 -2.069869488835424765e+00 -1.241051112523750675e+02 6.479369911765703982e+00 -3.985257010239861009e-01 6.479369911765703982e+00 -1.338528706880407242e+02
5.354792115412061904e+00 1.947106932623380970e+01 3.220602931059979568e+01 1.947106932623380970e+01 -5.803544627561203129e+01 1.816998302958672085e+01 3.220602931059979568e+01 1.816998302958672085e+01 3.781353584850553062e+01
5.134705185448266818e+00 1.929544571610145098e+01 3.194159054426424049e+01 1.929544571610145098e+01 -5.811025167705012962e+01 1.803584984702795069e+01 3.194159054426424049e+01 1.803584984702795069e+01 3.741920027107863689e+01
4.777196310865458706e+00 1.904412483685364421e+01 3.154574994013180955e+01 1.904412483685364421e+01 -5.822820117738023526e+01 1.782718997168025865e+01 3.154574994013180955e+01 1.782718997168025865e+01 3.678218378252830689e+01
4.288545726558337989e+00 1.872143596284087508e+01 3.102434179925852220e+01 1.872143596284087508e+01 -5.838715801029204044e+01 1.754864854769653348e+01 3.102434179925852220e+01 1.754864854769653348e+01 3.591185099346674292e+01
3.677876495643177535e+00 1.833380797357074599e+01 3.038552299477687058e+01 1.833380797357074599e+01 -5.858457663678974114e+01 1.720624568189890979e+01 3.038552299477687058e+01 1.720624568189890979e+01 3.482245320615503914e+01
2.955315032373270867e+00 1.788792987662341005e+01 2.963994019708525229e+01 1.788792987662341005e+01 -5.881744700346227717e+01 1.680739502435540800e+01 2.963994019708525229e+01 1.680739502435540800e+01 3.353242235259181570e+01
2.134462318828271421e+00 1.739444834239728976e+01 2.880085993788432219e+01 1.739444834239728976e+01 -5.908305634612437274e+01 1.636038351223476539e+01 2.880085993788432219e+01 1.636038351223476539e+01 3.206279164550137040e+01
1.229272368043452079e+00 1.686183611382724479e+01 2.788296087269720758e+01 1.686183611382724479e+01 -5.937804158040931668e+01 1.587520749575400636e+01 2.788296087269720758e+01 1.587520749575400636e+01 3.043621080777317189e+01
2.594220106504432910e-01 1.630386139818243763e+01 2.690276113413156622e+01 1.630386139818243763e+01 -5.969708866140621950e+01 1.536154745532774335e+01 2.690276113413156622e+01 1.536154745532774335e+01 2.868761132343693276e+01
-7.604472589808547456e-01 1.573003745068797699e+01 2.587785652823853511e+01 1.573003745068797699e+01 -6.003843243433697552e+01 1.483034735058017617e+01 2.587785652823853511e+01 1.483034735058017617e+01 2.683969865711196690e+01
1.376823011333569013e+01 3.362132025902698729e+01 -4.144512838933138710e+01 3.362132025902698729e+01 -1.333462580169407374e+01 -4.527745823061095365e+01 -4.144512838933138710e+01 -4.527745823061095365e+01 -1.670623959714950857e+01
1.365483042408243364e+01 3.352309066731699261e+01 -4.120809332227694455e+01 3.352309066731699261e+01 -1.328775808800237712e+01 -4.529429758918981008e+01 -4.120809332227694455e+01 -4.529429758918981008e+01 -1.680964206371706027e+01
1.351835457677667129e+01 3.336241970675904156e+01 -4.084215828492443734e+01 3.336241970675904156e+01 -1.320235062226909406e+01 -4.521243042433421522e+01 -4.084215828492443734e+01 -4.521243042433421522e+01 -1.692812291018855220e+01
1.336300323929918399e+01 3.314149025716890407e+01 -4.035225768626919773e+01 3.314149025716890407e+01 -1.307680751757008331e+01 -4.503473666991877167e+01 -4.035225768626919773e+01 -4.503473666991877167e+01 -1.705458319128075217e+01
1.319352738536666436e+01 3.286400771117504860e+01 -3.974591237273531874e+01 3.286400771117504860e+01 -1.291178914090843755e+01 -4.476462822212611314e+01 -3.974591237273531874e+01 -4.476462822212611314e+01 -1.718311629102154114e+01
1.301412768285989507e+01 3.253365911787807363e+01 -3.903174380241875951e+01 3.253365911787807363e+01 -1.270841444748384141e+01 -4.440590219122402971e+01 -3.903174380241875951e+01 -4.440590219122402971e+01 -1.730585283595740975e+01
1.283056399952807247e+01 3.215592919210922673e+01 -3.822042790853615202e+01 3.215592919210922673e+01 -1.246816926305325346e+01 -4.396363973443076389e+01 -3.822042790853615202e+01 -4.396363973443076389e+01 -1.741519860555278854e+01
1.264753227850429518e+01 3.173606418283750230e+01 -3.732430988533976546e+01 3.173606418283750230e+01 -1.219341990271108855e+01 -4.344336225363326065e+01 -3.732430988533976546e+01 -4.344336225363326065e+01 -1.750201852293157856e+01
1.247053557814766833e+01 3.128116303534615383e+01 -3.635701897403230731e+01 3.128116303534615383e+01 -1.188811022494803282e+01 -4.285211366353120610e+01 -3.635701897403230731e+01 -4.285211366353120610e+01 -1.756005744509225508e+01
1.230439824628633971e+01 3.079806788552833652e+01 -3.533337674512762305e+01 3.079806788552833652e+01 -1.155545034714023878e+01 -4.219726806232576877e+01 -3.533337674512762305e+01 -4.219726806232576877e+01 -1.758030869985375588e+01
-5.768811664250431193e+01 3.707827746818072967e+01 1.064733204307158942e+01 3.707827746818072967e+01 1.657078213934765287e+01 4.049574920482021412e+01 1.064733204307158942e+01 4.049574920482021412e+01 -3.781114634218626236e+01
-5.755999310998720375e+01 3.710933027300822573e+01 1.068804278050216361e+01 3.710933027300822573e+01 1.666826866844091981e+01 4.046913791498630530e+01 1.068804278050216361e+01 4.046913791498630530e+01 -3.752653028138449542e+01
-5.737201307540759387e+01 3.713605496322495725e+01 1.070868165017448703e+01 3.713605496322495725e+01 1.676607649861882976e+01 4.035511383006585362e+01 1.070868165017448703e+01 4.035511383006585362e+01 -3.716771257009413176e+01
-5.712317483538394214e+01 3.715801683736345495e+01 1.070849264953646163e+01 3.715801683736345495e+01 1.686358192777590048e+01 4.015324224859140401e+01 1.070849264953646163e+01 4.015324224859140401e+01 -3.673457980793236288e+01
-5.681534949623271302e+01 3.717480009402006402e+01 1.068688987661021095e+01 3.717480009402006402e+01 1.696055815514650078e+01 3.986395787203042573e+01 1.068688987661021095e+01 3.986395787203042573e+01 -3.622921100191745580e+01
-5.644891505922994668e+01 3.718525182930284956e+01 1.064275822763138635e+01 3.718525182930284956e+01 1.705694848053922286e+01 3.948869710523188559e+01 1.064275822763138635e+01 3.948869710523188559e+01 -3.565241885479291994e+01
-5.602630963260616426e+01 3.718940984333939781e+01 1.057556850081351563e+01 3.718940984333939781e+01 1.715127869897747459e+01 3.902876405259818426e+01 1.057556850081351563e+01 3.902876405259818426e+01 -3.500683047542730719e+01
-5.554944212280542359e+01 3.718564873064270415e+01 1.048416779226465145e+01 3.718564873064270415e+01 1.724347321020604440e+01 3.848708822401868446e+01 1.048416779226465145e+01 3.848708822401868446e+01 -3.429373106815918248e+01
-5.502154444073794082e+01 3.717406299153176974e+01 1.036834820128296464e+01 3.717406299153176974e+01 1.733234131020537205e+01 3.786699603072263187e+01 1.036834820128296464e+01 3.786699603072263187e+01 -3.351642814415398419e+01
-5.444605639801577723e+01 3.715327292134902848e+01 1.022725922499734175e+01 3.715327292134902848e+01 1.741793969916687246e+01 3.717372279038332294e+01 1.022725922499734175e+01 3.717372279038332294e+01 -3.267728421138701833e+01
1.199666519188729410e+02 -1.064576165744801806e+01 -3.228302524548372787e+01 -1.064576165744801806e+01 4.882213836370602422e+01 -6.421659363677920851e+01 -3.228302524548372787e+01 -6.421659363677920851e+01 1.851015194089130773e+02
1.196190942867183082e+02 -1.061041320597723470e+01 -3.244824118980594818e+01 -1.061041320597723470e+01 4.848248869915696702e+01 -6.405588015848499595e+01 -3.244824118980594818e+01 -6.405588015848499595e+01 1.843776538524395789e+02
1.186657339436463872e+02 -1.055554861085050966e+01 -3.251851240505033047e+01 -1.055554861085050966e+01 4.778296920444216767e+01 -6.366306864959798162e+01 -3.251851240505033047e+01 -6.366306864959798162e+01 1.826118849118779508e+02
1.171313098939055806e+02 -1.048234669953699694e+01 -3.249383889121685343e+01 -1.048234669953699694e+01 4.673160245539335023e+01 -6.304421697350132803e+01 -3.249383889121685343e+01 -6.304421697350132803e+01 1.798283130599307924e+02
1.150619110170189430e+02 -1.039247747761799090e+01 -3.237484280724758179e+01 -1.039247747761799090e+01 4.534882146147579363e+01 -6.221044212813324492e+01 -3.237484280724758179e+01 -6.221044212813324492e+01 1.760867146728463410e+02
1.125266297007616743e+02 -1.028813487399441229e+01 -3.216740191788451853e+01 -1.028813487399441229e+01 4.366154278323509885e+01 -6.118335595042817943e+01 -3.216740191788451853e+01 -6.118335595042817943e+01 1.714876175375771368e+02
1.096261410855200040e+02 -1.017242968337651909e+01 -3.188073399903229799e+01 -1.017242968337651909e+01 4.171790187566159602e+01 -5.999537619578778447e+01 -3.188073399903229799e+01 -5.999537619578778447e+01 1.661848913840548789e+02
1.064877912831696847e+02 -1.004947142930260107e+01 -3.153003282695994969e+01 -1.004947142930260107e+01 3.958510827710061619e+01 -5.869052879566407910e+01 -3.153003282695994969e+01 -5.869052879566407910e+01 1.603847491563622043e+02
1.032524829214817430e+02 -9.923582479159545500e+00 -3.113373395347670680e+01 -9.923582479159545500e+00 3.734450108292355708e+01 -5.732076402171839646e+01 -3.113373395347670680e+01 -5.732076402171839646e+01 1.543275243047722256e+02
1.000546841949580283e+02 -9.798888729089378913e+00 -3.071281068397119896e+01 -9.798888729089378913e+00 3.507954782698779184e+01 -5.593929283609989511e+01 -3.071281068397119896e+01 -5.593929283609989511e+01 1.482558424440814235e+02
-5.509693275511497745e+01 1.264736776859023770e+01 -3.460640610209576096e+01 1.264736776859023770e+01 -4.378956132154072378e+01 -2.413960614598405030e+01 -3.460640610209576096e+01 -2.413960614598405030e+01 -7.958076173830326638e+01
-5.500660561033404150e+01 1.269402046527644501e+01 -3.468207712880811755e+01 1.269402046527644501e+01 -4.376075852266264121e+01 -2.417610928497035871e+01 -3.468207712880811755e+01 -2.417610928497035871e+01 -7.938980114111562614e+01
-5.484033312647047609e+01 1.272625216878287624e+01 -3.472242064097817860e+01 1.272625216878287624e+01 -4.364552773340955838e+01 -2.418555346800385664e+01 -3.472242064097817860e+01 -2.418555346800385664e+01 -7.895962056331399026e+01
-5.459729236641346972e+01 1.274465069133153250e+01 -3.472686842012466002e+01 1.274465069133153250e+01 -4.344265414185601060e+01 -2.416787991386233614e+01 -3.472686842012466002e+01 -2.416787991386233614e+01 -7.829078822337963572e+01
-5.427791439245917360e+01 1.274894172055214447e+01 -3.469479346654409824e+01 1.274894172055214447e+01 -4.315378362222360664e+01 -2.412244202910159530e+01 -3.469479346654409824e+01 -2.412244202910159530e+01 -7.738508715171928998e+01
-5.388278701682957461e+01 1.273906647522251490e+01 -3.462525528068128011e+01 1.273906647522251490e+01 -4.277883779954940024e+01 -2.404929859494384559e+01 -3.462525528068128011e+01 -2.404929859494384559e+01 -7.624604422166498807e+01
-5.341722014326343526e+01 1.271502495534264199e+01 -3.451797955016596120e+01 1.271502495534264199e+01 -4.232357723360902924e+01 -2.394803814283367061e+01 -3.451797955016596120e+01 -2.394803814283367061e+01 -7.488523933399014254e+01
-5.287945033509473802e+01 1.267707187954206205e+01 -3.437284871255372565e+01 1.267707187954206205e+01 -4.178731614347680789e+01 -2.381936604743748376e+01 -3.437284871255372565e+01 -2.381936604743748376e+01 -7.330833507976670660e+01
-5.227494424598811662e+01 1.262512887285783769e+01 -3.418962764295576306e+01 1.262512887285783769e+01 -4.117473743318802093e+01 -2.366292962142207301e+01 -3.418962764295576306e+01 -2.366292962142207301e+01 -7.152567695410192528e+01
-5.160895299846010431e+01 1.256025399728957481e+01 -3.397006018429736685e+01 1.256025399728957481e+01 -4.049375697399896268e+01 -2.348074702008299397e+01 -3.397006018429736685e+01 -2.348074702008299397e+01 -6.956003288372798465e+01
1.455548974408032450e+02 3.708880435342298654e+01 -3.151585153027526065e+00 3.708880435342298654e+01 8.526488375232406725e+01 1.820459904412126306e+01 -3.151585153027526065e+00 1.820459904412126306e+01 8.123805178825517714e+01
1.453669684633283623e+02 3.700733066137806304e+01 -3.336095767205225382e+00 3.700733066137806304e+01 8.522191929988757408e+01 1.789561788391430142e+01 -3.336095767205225382e+00 1.789561788391430142e+01 8.095716277002591710e+01
1.449702601123432828e+02 3.684864408082924569e+01 -3.541148962713799531e+00 3.684864408082924569e+01 8.504926765221948415e+01 1.752949659409062377e+01 -3.541148962713799531e+00 1.752949659409062377e+01 8.025644689642736296e+01
1.443708152765201760e+02 3.661517472786455585e+01 -3.763536986317038036e+00 3.661517472786455585e+01 8.474872709522497871e+01 1.710843847990338773e+01 -3.763536986317038036e+00 1.710843847990338773e+01 7.914316211417579439e+01
1.435770907598455040e+02 3.631189624007751604e+01 -3.998513011256309646e+00 3.631189624007751604e+01 8.432237132796582557e+01 1.663693115572850445e+01 -3.998513011256309646e+00 1.663693115572850445e+01 7.763206732831253021e+01
1.426020957837771732e+02 3.594509451774919739e+01 -4.240503971303048125e+00 3.594509451774919739e+01 8.377556280660962784e+01 1.612011026689868487e+01 -4.240503971303048125e+00 1.612011026689868487e+01 7.574560061071713335e+01
1.414588071682252917e+02 3.552389059659667225e+01 -4.483499379332841706e+00 3.552389059659667225e+01 8.311084505266187250e+01 1.556398630053834431e+01 -4.483499379332841706e+00 1.556398630053834431e+01 7.350918097567047482e+01
1.401666982434419992e+02 3.505832895645051650e+01 -4.721375342803836972e+00 3.505832895645051650e+01 8.233633465385659633e+01 1.497550938865927250e+01 -4.721375342803836972e+00 1.497550938865927250e+01 7.095830431883182143e+01
1.387478344635067344e+02 3.456009035530722429e+01 -4.948137575365542773e+00 3.456009035530722429e+01 8.146147666138929821e+01 1.436237489887358088e+01 -4.948137575365542773e+00 1.436237489887358088e+01 6.813467143227185829e+01
1.372271002171609382e+02 3.404176279450282294e+01 -5.158423620850356883e+00 3.404176279450282294e+01 8.049790323093473887e+01 1.373273182046315810e+01 -5.158423620850356883e+00 1.373273182046315810e+01 6.508591259131615914e+01
-3.324975159457012808e+01 2.853135370879989807e+01 1.952416553082710848e+01 2.853135370879989807e+01 2.500823547145725456e+01 -3.426526837136912462e+01 1.952416553082710848e+01 -3.426526837136912462e+01 -9.698567431591904153e+01
-3.310619044362439922e+01 2.856670606690157399e+01 1.959073668246865552e+01 2.856670606690157399e+01 2.526176076458150632e+01 -3.440756491580507515e+01 1.959073668246865552e+01 -3.440756491580507515e+01 -9.651099388137602375e+01
-3.285096642533775935e+01 2.862283949615645184e+01 1.965617535066860810e+01 2.862283949615645184e+01 2.562789266124799070e+01 -3.452562631459096565e+01 1.965617535066860810e+01 -3.452562631459096565e+01 -9.578597798206924097e+01
-3.248434378584658333e+01 2.869771552636966305e+01 1.972048153542696980e+01 2.869771552636966305e+01 2.610368670450856854e+01 -3.461860320514561806e+01 1.972048153542696980e+01 -3.461860320514561806e+01 -9.480800303135899298e+01
