8.911278805459936503e-02 -7.956498933446373581e-04 1.123584230067478096e+00 -7.956498933446373581e-04 -1.033440713741955036e-01 -1.446636169717522321e-04 1.123584230067478096e+00 -1.446636169717522321e-04 3.773188789665727905e-01
1.634337212738370959e-01 -4.797407197825733632e-02 1.109352946747881985e+00 -4.797407197825733632e-02 -8.319966271087900211e-02 -7.345295151740720285e-02 1.109352946747881985e+00 -7.345295151740720285e-02 4.940805008148982380e-01
2.495809051805155387e-01 -9.607472462136494584e-02 1.098304263001664394e+00 -9.607472462136494584e-02 -4.871547301523756340e-02 -1.451156907747889746e-01 1.098304263001664394e+00 -1.451156907747889746e-01 6.268455352907239542e-01
3.473192613970556009e-01 -1.448082805887239699e-01 1.090420095876704076e+00 -1.448082805887239699e-01 -1.808295212146902902e-05 -2.151871302454814450e-01 1.090420095876704076e+00 -2.151871302454814450e-01 7.749810790697981844e-01
4.552564026101042494e-01 -1.937588319815406468e-01 1.085628113564514718e+00 -1.937588319815406468e-01 6.160861787784498861e-02 -2.836130210731202528e-01 1.085628113564514718e+00 -2.836130210731202528e-01 9.367330857963387380e-01
5.712223745650851781e-01 -2.424562220446567495e-01 1.083747486543881866e+00 -2.424562220446567495e-01 1.343382513103933973e-01 -3.503571973534624351e-01 1.083747486543881866e+00 -3.503571973534624351e-01 1.108792375232116489e+00
6.934269650019728726e-01 -2.904845428792784956e-01 1.084597385293591065e+00 -2.904845428792784956e-01 2.163625221333769499e-01 -4.155462397513582928e-01 1.084597385293591065e+00 -4.155462397513582928e-01 1.288735831792854780e+00
8.196821367140696424e-01 -3.373374718260047089e-01 1.087924648483941104e+00 -3.373374718260047089e-01 3.055476419964622270e-01 -4.791258994104433677e-01 1.087924648483941104e+00 -4.791258994104433677e-01 1.472928782102138401e+00
9.471850321225477876e-01 -3.826171839381631856e-01 1.093548446593718193e+00 -3.826171839381631856e-01 3.994524123632508528e-01 -5.414397524210257107e-01 1.093548446593718193e+00 -5.414397524210257107e-01 1.657573806214458489e+00
1.073838028781316956e+00 -4.257992736042312543e-01 1.101089037628370626e+00 -4.257992736042312543e-01 4.956718006015876088e-01 -6.023973840224977616e-01 1.101089037628370626e+00 -6.023973840224977616e-01 1.838963898944914632e+00
3.784562663145237149e+00 7.227441670555020181e+00 8.760833060493125046e+00 7.227441670555020181e+00 -3.592489807097189214e+01 -1.054264369841697402e+01 8.760833060493125046e+00 -1.054264369841697402e+01 -4.657838529696827123e+01
3.759489581309665596e+00 7.250352315592876629e+00 8.670737741153857314e+00 7.250352315592876629e+00 -3.585913016560691347e+01 -1.042794133965543679e+01 8.670737741153857314e+00 -1.042794133965543679e+01 -4.653140822170757218e+01
3.789073953705986764e+00 7.267260334347422024e+00 8.571768974265346230e+00 7.267260334347422024e+00 -3.572330676467458233e+01 -1.030358258209030886e+01 8.571768974265346230e+00 -1.030358258209030886e+01 -4.631466121612974263e+01
3.875422292042318695e+00 7.278016593246399601e+00 8.463442075717759749e+00 7.278016593246399601e+00 -3.551489259744656835e+01 -1.016910138330829305e+01 8.463442075717759749e+00 -1.016910138330829305e+01 -4.592296188859886996e+01
4.017434736223271408e+00 7.282322825145296719e+00 8.345775687207627413e+00 7.282322825145296719e+00 -3.523539764134194030e+01 -1.002431132634406907e+01 8.345775687207627413e+00 -1.002431132634406907e+01 -4.536037412895893794e+01
4.214179201422245669e+00 7.280141746651049850e+00 8.218564750073101166e+00 7.280141746651049850e+00 -3.488577262288384873e+01 -9.868988710839250444e+00 8.218564750073101166e+00 -9.868988710839250444e+00 -4.462889259873887227e+01
4.464369410578529873e+00 7.270951390260762537e+00 8.081660130741921577e+00 7.270951390260762537e+00 -3.446765801136709939e+01 -9.702797986256262774e+00 8.081660130741921577e+00 -9.702797986256262774e+00 -4.373334549734047272e+01
4.765693793322154370e+00 7.254733114277901684e+00 7.934763562069578668e+00 7.254733114277901684e+00 -3.398301118492755535e+01 -9.525496810540188264e+00 7.934763562069578668e+00 -9.525496810540188264e+00 -4.267729338880135970e+01
5.117145698040388879e+00 7.231039517985700549e+00 7.777707268787282580e+00 7.231039517985700549e+00 -3.343369631321841950e+01 -9.336693708063856789e+00 7.777707268787282580e+00 -9.336693708063856789e+00 -4.146716765842506192e+01
5.514922218640701423e+00 7.199796034598029415e+00 7.610360759019310528e+00 7.199796034598029415e+00 -3.282273335107789336e+01 -9.136202261861946283e+00 7.610360759019310528e+00 -9.136202261861946283e+00 -4.010943697490821336e+01
5.696440951856386548e+00 3.541725364507950502e+00 4.966236833122421146e+00 3.541725364507950502e+00 2.618204751929126317e+01 1.995161315297046656e+01 4.966236833122421146e+00 1.995161315297046656e+01 5.961217516156520624e-01
5.785692480972912222e+00 3.454560234773369487e+00 5.080846139342583001e+00 3.454560234773369487e+00 2.614001637960541657e+01 1.980217702629784071e+01 5.080846139342583001e+00 1.980217702629784071e+01 6.435561307265328379e-01
5.895451354441886060e+00 3.367323775145388609e+00 5.191229149378805197e+00 3.367323775145388609e+00 2.609211835618743791e+01 1.960796355904347976e+01 5.191229149378805197e+00 1.960796355904347976e+01 6.982304940174954844e-01
6.024683288809011827e+00 3.280247807777557423e+00 5.297885172484887661e+00 3.280247807777557423e+00 2.603846044387742253e+01 1.936966821766802838e+01 5.297885172484887661e+00 1.936966821766802838e+01 7.589500657740928524e-01
6.172871142347139184e+00 3.194259621284073702e+00 5.400207904566930672e+00 3.194259621284073702e+00 2.598166401625781319e+01 1.908944873144683285e+01 5.400207904566930672e+00 1.908944873144683285e+01 8.281578948452690270e-01
6.337072556953526004e+00 3.109608870291836080e+00 5.498553995091933544e+00 3.109608870291836080e+00 2.591957134405327068e+01 1.876800056684054141e+01 5.498553995091933544e+00 1.876800056684054141e+01 9.011105433199356751e-01
6.515539950239878308e+00 3.026473879534345102e+00 5.592584627066247371e+00 3.026473879534345102e+00 2.585318104577138598e+01 1.840696431139734912e+01 5.592584627066247371e+00 1.840696431139734912e+01 9.776831838846432587e-01
6.705313131630100898e+00 2.945960262359297754e+00 5.681996648442922293e+00 2.945960262359297754e+00 2.578176199000481716e+01 1.800787355782534860e+01 5.681996648442922293e+00 1.800787355782534860e+01 1.054701636283099875e+00
6.904341366688951709e+00 2.867622206932944451e+00 5.766558237068410087e+00 2.867622206932944451e+00 2.570501102470661081e+01 1.757192308183899598e+01 5.766558237068410087e+00 1.757192308183899598e+01 1.130132998553410317e+00
7.109325647846685747e+00 2.792743651336482724e+00 5.845859246055661096e+00 2.792743651336482724e+00 2.562250017051636419e+01 1.710043248646617897e+01 5.845859246055661096e+00 1.710043248646617897e+01 1.201177572379631853e+00
3.258651685941049436e+01 -1.428235824005878563e+01 6.354607038569356270e+00 -1.428235824005878563e+01 -2.502814545530110402e-01 -6.666097758343270563e+00 6.354607038569356270e+00 -6.666097758343270563e+00 -2.604026716367823457e+00
3.267544790616772588e+01 -1.439067489837328928e+01 6.444091449929048920e+00 -1.439067489837328928e+01 -1.530856397009216774e-01 -6.623167375474716678e+00 6.444091449929048920e+00 -6.623167375474716678e+00 -2.363812927485442028e+00
3.275704240932454780e+01 -1.447830286074407091e+01 6.520027353763904188e+00 -1.447830286074407091e+01 -3.139897857205238563e-02 -6.568295027475575587e+00 6.520027353763904188e+00 -6.568295027475575587e+00 -2.114531099311074858e+00
3.283174663065714327e+01 -1.454445670644505206e+01 6.581718581703081661e+00 -1.454445670644505206e+01 1.154389962623438015e-01 -6.500802396446053066e+00 6.581718581703081661e+00 -6.500802396446053066e+00 -1.852628988106326480e+00
3.289831103719220806e+01 -1.458854736993167300e+01 6.628540367259928345e+00 -1.458854736993167300e+01 2.860716490026785075e-01 -6.420261071081016624e+00 6.628540367259928345e+00 -6.420261071081016624e+00 -1.581087622536081483e+00
3.295528974077492990e+01 -1.461003933707252322e+01 6.659903644889886287e+00 -1.461003933707252322e+01 4.785354278337579093e-01 -6.326189088662188986e+00 6.659903644889886287e+00 -6.326189088662188986e+00 -1.303066535975697438e+00
3.300166526455559080e+01 -1.460877195362817105e+01 6.675397853758870070e+00 -1.460877195362817105e+01 6.914022950718049509e-01 -6.218175888355487402e+00 6.675397853758870070e+00 -6.218175888355487402e+00 -1.020957691545500756e+00
3.303599172037938558e+01 -1.458445961206186148e+01 6.674719535859075847e+00 -1.458445961206186148e+01 9.223159885385868728e-01 -6.095828759797870866e+00 6.674719535859075847e+00 -6.095828759797870866e+00 -7.381526787444627757e-01
3.305732303328080945e+01 -1.453722726567093027e+01 6.657672336008984892e+00 -1.453722726567093027e+01 1.169973423847657124e+00 -5.958576487915829389e+00 6.657672336008984892e+00 -5.958576487915829389e+00 -4.567757036272020454e-01
3.306473097876540379e+01 -1.446700351257118200e+01 6.624291955150691358e+00 -1.446700351257118200e+01 1.432107591176019490e+00 -5.806187016585749205e+00 6.624291955150691358e+00 -5.806187016585749205e+00 -1.798256453296507573e-01
2.867069832594120182e+00 8.844500762455570708e+00 1.324243125028110812e+00 8.844500762455570708e+00 -2.105526625374138661e+01 -1.272057841235587539e+01 1.324243125028110812e+00 -1.272057841235587539e+01 -4.039624778151139139e+01
3.060354816832033364e+00 8.886289614975911633e+00 1.519854841664416867e+00 8.886289614975911633e+00 -2.106678911895247808e+01 -1.287174215373082120e+01 1.519854841664416867e+00 -1.287174215373082120e+01 -4.015639121704533210e+01
3.285216883619562545e+00 8.922187771979684712e+00 1.715780482513204586e+00 8.922187771979684712e+00 -2.103114948777074389e+01 -1.300752360869416968e+01 1.715780482513204586e+00 -1.300752360869416968e+01 -3.981004048002743190e+01
3.558312482348377159e+00 8.951493520521347946e+00 1.913183413773669850e+00 8.951493520521347946e+00 -2.093080453655752038e+01 -1.312801510789665116e+01 1.913183413773669850e+00 -1.312801510789665116e+01 -3.931090098218174944e+01
3.878164322606798553e+00 8.974096063820018898e+00 2.112026703185521548e+00 8.974096063820018898e+00 -2.076614205404586855e+01 -1.323292119325593319e+01 2.112026703185521548e+00 -1.323292119325593319e+01 -3.866423557059987104e+01
4.243498241414754624e+00 8.989755342183805453e+00 2.312273418488467236e+00 8.989755342183805453e+00 -2.053738363379753906e+01 -1.332187254216909089e+01 2.312273418488467236e+00 -1.332187254216909089e+01 -3.787266643576254666e+01
4.652726151579691383e+00 8.998323626571538725e+00 2.514034356463382469e+00 8.998323626571538725e+00 -2.024515712423749392e+01 -1.339442596751262471e+01 2.514034356463382469e+00 -1.339442596751262471e+01 -3.693948054883573207e+01
5.103576719093654290e+00 8.999727052462631605e+00 2.717438780021290246e+00 8.999727052462631605e+00 -1.989105061255828844e+01 -1.345026754507405009e+01 2.717438780021290246e+00 -1.345026754507405009e+01 -3.586925751009564323e+01
5.593760143818542474e+00 8.993707094035043426e+00 2.922338960121021234e+00 8.993707094035043426e+00 -1.947631979560985371e+01 -1.348869556190782326e+01 2.922338960121021234e+00 -1.348869556190782326e+01 -3.466670618272949866e+01
6.121171286917715726e+00 8.980116022247607077e+00 3.128661032241992324e+00 8.980116022247607077e+00 -1.900210957346123308e+01 -1.350908216958897867e+01 3.128661032241992324e+00 -1.350908216958897867e+01 -3.333662776057526145e+01
4.599999781162544821e+00 -8.746066964035804858e+00 8.040289804469665569e+00 -8.746066964035804858e+00 -1.345667932606310835e+01 -2.066244468620330288e+00 8.040289804469665569e+00 -2.066244468620330288e+00 -1.109575958846577670e+01
4.530869196351203776e+00 -8.736133885015982870e+00 8.033874311231175014e+00 -8.736133885015982870e+00 -1.334382496773149107e+01 -2.026657959205557358e+00 8.033874311231175014e+00 -2.026657959205557358e+00 -1.100889526808326835e+01
4.491428493600941430e+00 -8.715502241987659104e+00 8.010107824915859709e+00 -8.715502241987659104e+00 -1.317806101601539659e+01 -1.985431124815034698e+00 8.010107824915859709e+00 -1.985431124815034698e+00 -1.085893311363356872e+01
4.468664428104141884e+00 -8.686012844090280183e+00 7.970010992175297737e+00 -8.686012844090280183e+00 -1.297586362400458171e+01 -1.942272352119739143e+00 7.970010992175297737e+00 -1.942272352119739143e+00 -1.065241619918661442e+01
4.462886839022887742e+00 -8.647793272155299249e+00 7.913438006344978959e+00 -8.647793272155299249e+00 -1.273865440667803384e+01 -1.897199866952735237e+00 7.913438006344978959e+00 -1.897199866952735237e+00 -1.039000065473270240e+01
4.473858790527351026e+00 -8.600843526182714527e+00 7.840735158253115067e+00 -8.600843526182714527e+00 -1.246827417317519959e+01 -1.850104314315639265e+00 7.840735158253115067e+00 -1.850104314315639265e+00 -1.007329035358145752e+01
4.500778345962718419e+00 -8.545200057838654217e+00 7.751938899565834262e+00 -8.545200057838654217e+00 -1.216756615345405201e+01 -1.801003920041515327e+00 7.751938899565834262e+00 -1.801003920041515327e+00 -9.705529494018250602e+00
4.542934697839499769e+00 -8.481008673787629348e+00 7.647705360273439723e+00 -8.481008673787629348e+00 -1.183888147997983076e+01 -1.749607070801340925e+00 7.647705360273439723e+00 -1.749607070801340925e+00 -9.289652435166372513e+00
4.599471232003692123e+00 -8.408287599862699579e+00 7.528089217875117534e+00 -8.408287599862699579e+00 -1.148537322187258880e+01 -1.695986669927371793e+00 7.528089217875117534e+00 -1.695986669927371793e+00 -8.828794020312807689e+00
4.669221495139204592e+00 -8.327401352725148698e+00 7.393910634858747777e+00 -8.327401352725148698e+00 -1.110973880242578282e+01 -1.639523039095435619e+00 7.393910634858747777e+00 -1.639523039095435619e+00 -8.326872803566296000e+00
-1.815913011809605138e+01 -2.752796579859309478e+00 -1.888670835434841067e+01 -2.752796579859309478e+00 -3.017349277106172778e+01 -7.650911251883268704e+00 -1.888670835434841067e+01 -7.650911251883268704e+00 9.554881984375004578e+00
-1.804145569203889821e+01 -2.679259320529698396e+00 -1.896617006558775742e+01 -2.679259320529698396e+00 -3.013511343103396456e+01 -7.558934135984600289e+00 -1.896617006558775742e+01 -7.558934135984600289e+00 9.762089689918058255e+00
-1.793750007493523313e+01 -2.604685282115883460e+00 -1.900238327788602533e+01 -2.604685282115883460e+00 -3.009295725291373813e+01 -7.452719821590346960e+00 -1.900238327788602533e+01 -7.452719821590346960e+00 9.935435450014518111e+00
-1.784837410151812520e+01 -2.529481770686659470e+00 -1.899512582429659702e+01 -2.529481770686659470e+00 -3.004774627927755759e+01 -7.332064655666108877e+00 -1.899512582429659702e+01 -7.332064655666108877e+00 1.007134607960632877e+01
-1.777600321865824284e+01 -2.454352314906306454e+00 -1.894402742657511496e+01 -2.454352314906306454e+00 -3.000101716483950653e+01 -7.196931610387450107e+00 -1.894402742657511496e+01 -7.196931610387450107e+00 1.016778504834951846e+01
-1.772142420543978858e+01 -2.379815304316927893e+00 -1.884860672300391471e+01 -2.379815304316927893e+00 -2.995352898000052377e+01 -7.047357713578808358e+00 -1.884860672300391471e+01 -7.047357713578808358e+00 1.022310461805668602e+01
-1.768630331396238020e+01 -2.306500211933931954e+00 -1.870851194925085181e+01 -2.306500211933931954e+00 -2.990670729600137889e+01 -6.883194853942438129e+00 -1.870851194925085181e+01 -6.883194853942438129e+00 1.023549042533048059e+01
-1.767226976850119158e+01 -2.234999482948293537e+00 -1.852346539663265901e+01 -2.234999482948293537e+00 -2.986251458753718779e+01 -6.704498573214995538e+00 -1.852346539663265901e+01 -6.704498573214995538e+00 1.020310959286132579e+01
-1.768074914029700295e+01 -2.165609339955498314e+00 -1.829289313387058158e+01 -2.165609339955498314e+00 -2.982232088411206306e+01 -6.510954134888773837e+00 -1.829289313387058158e+01 -6.510954134888773837e+00 1.012388856248080948e+01
-1.771346322318608202e+01 -2.099033311619828535e+00 -1.801670259140352570e+01 -2.099033311619828535e+00 -2.978844042475325438e+01 -6.302598566788210732e+00 -1.801670259140352570e+01 -6.302598566788210732e+00 9.995753776020528392e+00
2.436792238401196897e+01 -7.433837223934700589e+00 -6.187440894712023187e+00 -7.433837223934700589e+00 -4.173567700976381079e-01 2.935540493832303977e+00 -6.187440894712023187e+00 2.935540493832303977e+00 3.858704306436240472e+01
2.432284969688527099e+01 -7.377416574667528870e+00 -6.180312955992537383e+00 -7.377416574667528870e+00 -4.255308490769486585e-01 3.016004637884605710e+00 -6.180312955992537383e+00 3.016004637884605710e+00 3.850152553091942309e+01
2.420351878250184541e+01 -7.309435188969747976e+00 -6.147971263892185512e+00 -7.309435188969747976e+00 -4.735114515021422998e-01 3.085298131704877989e+00 -6.147971263892185512e+00 3.085298131704877989e+00 3.825399810673032874e+01
2.401124174898418318e+01 -7.230744164001896124e+00 -6.090876829372922963e+00 -7.230744164001896124e+00 -5.607666416478843674e-01 3.144112491736056114e+00 -6.090876829372922963e+00 3.144112491736056114e+00 3.785032981596463486e+01
2.374685196230197093e+01 -7.142194596924505312e+00 -6.009685706495996982e+00 -7.142194596924505312e+00 -6.881829790563994687e-01 3.192961922512629780e+00 -6.009685706495996982e+00 3.192961922512629780e+00 3.729167318602724635e+01
2.341107640127983558e+01 -7.044956746333315145e+00 -5.905107142895187344e+00 -7.044956746333315145e+00 -8.564874425523116841e-01 3.232342897378245095e+00 -5.905107142895187344e+00 3.232342897378245095e+00 3.658022688458287774e+01
2.300568818500223145e+01 -6.939952634152237287e+00 -5.778275934784540269e+00 -6.939952634152237287e+00 -1.066938946685579870e+00 3.263141975875126999e+00 -5.778275934784540269e+00 3.263141975875126999e+00 3.571810092334201414e+01
2.253098874371350746e+01 -6.828653949221364705e+00 -5.629883598606991058e+00 -6.828653949221364705e+00 -1.320955986723763464e+00 3.285678319438475548e+00 -5.629883598606991058e+00 3.285678319438475548e+00 3.470754716354191771e+01
2.199022288533820912e+01 -6.711947251082922783e+00 -5.461543672729390231e+00 -6.711947251082922783e+00 -1.619442853399931215e+00 3.301299498572472402e+00 -5.461543672729390231e+00 3.301299498572472402e+00 3.355243100478668339e+01
2.138480910514389777e+01 -6.591517002867137265e+00 -5.273788092877071065e+00 -6.591517002867137265e+00 -1.962594589813372759e+00 3.309916857322894757e+00 -5.273788092877071065e+00 3.309916857322894757e+00 3.225652919072619085e+01
1.231786749194050223e+01 -1.485699185922181442e+01 1.408087838786426538e+01 -1.485699185922181442e+01 4.581115978059606419e+01 -2.490994112150175255e+01 1.408087838786426538e+01 -2.490994112150175255e+01 4.073567233154930989e+01
1.229869578174483813e+01 -1.474479278952613370e+01 1.398143715631155004e+01 -1.474479278952613370e+01 4.578648297585925064e+01 -2.489094417621215882e+01 1.398143715631155004e+01 -2.489094417621215882e+01 4.066518964493207022e+01
1.224430894297646510e+01 -1.461669011337826340e+01 1.385272280299244052e+01 -1.461669011337826340e+01 4.566935553581245699e+01 -2.479263891654888852e+01 1.385272280299244052e+01 -2.479263891654888852e+01 4.041670890148453310e+01
1.215489921703205667e+01 -1.447429166791402366e+01 1.369564410541848787e+01 -1.447429166791402366e+01 4.546070371445782854e+01 -2.461575935511742586e+01 1.369564410541848787e+01 -2.461575935511742586e+01 3.999218746815466830e+01
1.203023940953372417e+01 -1.431922276675985373e+01 1.351116227057306496e+01 -1.431922276675985373e+01 4.516166348368480499e+01 -2.436168613467571120e+01 1.351116227057306496e+01 -2.436168613467571120e+01 3.939414195958983811e+01
1.186905373666717267e+01 -1.415342330037310603e+01 1.330041327034561860e+01 -1.415342330037310603e+01 4.477321352696737478e+01 -2.403260381654959588e+01 1.330041327034561860e+01 -2.403260381654959588e+01 3.862515889639986000e+01
1.167015379707113709e+01 -1.397909530657023858e+01 1.306451560013498181e+01 -1.397909530657023858e+01 4.429741607019714422e+01 -2.363136106870798869e+01 1.306451560013498181e+01 -2.363136106870798869e+01 3.768901320055581294e+01
1.143610863486482110e+01 -1.379807381686496370e+01 1.280446541990573905e+01 -1.379807381686496370e+01 4.374009078474617240e+01 -2.316098132402586174e+01 1.280446541990573905e+01 -2.316098132402586174e+01 3.659793841548243876e+01
1.115707898583659130e+01 -1.361355702903833098e+01 1.252225504958707170e+01 -1.361355702903833098e+01 4.309800451985219638e+01 -2.262705705949739610e+01 1.252225504958707170e+01 -2.262705705949739610e+01 3.533900193813072121e+01
1.083923405117065109e+01 -1.342703044479191199e+01 1.221886317265295752e+01 -1.342703044479191199e+01 4.238096158674564151e+01 -2.203350300901852066e+01 1.221886317265295752e+01 -2.203350300901852066e+01 3.393469601191160478e+01
3.461167017076490549e+00 -8.232375616576044663e+00 2.771250889205187473e+00 -8.232375616576044663e+00 -1.628844942295533471e+01 -1.790832672682120830e+01 2.771250889205187473e+00 -1.790832672682120830e+01 1.390129240330734994e+01
3.364825741520889757e+00 -8.223222741386594592e+00 2.847270602584215382e+00 -8.223222741386594592e+00 -1.625441670846123898e+01 -1.805885883484766907e+01 2.847270602584215382e+00 -1.805885883484766907e+01 1.382465523406236585e+01
3.244984822125714263e+00 -8.201085132545451017e+00 2.915644759505390926e+00 -8.201085132545451017e+00 -1.622372551982995503e+01 -1.817475893298072265e+01 2.915644759505390926e+00 -1.817475893298072265e+01 1.370098245620494204e+01
3.103078935755975820e+00 -8.166071752852481325e+00 2.976536804168525396e+00 -8.166071752852481325e+00 -1.619619425239502775e+01 -1.825631758868669863e+01 2.976536804168525396e+00 -1.825631758868669863e+01 1.353023774880178287e+01
2.939761859210921369e+00 -8.118654774440479116e+00 3.030418908706407954e+00 -8.118654774440479116e+00 -1.617394768075400435e+01 -1.830304446936616003e+01 3.030418908706407954e+00 -1.830304446936616003e+01 1.331222134671978807e+01
2.755305999490236246e+00 -8.058943160109318882e+00 3.077563480118724382e+00 -8.058943160109318882e+00 -1.615798463057240753e+01 -1.831484877268588818e+01 3.077563480118724382e+00 -1.831484877268588818e+01 1.304667900342591658e+01
2.550546738059624285e+00 -7.987663328524825523e+00 3.118551653338138330e+00 -7.987663328524825523e+00 -1.615050251831436512e+01 -1.829118568464649996e+01 3.118551653338138330e+00 -1.829118568464649996e+01 1.273279349792110970e+01
2.325611198185606021e+00 -7.905105847153334864e+00 3.153946402830666962e+00 -7.905105847153334864e+00 -1.615277257664508426e+01 -1.823183727964825351e+01 3.153946402830666962e+00 -1.823183727964825351e+01 1.237049218833878683e+01
2.080753626401221190e+00 -7.812033455593964781e+00 3.184492307728785665e+00 -7.812033455593964781e+00 -1.616753703602806169e+01 -1.813609529949195931e+01 3.184492307728785665e+00 -1.813609529949195931e+01 1.195850384201374261e+01
1.815719776173430056e+00 -7.708990967846090392e+00 3.210824984365094892e+00 -7.708990967846090392e+00 -1.619633953612818900e+01 -1.800368733717794001e+01 3.210824984365094892e+00 -1.800368733717794001e+01 1.149615652168009028e+01
8.994397258453661337e+00 -6.754281356422513483e+00 -1.347539903189133526e+01 -6.754281356422513483e+00 -2.361364079527843529e+01 -9.103182931631771169e+00 -1.347539903189133526e+01 -9.103182931631771169e+00 -1.723954098424986370e+01
9.006588440230448356e+00 -6.743776774229885085e+00 -1.336313016391985897e+01 -6.743776774229885085e+00 -2.368057313312361245e+01 -9.255251883268513780e+00 -1.336313016391985897e+01 -9.255251883268513780e+00 -1.731353137470265224e+01
9.038523836704371206e+00 -6.724564205053837895e+00 -1.322063083166278830e+01 -6.724564205053837895e+00 -2.370143563667546616e+01 -9.392233101668722384e+00 -1.322063083166278830e+01 -9.392233101668722384e+00 -1.731336638126507310e+01
9.090441771729718567e+00 -6.696826974936130661e+00 -1.304806602855770592e+01 -6.696826974936130661e+00 -2.367619164072563720e+01 -9.514511571520086974e+00 -1.304806602855770592e+01 -9.514511571520086974e+00 -1.724038428404194434e+01
9.161278954264302499e+00 -6.660785075126868016e+00 -1.284593073491735638e+01 -6.660785075126868016e+00 -2.360553778423281202e+01 -9.621867301572500253e+00 -1.284593073491735638e+01 -9.621867301572500253e+00 -1.709577670230467916e+01
9.249403782536491647e+00 -6.616658496876158146e+00 -1.261466493324194893e+01 -6.616658496876158146e+00 -2.349097734073938071e+01 -9.714190296200905905e+00 -1.261466493324194893e+01 -9.714190296200905905e+00 -1.688183521157522904e+01
9.353496309045643997e+00 -6.564942220496742920e+00 -1.235483693426093232e+01 -6.564942220496742920e+00 -2.333386692295434628e+01 -9.791333894571900842e+00 -1.235483693426093232e+01 -9.791333894571900842e+00 -1.660072305914632196e+01
9.472493242749573383e+00 -6.505709576405323880e+00 -1.206697838349539609e+01 -6.505709576405323880e+00 -2.313545314796164476e+01 -9.853078105435379541e+00 -1.206697838349539609e+01 -9.853078105435379541e+00 -1.625475015314408012e+01
9.604396329793136289e+00 -6.439638870956401639e+00 -1.175163925907061113e+01 -6.439638870956401639e+00 -2.289729428711620685e+01 -9.899331265770459964e+00 -1.175163925907061113e+01 -9.899331265770459964e+00 -1.584686804284077866e+01
9.748142279134148325e+00 -6.367023425816782378e+00 -1.140929620869514061e+01 -6.367023425816782378e+00 -2.262157192031492770e+01 -9.929836719118686261e+00 -1.140929620869514061e+01 -9.929836719118686261e+00 -1.538046826000891087e+01
1.926296056069918050e+00 -1.029511453361275031e+01 1.535951789130591827e+00 -1.029511453361275031e+01 -1.477195984646758653e+01 1.130836905293133299e+01 1.535951789130591827e+00 1.130836905293133299e+01 1.816050886475654380e+01
1.896914524237905075e+00 -1.028471575798598003e+01 1.499728479966479178e+00 -1.028471575798598003e+01 -1.477981790902673431e+01 1.131423084093735021e+01 1.499728479966479178e+00 1.131423084093735021e+01 1.809958619498503651e+01
1.839476260959139742e+00 -1.025785679127110583e+01 1.467116612948488275e+00 -1.025785679127110583e+01 -1.479406405015591019e+01 1.129864175147243444e+01 1.467116612948488275e+00 1.129864175147243444e+01 1.797681530996739241e+01
1.753763490827825233e+00 -1.021470096502247848e+01 1.437880264720339252e+00 -1.021470096502247848e+01 -1.481551492762684319e+01 1.126163808043755310e+01 1.437880264720339252e+00 1.126163808043755310e+01 1.779090770521931120e+01
1.639685474091547190e+00 -1.015577456980410531e+01 1.411837955777202280e+00 -1.015577456980410531e+01 -1.484518682666658229e+01 1.120300205242690517e+01 1.411837955777202280e+00 1.120300205242690517e+01 1.754168190123596460e+01
1.496734068136780671e+00 -1.008171278388289238e+01 1.388917094317144940e+00 -1.008171278388289238e+01 -1.488444084356135910e+01 1.112267922358905103e+01 1.388917094317144940e+00 1.112267922358905103e+01 1.722843012794852058e+01
1.325000012715940700e+00 -9.993241525278158122e+00 1.368791017231473450e+00 -9.993241525278158122e+00 -1.493465622254788272e+01 1.102028848696383889e+01 1.368791017231473450e+00 1.102028848696383889e+01 1.685115238535696847e+01
1.123339986948596936e+00 -9.891250043563571737e+00 1.351368984767771897e+00 -9.891250043563571737e+00 -1.499791997793169962e+01 1.089577539869982381e+01 1.351368984767771897e+00 1.089577539869982381e+01 1.640863276077895350e+01
8.913910318250889420e-01 -9.776700180114735517e+00 1.336197298163965375e+00 -9.776700180114735517e+00 -1.507631912401835272e+01 1.074852292848057900e+01 1.336197298163965375e+00 1.074852292848057900e+01 1.590001830054176857e+01
6.290261116920355944e-01 -9.650680811960627992e+00 1.323384845122951514e+00 -9.650680811960627992e+00 -1.517125105299504284e+01 1.057853107630610801e+01 1.323384845122951514e+00 1.057853107630610801e+01 1.532485530588334477e+01
2.378553614369811697e+01 -1.230707539988529042e+01 1.552454977079047715e+01 -1.230707539988529042e+01 3.889428986945695499e+01 1.354039472407627898e+01 1.552454977079047715e+01 1.354039472407627898e+01 4.435941348931519457e+01
2.369055425820198479e+01 -1.224662130154568374e+01 1.550335949496118459e+01 -1.224662130154568374e+01 3.903459491681311277e+01 1.322248835095284569e+01 1.550335949496118459e+01 1.322248835095284569e+01 4.439818977877438044e+01
2.353927971719550172e+01 -1.217004378872955428e+01 1.545664338152651673e+01 -1.217004378872955428e+01 3.909691208788380123e+01 1.286893982941317383e+01 1.545664338152651673e+01 1.286893982941317383e+01 4.425699672478938851e+01
2.333172993257334227e+01 -1.207833533943384197e+01 1.538420989964495789e+01 -1.207833533943384197e+01 3.907976137162098240e+01 1.248042822334990554e+01 1.538420989964495789e+01 1.248042822334990554e+01 4.393412796168128409e+01
2.306776560917804986e+01 -1.197273219818104195e+01 1.528593716605372776e+01 -1.197273219818104195e+01 3.898143640234570739e+01 1.205846836760046337e+01 1.528593716605372776e+01 1.205846836760046337e+01 4.342925266345107360e+01
2.274815287037567657e+01 -1.185464472844048345e+01 1.516151176664853573e+01 -1.185464472844048345e+01 3.880160635405898972e+01 1.160454027321291015e+01 1.516151176664853573e+01 1.160454027321291015e+01 4.274350260325316953e+01
2.237297877563963411e+01 -1.172579670778578809e+01 1.501074217058785720e+01 -1.172579670778578809e+01 3.853969663423630010e+01 1.112047218912896973e+01 1.501074217058785720e+01 1.112047218912896973e+01 4.187809661371538539e+01
2.194257415096890540e+01 -1.158792932568526446e+01 1.483340202324082036e+01 -1.158792932568526446e+01 3.819542865256270403e+01 1.060823165944782787e+01 1.483340202324082036e+01 1.060823165944782787e+01 4.083547236009334114e+01
2.145779217920296134e+01 -1.144294047865936825e+01 1.462921273429249780e+01 -1.144294047865936825e+01 3.776969041566703567e+01 1.006992552342613401e+01 1.462921273429249780e+01 1.006992552342613401e+01 3.961878139532468168e+01
2.091901592202482618e+01 -1.129288477028069870e+01 1.439815689184820080e+01 -1.129288477028069870e+01 3.726305651607383851e+01 9.507869563056736695e+00 1.439815689184820080e+01 9.507869563056736695e+00 3.823174986487158122e+01
-5.298635102588212931e+01 -2.461895870015325283e+00 -8.521069932400866520e+00 -2.461895870015325283e+00 -5.282776680646888678e+01 -2.381032659309135102e+00 -8.521069932400866520e+00 -2.381032659309135102e+00 -5.104512966490900538e+01
-5.300334219224782828e+01 -2.441161216082746943e+00 -8.606103349463937846e+00 -2.441161216082746943e+00 -5.283282924302304906e+01 -2.497856626227672461e+00 -8.606103349463937846e+00 -2.497856626227672461e+00 -5.109298035831562146e+01
-5.295578244347076691e+01 -2.420853280940175711e+00 -8.678315806518181574e+00 -2.420853280940175711e+00 -5.276907357653438169e+01 -2.613555607245284573e+00 -8.678315806518181574e+00 -2.613555607245284573e+00 -5.095418037371176467e+01
-5.284334204230410847e+01 -2.400855686735790417e+00 -8.738386174365883718e+00 -2.400855686735790417e+00 -5.263632524022515469e+01 -2.728381754374247237e+00 -8.738386174365883718e+00 -2.728381754374247237e+00 -5.062727498794968284e+01
-5.266629253706878444e+01 -2.381343000247321484e+00 -8.786392038241590541e+00 -2.381343000247321484e+00 -5.243504974550264564e+01 -2.842141104528194351e+00 -8.786392038241590541e+00 -2.842141104528194351e+00 -5.011385469833757611e+01
-5.242606925460388112e+01 -2.362450995635224871e+00 -8.822643739083487091e+00 -2.362450995635224871e+00 -5.216637207826778422e+01 -2.954484524151665958e+00 -8.822643739083487091e+00 -2.954484524151665958e+00 -4.941661559177594398e+01
-5.212344804725487535e+01 -2.344199069208138031e+00 -8.847063691657028883e+00 -2.344199069208138031e+00 -5.183182454690285823e+01 -3.065179257541022384e+00 -8.847063691657028883e+00 -3.065179257541022384e+00 -4.853868047395530283e+01
-5.175947631568816121e+01 -2.326722995126517368e+00 -8.859884651665854705e+00 -2.326722995126517368e+00 -5.143231877791379958e+01 -3.173701604363074136e+00 -8.859884651665854705e+00 -3.173701604363074136e+00 -4.748162044587520114e+01
-5.133541481996510214e+01 -2.310119754933545710e+00 -8.861067826492689647e+00 -2.310119754933545710e+00 -5.096932889075698370e+01 -3.279527864284631722e+00 -8.861067826492689647e+00 -3.279527864284631722e+00 -4.625096345549708587e+01
-5.085328077618390807e+01 -2.294408744937859623e+00 -8.850865368149813506e+00 -2.294408744937859623e+00 -5.044514364985154486e+01 -3.382289507441599063e+00 -8.850865368149813506e+00 -3.382289507441599063e+00 -4.485058876454829146e+01
-2.971084937641310120e+01 -1.297279506151427597e+01 -1.166219043246820597e+01 -1.297279506151427597e+01 -2.330521871389260724e+01 -7.495202982077969978e+00 -1.166219043246820597e+01 -7.495202982077969978e+00 -4.108871034491435381e+01
-2.966631947094526467e+01 -1.296493463056598117e+01 -1.173421304139634103e+01 -1.296493463056598117e+01 -2.331398177805984417e+01 -7.586068059451534396e+00 -1.173421304139634103e+01 -7.586068059451534396e+00 -4.103835093324084937e+01
-2.956172684670027451e+01 -1.294857440347264621e+01 -1.178812657136943898e+01 -1.294857440347264621e+01 -2.326599177858605572e+01 -7.666590464524714932e+00 -1.178812657136943898e+01 -7.666590464524714932e+00 -4.083446865491216471e+01
-2.939810577090818455e+01 -1.292390242882154539e+01 -1.182451397300806661e+01 -1.292390242882154539e+01 -2.316201971467909360e+01 -7.737127489613340181e+00 -1.182451397300806661e+01 -7.737127489613340181e+00 -4.047894399580111013e+01
-2.917635887678792983e+01 -1.289106914548250415e+01 -1.184337524631222571e+01 -1.289106914548250415e+01 -2.300274256125316441e+01 -7.797641524999957774e+00 -1.184337524631222571e+01 -7.797641524999957774e+00 -3.997335656404083437e+01
-2.889795294332028774e+01 -1.285030021176025983e+01 -1.184484202529300667e+01 -1.285030021176025983e+01 -2.278911936610339239e+01 -7.848076156108380275e+00 -1.184484202529300667e+01 -7.848076156108380275e+00 -3.932088438075636105e+01
-2.856292558022272843e+01 -1.280172726166590635e+01 -1.182865104192822159e+01 -1.280172726166590635e+01 -2.252099969035995386e+01 -7.888356163503698504e+00 -1.182865104192822159e+01 -7.888356163503698504e+00 -3.852192234798097559e+01
-2.817434197946789709e+01 -1.274553834378672335e+01 -1.179517839339242968e+01 -1.274553834378672335e+01 -2.220065892192893742e+01 -7.918519156903367495e+00 -1.179517839339242968e+01 -7.918519156903367495e+00 -3.758246921564890641e+01
-2.773327401800328929e+01 -1.268194031156871837e+01 -1.174397276307615989e+01 -1.268194031156871837e+01 -2.182931937662765876e+01 -7.938245453709011024e+00 -1.174397276307615989e+01 -7.938245453709011024e+00 -3.650512005426461570e+01
-2.724274927808411917e+01 -1.261115882331662874e+01 -1.167539144329524348e+01 -1.261115882331662874e+01 -2.140893675976382582e+01 -7.948042785106284036e+00 -1.167539144329524348e+01 -7.948042785106284036e+00 -3.529570437003376071e+01
-2.204065218361543543e+01 -1.322910725370955021e+01 1.632269979439885788e+01 -1.322910725370955021e+01 -1.772058221375106823e+00 -1.914673077357167585e+01 1.632269979439885788e+01 -1.914673077357167585e+01 -2.498322751821217125e+01
-2.194782780195975391e+01 -1.315108015968810662e+01 1.624470960134408770e+01 -1.315108015968810662e+01 -1.639823607317014709e+00 -1.918831816300755477e+01 1.624470960134408770e+01 -1.918831816300755477e+01 -2.474017930124729858e+01
-2.179173671295020398e+01 -1.306393852689944168e+01 1.614116548887108493e+01 -1.306393852689944168e+01 -1.461333631539425637e+00 -1.919053222100768963e+01 1.614116548887108493e+01 -1.919053222100768963e+01 -2.428240435923595086e+01
-2.159165967167129097e+01 -1.296866023096027831e+01 1.601369109951328440e+01 -1.296866023096027831e+01 -1.253562738710044533e+00 -1.915595601523890679e+01 1.601369109951328440e+01 -1.915595601523890679e+01 -2.374728499108653779e+01
-2.134643429767295331e+01 -1.286640765232068695e+01 1.586328275937074395e+01 -1.286640765232068695e+01 -1.016492478345537132e+00 -1.908433123893452432e+01 1.586328275937074395e+01 -1.908433123893452432e+01 -2.312242247199829848e+01
-2.105753662962193928e+01 -1.275771585499736993e+01 1.569040173052683507e+01 -1.275771585499736993e+01 -7.524476113460456528e-01 -1.897560254064453744e+01 1.569040173052683507e+01 -1.897560254064453744e+01 -2.241167295298813755e+01
-2.072496666751825245e+01 -1.264341511074037427e+01 1.549576758183158809e+01 -1.264341511074037427e+01 -4.622584094616210004e-01 -1.882989907375228711e+01 1.549576758183158809e+01 -1.882989907375228711e+01 -2.161658627465615012e+01
-2.035123367709538300e+01 -1.252409583501640711e+01 1.527991537730171423e+01 -1.252409583501640711e+01 -1.488031480924392747e-01 -1.864744224405778894e+01 1.527991537730171423e+01 -1.864744224405778894e+01 -2.074271603248600471e+01
-1.993783214750341770e+01 -1.240077280440885943e+01 1.504349088385391298e+01 -1.240077280440885943e+01 1.855749613780228457e-01 -1.842869331364440200e+01 1.504349088385391298e+01 -1.842869331364440200e+01 -1.979471174827799373e+01
-1.948745584930919250e+01 -1.227388883051776070e+01 1.478691846260487708e+01 -1.227388883051776070e+01 5.382005988662682539e-01 -1.817400284169548286e+01 1.478691846260487708e+01 -1.817400284169548286e+01 -1.877812701751578572e+01
2.321349882567438172e+01 -1.245698571470288130e+01 1.530651785380107732e+01 -1.245698571470288130e+01 6.578336866094280033e+00 3.732067631720609846e+00 1.530651785380107732e+01 3.732067631720609846e+00 4.534706533793270822e+00
2.302663958243372377e+01 -1.232408029493991464e+01 1.520492205532920060e+01 -1.232408029493991464e+01 6.553856165620098650e+00 3.823428964007359099e+00 1.520492205532920060e+01 3.823428964007359099e+00 4.252777301529788723e+00
2.283432433457172550e+01 -1.217814108635930737e+01 1.507542218093445818e+01 -1.217814108635930737e+01 6.542765855572799438e+00 3.910903338753416225e+00 1.507542218093445818e+01 3.910903338753416225e+00 3.967692145024551476e+00
2.263591119919175654e+01 -1.202025572386922647e+01 1.491860662327209397e+01 -1.202025572386922647e+01 6.542961986457880741e+00 3.994062834027693132e+00 1.491860662327209397e+01 3.994062834027693132e+00 3.679219273231553178e+00
2.243263045184569648e+01 -1.185167231310201075e+01 1.473495679451457363e+01 -1.185167231310201075e+01 6.553945316022407930e+00 4.072122926289869937e+00 1.473495679451457363e+01 4.072122926289869937e+00 3.388660282024513748e+00
2.222496350470600390e+01 -1.167379943041414592e+01 1.452516806779991931e+01 -1.167379943041414592e+01 6.574396418312201895e+00 4.144388242401929823e+00 1.452516806779991931e+01 4.144388242401929823e+00 3.096567903897751162e+00
2.201353441058885352e+01 -1.148799216192074013e+01 1.428990015610521702e+01 -1.148799216192074013e+01 6.603156338097238454e+00 4.210074258823550686e+00 1.428990015610521702e+01 4.210074258823550686e+00 2.803102609575423010e+00
2.179861062070117228e+01 -1.129569474413920283e+01 1.402979494232709357e+01 -1.129569474413920283e+01 6.638709518538257193e+00 4.268485602416718372e+00 1.402979494232709357e+01 4.268485602416718372e+00 2.508068268172447990e+00
2.158054873665219731e+01 -1.109831575342602683e+01 1.374535166871848446e+01 -1.109831575342602683e+01 6.679576062956919635e+00 4.318837749641109447e+00 1.374535166871848446e+01 4.318837749641109447e+00 2.210965637435892805e+00
2.135911696739592358e+01 -1.089717461573538948e+01 1.343705174745185893e+01 -1.089717461573538948e+01 6.723794662502419861e+00 4.360435327358709756e+00 1.343705174745185893e+01 4.360435327358709756e+00 1.910564441813887404e+00
4.124106674329971156e+01 -8.915296143156336228e+00 -1.225276982126016634e+01 -8.915296143156336228e+00 2.669359285283266559e+01 -8.187678949536162376e-01 -1.225276982126016634e+01 -8.187678949536162376e-01 1.963967711733539190e+01
4.119276839198036555e+01 -9.085867696858059617e+00 -1.214585713537978862e+01 -9.085867696858059617e+00 2.669114913429825720e+01 -7.561214248108119040e-01 -1.214585713537978862e+01 -7.561214248108119040e-01 1.956896637602903866e+01
4.110804117936594082e+01 -9.243679548783692468e+00 -1.200546550557801240e+01 -9.243679548783692468e+00 2.667341471979140621e+01 -6.937018713890595878e-01 -1.200546550557801240e+01 -6.937018713890595878e-01 1.941794457060258594e+01
