3.854923733254767559e-01 -1.518967978203398465e-03 1.765312034954171105e+00 -1.518967978203398465e-03 -1.838312912668541577e-01 1.446636169717522321e-04 1.765312034954171105e+00 1.446636169717522321e-04 3.160357542269142117e-01
3.742628600580444886e-01 -3.488201464231376059e-02 1.690430530219167782e+00 -3.488201464231376059e-02 6.584002867426873296e-02 -1.200708020865543478e-02 1.690430530219167782e+00 -1.200708020865543478e-02 6.252542355040346944e-01
3.700314492616207374e-01 -6.706966941852862685e-02 1.618243385350263575e+00 -6.706966941852862685e-02 3.244624099155187791e-01 -2.238669472637865726e-02 1.618243385350263575e+00 -2.238669472637865726e-02 9.449789119637286294e-01
3.809897182472309352e-01 -9.782877097714745562e-02 1.549220757102616197e+00 -9.782877097714745562e-02 5.975692358060654685e-01 -3.101226288831938210e-02 1.549220757102616197e+00 -3.101226288831938210e-02 1.289007076074676794e+00
3.954741628965277034e-01 -1.269784897969555293e-01 1.483073318242282612e+00 -1.269784897969555293e-01 8.722311955790585936e-01 -3.799228240720643052e-02 1.483073318242282612e+00 -3.799228240720643052e-02 1.631136530212870861e+00
4.226890058393386052e-01 -1.543922452131025747e-01 1.420235059620177598e+00 -1.543922452131025747e-01 1.155012400854591448e+00 -4.334483623516126316e-02 1.420235059620177598e+00 -4.334483623516126316e-02 1.990119295728273840e+00
4.566126240192144858e-01 -1.798168758958880176e-01 1.360724064188423066e+00 -1.798168758958880176e-01 1.438137182220431853e+00 -4.739541751037032458e-02 1.360724064188423066e+00 -4.739541751037032458e-02 2.345774798053327004e+00
4.983842434198079707e-01 -2.033608795580407191e-01 1.304504166042775859e+00 -2.033608795580407191e-01 1.720484396645049152e+00 -5.027060689768389490e-02 1.304504166042775859e+00 -5.027060689768389490e-02 2.707795499525136762e+00
5.450201769410765174e-01 -2.247530119177385544e-01 1.251810443560815056e+00 -2.247530119177385544e-01 1.997406725433225727e+00 -5.218739982255962001e-02 1.251810443560815056e+00 -5.218739982255962001e-02 3.060322651133175587e+00
5.965565904872632830e-01 -2.441741024961963102e-01 1.202516316077690606e+00 -2.441741024961963102e-01 2.266933126803722054e+00 -5.357978713591273617e-02 1.202516316077690606e+00 -5.357978713591273617e-02 3.405905949126570409e+00
-1.077621635550706536e+01 -2.581634737872322560e+00 -1.506931735183366250e+01 -2.581634737872322560e+00 -2.976151466112360211e+01 -7.093336136961318594e+00 -1.506931735183366250e+01 -7.093336136961318594e+00 -1.892622012644293505e+01
-1.067664493033170103e+01 -2.596989123220080575e+00 -1.487453759768211548e+01 -2.596989123220080575e+00 -2.954974668134545013e+01 -7.148385414538226179e+00 -1.487453759768211548e+01 -7.148385414538226179e+00 -1.849689146044347154e+01
-1.055135908713137205e+01 -2.612083579432568303e+00 -1.464949466563837177e+01 -2.612083579432568303e+00 -2.929770825196719741e+01 -7.193334588573199184e+00 -1.464949466563837177e+01 -7.193334588573199184e+00 -1.798939839019483955e+01
-1.040243825898824248e+01 -2.626695310108125181e+00 -1.439439278573728842e+01 -2.626695310108125181e+00 -2.900818432800959457e+01 -7.228090827232211524e+00 -1.439439278573728842e+01 -7.228090827232211524e+00 -1.740947792303979114e+01
-1.023136775524671727e+01 -2.640675784312310981e+00 -1.410980751534982147e+01 -2.640675784312310981e+00 -2.868327290892160519e+01 -7.252598431414847724e+00 -1.410980751534982147e+01 -7.252598431414847724e+00 -1.676028634133518480e+01
-1.003835180594164633e+01 -2.653690807442635524e+00 -1.379631441184692697e+01 -2.653690807442635524e+00 -2.832429220674638870e+01 -7.266727436553473751e+00 -1.379631441184692697e+01 -7.266727436553473751e+00 -1.604481283013663528e+01
-9.825674074190052565e+00 -2.665461883997023218e+00 -1.345463756353399809e+01 -2.665461883997023218e+00 -2.793419427380595010e+01 -7.270329311713648934e+00 -1.345463756353399809e+01 -7.270329311713648934e+00 -1.526795891028065633e+01
-9.594058648297329128e+00 -2.675729084840203775e+00 -1.308527826231477320e+01 -2.675729084840203775e+00 -2.751494714498161542e+01 -7.263199826860518904e+00 -1.308527826231477320e+01 -7.263199826860518904e+00 -1.443341928876145808e+01
-9.345807757747301991e+00 -2.684251047203711327e+00 -1.268912769379589278e+01 -2.684251047203711327e+00 -2.706941004076136181e+01 -7.245264716526861548e+00 -1.268912769379589278e+01 -7.245264716526861548e+00 -1.354648538011847059e+01
-9.081255597142458669e+00 -2.690675010118251276e+00 -1.226672428261470316e+01 -2.690675010118251276e+00 -2.659971809332776260e+01 -7.216171219743383602e+00 -1.226672428261470316e+01 -7.216171219743383602e+00 -1.261152028055087726e+01
3.902361149297016851e+01 1.151049795291555178e+01 2.239413485536266890e+01 1.151049795291555178e+01 1.003134062164148155e+01 1.565544884660886815e+01 2.239413485536266890e+01 1.565544884660886815e+01 3.237107582983937704e+01
3.876442247639151617e+01 1.139964285796641619e+01 2.249840084576180743e+01 1.139964285796641619e+01 9.856509714248248955e+00 1.564485356649247194e+01 2.249840084576180743e+01 1.564485356649247194e+01 3.181743290913050615e+01
3.844097651224130630e+01 1.126750934805716042e+01 2.254749406739564677e+01 1.126750934805716042e+01 9.656569925783166752e+00 1.559328284154783795e+01 2.254749406739564677e+01 1.559328284154783795e+01 3.113733189389810008e+01
3.805645394164900353e+01 1.111559095355244864e+01 2.254239849321031386e+01 1.111559095355244864e+01 9.433120212283697015e+00 1.550145708053909033e+01 2.254239849321031386e+01 1.550145708053909033e+01 3.033736188869216832e+01
3.761284028145232128e+01 1.094562719805348117e+01 2.248446708600674881e+01 1.094562719805348117e+01 9.185651016331307872e+00 1.537034268546690008e+01 2.248446708600674881e+01 1.537034268546690008e+01 2.942050995424203208e+01
3.711264817685301409e+01 1.075965631123438904e+01 2.237542179844068002e+01 1.075965631123438904e+01 8.914109625089599476e+00 1.520108176778659903e+01 2.237542179844068002e+01 1.520108176778659903e+01 2.839106340124156702e+01
3.655793342847067606e+01 1.055978680655117330e+01 2.221723057640437204e+01 1.055978680655117330e+01 8.616967366302972664e+00 1.499500971935365179e+01 2.221723057640437204e+01 1.499500971935365179e+01 2.725183358096543529e+01
3.595242107674422982e+01 1.034837319069636230e+01 2.201233578131769164e+01 1.034837319069636230e+01 8.294698655499027851e+00 1.475362007053272428e+01 2.201233578131769164e+01 1.475362007053272428e+01 2.600933931418175860e+01
3.529888733105740783e+01 1.012780511225342472e+01 2.176335548405516818e+01 1.012780511225342472e+01 7.945897817040430411e+00 1.447865234492501862e+01 2.176335548405516818e+01 1.447865234492501862e+01 2.466704207714747454e+01
3.460075852577621447e+01 9.900612787369556855e+00 2.147292532643680829e+01 9.900612787369556855e+00 7.570266144854249646e+00 1.417170549856799866e+01 2.147292532643680829e+01 1.417170549856799866e+01 2.323033615012084496e+01
4.138999976592626950e+01 5.484492171265067384e+00 -4.694350374982044549e+00 5.484492171265067384e+00 2.962463301231869295e+01 2.077003501878519032e+01 -4.694350374982044549e+00 2.077003501878519032e+01 3.381582295492048473e+01
4.140931264346555452e+01 5.421929573367795463e+00 -4.603922302111356224e+00 5.421929573367795463e+00 2.956363491395205401e+01 2.079197277887031348e+01 -4.603922302111356224e+00 2.079197277887031348e+01 3.375051379118054484e+01
4.137275550443305150e+01 5.354899460144155299e+00 -4.497640633996902615e+00 5.354899460144155299e+00 2.945730109585325351e+01 2.076546320349011410e+01 -4.497640633996902615e+00 2.076546320349011410e+01 3.354488640287078738e+01
4.128286631473402934e+01 5.283923331437692106e+00 -4.375453220654328845e+00 5.283923331437692106e+00 2.930936897356767545e+01 2.069043675933211901e+01 -4.375453220654328845e+00 2.069043675933211901e+01 3.320471205492643207e+01
4.113302202635545513e+01 5.209783437013722818e+00 -4.237533895364816061e+00 5.209783437013722818e+00 2.911404989883198269e+01 2.056744971289610646e+01 -4.237533895364816061e+00 2.056744971289610646e+01 3.271665773468085803e+01
4.092529125534340295e+01 5.133088193356384110e+00 -4.084004341425192308e+00 5.133088193356384110e+00 2.887419473745755738e+01 2.039671066411950306e+01 -4.084004341425192308e+00 2.039671066411950306e+01 3.208981492273987612e+01
4.065984783497903265e+01 5.054411250293574298e+00 -3.914760258866748277e+00 5.054411250293574298e+00 2.859093340577208053e+01 2.017848036292407343e+01 -3.914760258866748277e+00 2.017848036292407343e+01 3.132675635166494743e+01
4.033519679904420485e+01 4.974274107668838596e+00 -3.729975480970665558e+00 4.974274107668838596e+00 2.826271878757302858e+01 1.991345414243454570e+01 -3.729975480970665558e+00 1.991345414243454570e+01 3.042443993903541610e+01
3.995258974716341527e+01 4.893163498669485634e+00 -3.529684774393181179e+00 4.893163498669485634e+00 2.789151519893774989e+01 1.960220565247881908e+01 -3.529684774393181179e+00 1.960220565247881908e+01 2.938896723302075031e+01
3.951266986247703983e+01 4.811879056388951525e+00 -3.314114122399830720e+00 4.811879056388951525e+00 2.747761815644426875e+01 1.924537807619727303e+01 -3.314114122399830720e+00 1.924537807619727303e+01 2.822169413321415732e+01
2.496213145101858899e+01 -5.890980256155977646e-01 -5.333567323332569776e-01 -5.890980256155977646e-01 -1.949527442444664516e+01 -1.196309272647377853e+01 -5.333567323332569776e-01 -1.196309272647377853e+01 1.767457810148559005e+01
2.489370532501705924e+01 -5.562434092393697682e-01 -3.757049532048287732e-01 -5.562434092393697682e-01 -1.955932833151092609e+01 -1.179236027587464086e+01 -3.757049532048287732e-01 -1.179236027587464086e+01 1.748624881911429796e+01
2.478092726617467534e+01 -5.220393425738663051e-01 -2.076893958547645358e-01 -5.220393425738663051e-01 -1.962644099256422692e+01 -1.159604224779083737e+01 -2.076893958547645358e-01 -1.159604224779083737e+01 1.722719034891444423e+01
2.462804354473501789e+01 -4.867377230064185989e-01 -2.927407494201697200e-02 -4.867377230064185989e-01 -1.969249208605663171e+01 -1.137390473750556374e+01 -2.927407494201697200e-02 -1.137390473750556374e+01 1.690699278427514685e+01
2.443420850518348431e+01 -4.507523819590714687e-01 1.586593686777539314e-01 -4.507523819590714687e-01 -1.975944281307522132e+01 -1.112688336388604782e+01 1.586593686777539314e-01 -1.112688336388604782e+01 1.652322711467571636e+01
2.419971003024844336e+01 -4.144791581833454086e-01 3.554092208541249631e-01 -4.144791581833454086e-01 -1.982851667521560302e+01 -1.085575181176480974e+01 3.554092208541249631e-01 -1.085575181176480974e+01 1.607623520085608959e+01
2.392533979743294381e+01 -3.783678684423324445e-01 5.600938407314359768e-01 -3.783678684423324445e-01 -1.990079323270920142e+01 -1.056131975131541445e+01 5.600938407314359768e-01 -1.056131975131541445e+01 1.556711459571822331e+01
2.361165557952321947e+01 -3.429223075106954677e-01 7.718675727950743415e-01 -3.429223075106954677e-01 -1.997771189919790658e+01 -1.024448681606404499e+01 7.718675727950743415e-01 -1.024448681606404499e+01 1.499627913068415275e+01
2.325968295873911629e+01 -3.085742994810025119e-01 9.898307835188565607e-01 -3.085742994810025119e-01 -2.006058613962994741e+01 -9.906080668854793103e+00 9.898307835188565607e-01 -9.906080668854793103e+00 1.436446650524535329e+01
2.287147309952033680e+01 -2.759355951510585325e-01 1.213137817388169726e+00 -2.759355951510585325e-01 -2.014955989536951364e+01 -9.546713060485458868e+00 1.213137817388169726e+00 -9.546713060485458868e+00 1.367257635292800799e+01
-1.301664596572011057e+01 -8.350044700465874215e+00 -1.525006356183365241e+01 -8.350044700465874215e+00 1.079172443822685246e+01 1.692951940716291404e+01 -1.525006356183365241e+01 1.692951940716291404e+01 1.193835024387207078e+01
-1.300196765142293920e+01 -8.429690824595603260e+00 -1.539746131402471185e+01 -8.429690824595603260e+00 1.062977490893083754e+01 1.702521767796245555e+01 -1.539746131402471185e+01 1.702521767796245555e+01 1.174539910248289054e+01
-1.299153737143590881e+01 -8.501762793934057427e+00 -1.550897673385138020e+01 -8.501762793934057427e+00 1.043944489509472540e+01 1.708008058915940097e+01 -1.550897673385138020e+01 1.708008058915940097e+01 1.149510853627766593e+01
-1.297993210323543600e+01 -8.565483308586189892e+00 -1.558390482838558988e+01 -8.565483308586189892e+00 1.022801932364186150e+01 1.709470467323133391e+01 -1.558390482838558988e+01 1.709470467323133391e+01 1.120172301775167867e+01
-1.297595522005147295e+01 -8.619803917530772353e+00 -1.562114291638087771e+01 -8.619803917530772353e+00 9.990129402273902670e+00 1.706972261613935160e+01 -1.562114291638087771e+01 1.706972261613935160e+01 1.085246229049101174e+01
-1.297360524362458634e+01 -8.663929244131015395e+00 -1.561942562591507588e+01 -8.663929244131015395e+00 9.733548129941317129e+00 1.700544172249311359e+01 -1.561942562591507588e+01 1.700544172249311359e+01 1.046008853416783957e+01
-1.298190246808567139e+01 -8.697262755909322962e+00 -1.557788527338440865e+01 -8.697262755909322962e+00 9.452671716703067162e+00 1.690271159915465304e+01 -1.557788527338440865e+01 1.690271159915465304e+01 1.001380993396022667e+01
-1.299560463832859725e+01 -8.719045229712390821e+00 -1.549540110080067201e+01 -8.719045229712390821e+00 9.154550091839814385e+00 1.676178532050840886e+01 -1.549540110080067201e+01 1.676178532050840886e+01 9.522411786356379082e+00
-1.302181591385926218e+01 -8.729059744639279472e+00 -1.537123196175230433e+01 -8.729059744639279472e+00 8.835549830260758242e+00 1.658358480038338101e+01 -1.537123196175230433e+01 1.658358480038338101e+01 8.981067601310307680e+00
-1.306236204559393954e+01 -8.726800151921118243e+00 -1.520467286331123979e+01 -8.726800151921118243e+00 8.495851699383349498e+00 1.636865234103193245e+01 -1.520467286331123979e+01 1.636865234103193245e+01 8.386306644406916533e+00
-5.488718806832872055e+00 -4.454595214880883725e-01 1.048011382363315391e+01 -4.454595214880883725e-01 -1.647736132129646691e+01 -1.500661639693456006e+00 1.048011382363315391e+01 -1.500661639693456006e+00 -4.197047056954612287e+01
-5.455806721981103280e+00 -4.107724028465619681e-01 1.044374412087842074e+01 -4.107724028465619681e-01 -1.644518883385709529e+01 -1.483613919337652520e+00 1.044374412087842074e+01 -1.483613919337652520e+00 -4.187783599364311726e+01
-5.357921004450058255e+00 -3.771392105177046039e-01 1.039123270459807102e+01 -3.771392105177046039e-01 -1.634197801495677638e+01 -1.463330460302602054e+00 1.039123270459807102e+01 -1.463330460302602054e+00 -4.160975042158368353e+01
-5.200479205285561513e+00 -3.445784344368261198e-01 1.032276447414520781e+01 -3.445784344368261198e-01 -1.617357168415345825e+01 -1.439774282717684928e+00 1.032276447414520781e+01 -1.439774282717684928e+00 -4.117810288177214773e+01
-4.982057599468742382e+00 -3.132010142157865551e-01 1.023846885906699988e+01 -3.132010142157865551e-01 -1.593806537811021506e+01 -1.413000856388830773e+00 1.023846885906699988e+01 -1.413000856388830773e+00 -4.057939877643493531e+01
-4.704967428913350957e+00 -2.831918492076855864e-01 1.013856773858716664e+01 -2.831918492076855864e-01 -1.563745600984052864e+01 -1.383213570604449716e+00 1.013856773858716664e+01 -1.383213570604449716e+00 -3.981912961635908488e+01
-4.371464465727204818e+00 -2.546064092184532890e-01 1.002331997180004741e+01 -2.546064092184532890e-01 -1.527372200242256106e+01 -1.350486385105781340e+00 1.002331997180004741e+01 -1.350486385105781340e+00 -3.890234315388423880e+01
-3.983046394670410884e+00 -2.276295936011894228e-01 9.893039887605914018e+00 -2.276295936011894228e-01 -1.484793577210429127e+01 -1.315041179116545722e+00 9.893039887605914018e+00 -1.315041179116545722e+00 -3.783266341633116525e+01
-3.542412746298227333e+00 -2.022244224852740302e-01 9.748041814905034741e+00 -2.022244224852740302e-01 -1.436237158092885302e+01 -1.276988892248602792e+00 9.748041814905034741e+00 -1.276988892248602792e+00 -3.661693167976452656e+01
-3.052910198901761518e+00 -1.787052247709768338e-01 9.588751022209539343e+00 -1.787052247709768338e-01 -1.382011724809300901e+01 -1.236625363466911764e+00 9.588751022209539343e+00 -1.236625363466911764e+00 -3.526099076374230634e+01
-3.569355691420015120e+01 6.878000831643038104e+00 5.985956583148237087e+00 6.878000831643038104e+00 -2.975312893188061381e+01 -1.674177784989039353e+01 5.985956583148237087e+00 -1.674177784989039353e+01 -2.212388735753144786e+01
-3.563168471307397311e+01 6.844579298776644727e+00 5.988856254168757332e+00 6.844579298776644727e+00 -2.977892470654369106e+01 -1.672598029153833465e+01 5.988856254168757332e+00 -1.672598029153833465e+01 -2.206971623073898670e+01
-3.552665636922679226e+01 6.807316643259690991e+00 5.987651196082306448e+00 6.807316643259690991e+00 -2.976928424185208755e+01 -1.668101656168765956e+01 5.987651196082306448e+00 -1.668101656168765956e+01 -2.192128696674699739e+01
-3.538122092141833264e+01 6.766231694124777540e+00 5.982416725019289672e+00 6.766231694124777540e+00 -2.972593980880508369e+01 -1.660694314743617284e+01 5.982416725019289672e+00 -1.660694314743617284e+01 -2.168274195272764970e+01
-3.519609387288740976e+01 6.721644544926117959e+00 5.973002208718896533e+00 6.721644544926117959e+00 -2.964830770739204269e+01 -1.650409897137068427e+01 5.973002208718896533e+00 -1.650409897137068427e+01 -2.135372343706152876e+01
-3.497131288169923380e+01 6.673705827924518275e+00 5.959445305246330982e+00 6.673705827924518275e+00 -2.953555946017854339e+01 -1.637270998188240512e+01 5.959445305246330982e+00 -1.637270998188240512e+01 -2.093387366812921968e+01
-3.471026717372194526e+01 6.622603833445987576e+00 5.941746014601593018e+00 6.622603833445987576e+00 -2.938933319300084435e+01 -1.621317158865594976e+01 5.941746014601593018e+00 -1.621317158865594976e+01 -2.042801287827652246e+01
-3.441491496834603225e+01 6.568733971175140240e+00 5.919885507752081111e+00 6.568733971175140240e+00 -2.921138000589082395e+01 -1.602572856911513099e+01 5.919885507752081111e+00 -1.602572856911513099e+01 -1.984066003532762679e+01
-3.408772286884218516e+01 6.511870292720768560e+00 5.893656665339187306e+00 6.511870292720768560e+00 -2.900153043755506843e+01 -1.581058804261856032e+01 5.893656665339187306e+00 -1.581058804261856032e+01 -1.917256830058656547e+01
-3.373113864944851059e+01 6.452728301321703164e+00 5.863266606721519558e+00 6.452728301321703164e+00 -2.876264650094891095e+01 -1.556803244465524472e+01 5.863266606721519558e+00 -1.556803244465524472e+01 -1.843013954513760666e+01
-2.134944208596006732e+01 -1.109785366393629857e+01 3.363713503208041189e+00 -1.109785366393629857e+01 -1.544238612432808289e+01 5.039517185890177053e+00 3.363713503208041189e+00 5.039517185890177053e+00 -1.126879972335161284e+01
-2.144048763560649817e+01 -1.105434549831151081e+01 3.337560548934858318e+00 -1.105434549831151081e+01 -1.570532034870285365e+01 4.896036349125004072e+00 3.337560548934858318e+00 4.896036349125004072e+00 -1.175772134836115690e+01
-2.150319927790254582e+01 -1.100342578875489075e+01 3.310631323227418488e+00 -1.100342578875489075e+01 -1.593995763103363750e+01 4.741595299014250919e+00 3.310631323227418488e+00 4.741595299014250919e+00 -1.218871833825257411e+01
-2.153724432509067910e+01 -1.094529784445159670e+01 3.282389829143020243e+00 -1.094529784445159670e+01 -1.614583590499051624e+01 4.576471275355864954e+00 3.282389829143020243e+00 4.576471275355864954e+00 -1.255763209605662212e+01
-2.154332511799235661e+01 -1.088018345723999047e+01 3.252244621779372569e+00 -1.088018345723999047e+01 -1.632238220832439524e+01 4.401089379173368066e+00 3.252244621779372569e+00 4.401089379173368066e+00 -1.286364938503265876e+01
-2.152303116478249478e+01 -1.080847076283719943e+01 3.219752117459757201e+00 -1.080847076283719943e+01 -1.647096425737183267e+01 4.216004090062658527e+00 3.219752117459757201e+00 4.216004090062658527e+00 -1.310789764702566984e+01
-2.147695391036338464e+01 -1.073021520920281269e+01 3.184376319241473130e+00 -1.073021520920281269e+01 -1.659121239906888334e+01 4.021492647821685473e+00 3.184376319241473130e+00 4.021492647821685473e+00 -1.328991481570574429e+01
-2.141000974048531447e+01 -1.064613761981149942e+01 3.145692126100998465e+00 -1.064613761981149942e+01 -1.668726674773159147e+01 3.818331323884705863e+00 3.145692126100998465e+00 3.818331323884705863e+00 -1.341663188602160517e+01
-2.132166265820558593e+01 -1.055584985894612871e+01 3.103200506402024494e+00 -1.055584985894612871e+01 -1.675779655232980048e+01 3.606631014170898375e+00 3.103200506402024494e+00 3.606631014170898375e+00 -1.348466653243827373e+01
-2.121370548088426844e+01 -1.046010971538776246e+01 3.056624220346603860e+00 -1.046010971538776246e+01 -1.680490883532792168e+01 3.386742889090999409e+00 3.056624220346603860e+00 3.386742889090999409e+00 -1.349760438967589060e+01
5.187305979331885908e+01 -8.554336082817874498e+00 -2.329184135503673403e+01 -8.554336082817874498e+00 4.505918905071978564e+00 9.796849741417120727e-01 -2.329184135503673403e+01 9.796849741417120727e-01 5.164711965155536433e+01
5.153657622877322808e+01 -8.504162078225981247e+00 -2.320165384365130734e+01 -8.504162078225981247e+00 4.261106773411531989e+00 8.535341887620944146e-01 -2.320165384365130734e+01 8.535341887620944146e-01 5.091481312037368667e+01
5.108296761314652201e+01 -8.429547013638037711e+00 -2.302583533277971028e+01 -8.429547013638037711e+00 3.962733804559740669e+00 7.188814060838502051e-01 -2.302583533277971028e+01 7.188814060838502051e-01 4.994832631862984584e+01
5.050821862943937646e+01 -8.332236679053758976e+00 -2.276728383382148735e+01 -8.332236679053758976e+00 3.601494937818105591e+00 5.768439317067992622e-01 -2.276728383382148735e+01 5.768439317067992622e-01 4.874037930202501201e+01
4.983057278314886673e+01 -8.213453127472950754e+00 -2.242778005257634177e+01 -8.213453127472950754e+00 3.194900446883799372e+00 4.276661762309019177e-01 -2.242778005257634177e+01 4.276661762309019177e-01 4.732311206445400131e+01
4.904262792467617516e+01 -8.075762670195198112e+00 -2.201285814334337942e+01 -8.075762670195198112e+00 2.726138374059537295e+00 2.730415559558846406e-01 -2.201285814334337942e+01 2.730415559558846406e-01 4.568760361901824751e+01
4.816571760781785372e+01 -7.921609413220105367e+00 -2.152642867572197005e+01 -7.921609413220105367e+00 2.213591888042349520e+00 1.139477132815894383e-01 -2.152642867572197005e+01 1.139477132815894383e-01 4.386503377511272106e+01
4.720338578627334414e+01 -7.754362731247126383e+00 -2.097526531491102375e+01 -7.754362731247126383e+00 1.651657002933141660e+00 -4.790447759226006824e-02 -2.097526531491102375e+01 -4.790447759226006824e-02 4.186531861993582027e+01
4.616891792194048350e+01 -7.577269793675738718e+00 -2.036649088410938191e+01 -7.577269793675738718e+00 1.045990078330999218e+00 -2.107168529659544653e-01 -2.036649088410938191e+01 -2.107168529659544653e-01 3.970874423328424996e+01
4.507301570751754838e+01 -7.393822180505378761e+00 -1.970780431721580683e+01 -7.393822180505378761e+00 3.988431833355588485e-01 -3.727785386397701184e-01 -1.970780431721580683e+01 -3.727785386397701184e-01 3.741982150675407581e+01
-2.148999430584627035e+01 5.865417723240191172e+00 1.844920950609342469e+01 5.865417723240191172e+00 -3.678656022707710349e+01 -1.485382151104333026e+01 1.844920950609342469e+01 -1.485382151104333026e+01 -4.906326049233788211e+01
-2.148222055530854391e+01 5.864472011495942994e+00 1.849825411715016799e+01 5.864472011495942994e+00 -3.678625759931894379e+01 -1.485136266050828446e+01 1.849825411715016799e+01 -1.485136266050828446e+01 -4.905872107596548659e+01
-2.141168937342247247e+01 5.860537850639867763e+00 1.852378833424488391e+01 5.860537850639867763e+00 -3.671372150853506611e+01 -1.483469921957462034e+01 1.852378833424488391e+01 -1.483469921957462034e+01 -4.887631219473477984e+01
-2.127911950111368000e+01 5.853917868430126070e+00 1.852615261360550392e+01 5.853917868430126070e+00 -3.656985983799994244e+01 -1.480386901671210964e+01 1.852615261360550392e+01 -1.480386901671210964e+01 -4.851313997070837303e+01
-2.108574036364969118e+01 5.844536407927177990e+00 1.850530912676226336e+01 5.844536407927177990e+00 -3.635561829945782364e+01 -1.475841811028351458e+01 1.850530912676226336e+01 -1.475841811028351458e+01 -4.797281702274927540e+01
-2.083253550124452502e+01 5.832733925358953186e+00 1.846118221677561522e+01 5.832733925358953186e+00 -3.607184803347853830e+01 -1.469794930135624789e+01 1.846118221677561522e+01 -1.469794930135624789e+01 -4.725755631633904841e+01
-2.052086673880990020e+01 5.818283449906832772e+00 1.839382862635021709e+01 5.818283449906832772e+00 -3.571932452369236444e+01 -1.462185733441399371e+01 1.839382862635021709e+01 -1.462185733441399371e+01 -4.637081915646162145e+01
-2.015234178631104101e+01 5.801563266268513708e+00 1.830298355619768103e+01 5.801563266268513708e+00 -3.529988245088315324e+01 -1.452953695394042732e+01 1.830298355619768103e+01 -1.452953695394042732e+01 -4.531595336269165841e+01
-1.972945732275275788e+01 5.782497717504458734e+00 1.818904420525058896e+01 5.782497717504458734e+00 -3.481546998124404269e+01 -1.442023159054015480e+01 1.818904420525058896e+01 -1.442023159054015480e+01 -4.409935194642027056e+01
-1.925304557446999709e+01 5.761200289023976850e+00 1.805159446034147308e+01 5.761200289023976850e+00 -3.426729762580769290e+01 -1.429350621681081890e+01 1.805159446034147308e+01 -1.429350621681081890e+01 -4.272438164145698636e+01
5.516404286677635582e+01 1.436010068242123694e+01 -6.935092693589973933e+00 1.436010068242123694e+01 2.918710246627489369e+01 -1.058750884517079172e+01 -6.935092693589973933e+00 -1.058750884517079172e+01 5.969039681716203205e+01
5.497121520408648365e+01 1.436750853718720045e+01 -6.892811202350374700e+00 1.436750853718720045e+01 2.907182524605375207e+01 -1.078997875037505771e+01 -6.892811202350374700e+00 -1.078997875037505771e+01 5.930505086854745400e+01
5.465063212498036904e+01 1.434258651999312661e+01 -6.812493556593198107e+00 1.434258651999312661e+01 2.887076472389081161e+01 -1.095745470591923088e+01 -6.812493556593198107e+00 -1.095745470591923088e+01 5.864590648275937923e+01
5.420351394892063013e+01 1.428576432079063885e+01 -6.693933505141667517e+00 1.428576432079063885e+01 2.858328495865765362e+01 -1.108950702185168957e+01 -6.693933505141667517e+00 -1.108950702185168957e+01 5.771875588034564686e+01
5.363900447807776573e+01 1.419817632105201888e+01 -6.537182610789979087e+00 1.419817632105201888e+01 2.821636411516863419e+01 -1.118603257258404682e+01 -6.537182610789979087e+00 -1.118603257258404682e+01 5.653435849769489607e+01
5.295858184588536943e+01 1.408167878136827689e+01 -6.343220566627827850e+00 1.408167878136827689e+01 2.776764749248885522e+01 -1.124692823252791030e+01 -6.343220566627827850e+00 -1.124692823252791030e+01 5.509742373667688042e+01
5.216810702328355376e+01 1.393854046468396923e+01 -6.113319254912016554e+00 1.393854046468396923e+01 2.723904291400352662e+01 -1.127267525442909779e+01 -6.113319254912016554e+00 -1.127267525442909779e+01 5.341857353289569943e+01
5.127509099062667275e+01 1.377168326267013221e+01 -5.849403686625811893e+00 1.377168326267013221e+01 2.663326602020689648e+01 -1.126402989260246379e+01 -5.849403686625811893e+00 -1.126402989260246379e+01 5.151167827798972354e+01
5.028855723689879653e+01 1.358433844376295951e+01 -5.554086376675074099e+00 1.358433844376295951e+01 2.595373714311386948e+01 -1.122224684170674536e+01 -5.554086376675074099e+00 -1.122224684170674536e+01 4.939265368776702303e+01
4.921883550853690537e+01 1.338040759272317892e+01 -5.230461092711481186e+00 1.338040759272317892e+01 2.520507974660390715e+01 -1.114895892355810325e+01 -5.230461092711481186e+00 -1.114895892355810325e+01 4.708148893877704211e+01
2.225849682213763714e+01 -2.253017032160539390e+00 3.284974722823905235e+00 -2.253017032160539390e+00 4.912718595036374580e+01 1.433639440612370208e+01 3.284974722823905235e+00 1.433639440612370208e+01 5.295940257064363976e+01
2.211540690582564395e+01 -2.218118741417134832e+00 3.111452666071975237e+00 -2.218118741417134832e+00 4.892314519987142774e+01 1.420943802501649245e+01 3.111452666071975237e+00 1.420943802501649245e+01 5.252957888058474367e+01
2.191219706701768999e+01 -2.183324314634275343e+00 2.942639108864789854e+00 -2.183324314634275343e+00 4.860359041459204121e+01 1.403899726576075757e+01 2.942639108864789854e+00 1.403899726576075757e+01 5.186959265395623930e+01
2.165456251288371448e+01 -2.148928033033508544e+00 2.778707157803259165e+00 -2.148928033033508544e+00 4.817593055704450933e+01 1.382637042786331349e+01 2.778707157803259165e+00 1.382637042786331349e+01 5.099234033252591303e+01
2.134129149721734464e+01 -2.115379973777199663e+00 2.620487724571750832e+00 -2.115379973777199663e+00 4.764267567294203332e+01 1.357356554789472192e+01 2.620487724571750832e+00 1.357356554789472192e+01 4.990121480567159296e+01
2.097236670935848935e+01 -2.083112903367622781e+00 2.468725167554175037e+00 -2.083112903367622781e+00 4.700789376740599579e+01 1.328293687562734604e+01 2.468725167554175037e+00 1.328293687562734604e+01 4.860281143488793987e+01
2.054733807214478958e+01 -2.052507656326779450e+00 2.324077291833990699e+00 -2.052507656326779450e+00 4.627663955318294597e+01 1.295711563139501976e+01 2.324077291833990699e+00 1.295711563139501976e+01 4.710379482430999332e+01
2.006701918660051476e+01 -2.023771960575761586e+00 2.187253834474926606e+00 -2.023771960575761586e+00 4.545502369328502112e+01 1.259909655939348028e+01 2.187253834474926606e+00 1.259909655939348028e+01 4.541578042685877392e+01
1.953211978978939456e+01 -1.997477067897570846e+00 2.058774115279712547e+00 -1.997477067897570846e+00 4.455031666495040099e+01 1.221203019975928861e+01 2.058774115279712547e+00 1.221203019975928861e+01 4.354884304670724759e+01
1.894308995887380220e+01 -1.973761463572935915e+00 1.939469045932714852e+00 -1.973761463572935915e+00 4.356949466419577988e+01 1.179937868451063210e+01 1.939469045932714852e+00 1.179937868451063210e+01 4.151577526166263254e+01
-1.757954379282813306e+01 3.419499265667328647e+00 -1.964039551797080918e+01 3.419499265667328647e+00 -1.617149830987454706e+01 8.610031674638474186e+00 -1.964039551797080918e+01 8.610031674638474186e+00 -3.112274496751707176e+01
-1.758648399961566611e+01 3.430596173846329755e+00 -1.948604086540737867e+01 3.430596173846329755e+00 -1.610332098437346104e+01 8.709848178141562869e+00 -1.948604086540737867e+01 8.709848178141562869e+00 -3.104809135279446508e+01
-1.754491698570101477e+01 3.440486896353700086e+00 -1.930344291142515445e+01 3.440486896353700086e+00 -1.598403849980052094e+01 8.800442000432337153e+00 -1.930344291142515445e+01 8.800442000432337153e+00 -3.084931195410974780e+01
-1.745499120470529775e+01 3.449412670323765973e+00 -1.909258309932149444e+01 3.449412670323765973e+00 -1.581387353658741191e+01 8.881609017781752158e+00 -1.909258309932149444e+01 8.881609017781752158e+00 -3.052965419442500661e+01
-1.731741181132885288e+01 3.457410609161808868e+00 -1.885347998579903717e+01 3.457410609161808868e+00 -1.559375392986615694e+01 8.952885312623797276e+00 -1.885347998579903717e+01 8.952885312623797276e+00 -3.009110364092278189e+01
-1.713355200156707525e+01 3.464610609786311191e+00 -1.858605934404722504e+01 3.464610609786311191e+00 -1.532560957671136670e+01 9.013695627176618430e+00 -1.858605934404722504e+01 9.013695627176618430e+00 -2.953668503613346275e+01
-1.690495198173912783e+01 3.471142569115756693e+00 -1.829013560703965169e+01 3.471142569115756693e+00 -1.501116625046859987e+01 9.063260579929313110e+00 -1.829013560703965169e+01 9.063260579929313110e+00 -2.887018394739569871e+01
-1.663383855616185869e+01 3.477006487150145375e+00 -1.796543042423670400e+01 3.477006487150145375e+00 -1.465331879674977777e+01 9.100912129586825827e+00 -1.796543042423670400e+01 9.100912129586825827e+00 -2.809683336485411331e+01
-1.632217873531516616e+01 3.482369374213240665e+00 -1.761147987807238025e+01 3.482369374213240665e+00 -1.425429401987175027e+01 9.125945121448820530e+00 -1.761147987807238025e+01 9.125945121448820530e+00 -2.722069720638696211e+01
-1.597299726172944290e+01 3.487157003494482321e+00 -1.722765304065690017e+01 3.487157003494482321e+00 -1.381806305419958214e+01 9.137338936870069261e+00 -1.722765304065690017e+01 9.137338936870069261e+00 -2.624864145197122056e+01
1.235641407987671059e+01 7.030272950067962157e+00 4.017768400844722088e+00 7.030272950067962157e+00 -1.259833408297528479e+01 -4.196946329231504791e+00 4.017768400844722088e+00 -4.196946329231504791e+00 1.036568065236319924e+01
1.217891577525164237e+01 7.206145812342984236e+00 3.926851992065459651e+00 7.206145812342984236e+00 -1.274935573776515163e+01 -4.140886628625460197e+00 3.926851992065459651e+00 -4.140886628625460197e+00 9.923885421620585845e+00
1.197891412431370917e+01 7.369087377699859331e+00 3.834797773641164476e+00 7.369087377699859331e+00 -1.289893255491053381e+01 -4.076771958151406139e+00 3.834797773641164476e+00 -4.076771958151406139e+00 9.445373254237479088e+00
1.176392228281423691e+01 7.518104320258003348e+00 3.741786350277397588e+00 7.518104320258003348e+00 -1.303906374595509021e+01 -4.004475894515453938e+00 3.741786350277397588e+00 -4.004475894515453938e+00 8.944646708070402852e+00
1.153186329663927623e+01 7.652022709431270719e+00 3.648558201266957290e+00 7.652022709431270719e+00 -1.317325304218670112e+01 -3.924197102893717037e+00 3.648558201266957290e+00 -3.924197102893717037e+00 8.417786661008692661e+00
1.128356794743440972e+01 7.769867279809635541e+00 3.555619019785415169e+00 7.769867279809635541e+00 -1.330157268548758687e+01 -3.835881401874528418e+00 3.555619019785415169e+00 -3.835881401874528418e+00 7.866129587873495588e+00
1.101838605825961537e+01 7.870897552100299066e+00 3.463456438537783288e+00 7.870897552100299066e+00 -1.342597320667780636e+01 -3.739601033340113290e+00 3.463456438537783288e+00 -3.739601033340113290e+00 7.288375134784776499e+00
1.073601060111544214e+01 7.954445288892684651e+00 3.372467787876296530e+00 7.954445288892684651e+00 -1.354809810857796037e+01 -3.635392118231581815e+00 3.372467787876296530e+00 -3.635392118231581815e+00 6.684017608566964697e+00
1.043772386941136965e+01 8.020131220305115605e+00 3.282905914388739355e+00 8.020131220305115605e+00 -1.366780290742359938e+01 -3.523110172784486682e+00 3.282905914388739355e+00 -3.523110172784486682e+00 6.053345976748956581e+00
1.012074455068176349e+01 8.067232927515348706e+00 3.195294571721237542e+00 8.067232927515348706e+00 -1.379012647449986950e+01 -3.402935801704388474e+00 3.195294571721237542e+00 -3.402935801704388474e+00 5.393506684982892985e+00
3.756045623346738438e+01 -1.191375845997639615e+01 1.225149750172100482e+01 -1.191375845997639615e+01 -1.162931111938724094e+01 -9.862214424292545800e+00 1.225149750172100482e+01 -9.862214424292545800e+00 3.701652927365680767e+01
3.758856711748240542e+01 -1.186369871137352305e+01 1.248893946644928654e+01 -1.186369871137352305e+01 -1.169528201901820097e+01 -1.000465119035982120e+01 1.248893946644928654e+01 -1.000465119035982120e+01 3.695366602071101880e+01
3.753032093961174098e+01 -1.178723284493720769e+01 1.270191093327946064e+01 -1.178723284493720769e+01 -1.178480000153224339e+01 -1.012176507543819959e+01 1.270191093327946064e+01 -1.012176507543819959e+01 3.673629057457843317e+01
3.738498962263198422e+01 -1.168521324375823944e+01 1.288968382498814691e+01 -1.168521324375823944e+01 -1.189862866011486808e+01 -1.021444397858059006e+01 1.288968382498814691e+01 -1.021444397858059006e+01 3.636367485803565103e+01
3.715280402029691231e+01 -1.155906054632127145e+01 1.305158333829513495e+01 -1.155906054632127145e+01 -1.203797553747802773e+01 -1.028362907278307148e+01 1.305158333829513495e+01 -1.028362907278307148e+01 3.583585438704480453e+01
3.683433238800037657e+01 -1.141030193899730172e+01 1.318693466992021435e+01 -1.141030193899730172e+01 -1.220339113103452711e+01 -1.033022601507961014e+01 1.318693466992021435e+01 -1.033022601507961014e+01 3.515469374961698179e+01
3.643035607690893585e+01 -1.124069546191108415e+01 1.329532938629905026e+01 -1.124069546191108415e+01 -1.239697088254922086e+01 -1.035508718856099364e+01 1.329532938629905026e+01 -1.035508718856099364e+01 3.432029949363853660e+01
3.594211814569666075e+01 -1.105242534673277000e+01 1.337655439165894578e+01 -1.105242534673277000e+01 -1.261997560867724033e+01 -1.035926031410965464e+01 1.337655439165894578e+01 -1.035926031410965464e+01 3.333545962213560188e+01
3.537221125959803203e+01 -1.084764030917039612e+01 1.343037883224614326e+01 -1.084764030917039612e+01 -1.287380818992217790e+01 -1.034347346894897512e+01 1.343037883224614326e+01 -1.034347346894897512e+01 3.220262473649420798e+01
3.472319256788543385e+01 -1.062880870859103588e+01 1.345698028787122524e+01 -1.062880870859103588e+01 -1.315953410514751809e+01 -1.030872110001821085e+01 1.345698028787122524e+01 -1.030872110001821085e+01 3.092607451014934483e+01
-4.486101734051350576e+01 1.130111044359452599e+01 -2.767626348109299084e+00 1.130111044359452599e+01 -4.171283491048598080e+01 -4.342400908641934620e+00 -2.767626348109299084e+00 -4.342400908641934620e+00 -6.135414853815748870e+01
-4.483385676228454031e+01 1.124961891505981448e+01 -2.910840169529208765e+00 1.124961891505981448e+01 -4.170869633903365781e+01 -4.466519553872523751e+00 -2.910840169529208765e+00 -4.466519553872523751e+00 -6.131128063757923741e+01
-4.473150892781012544e+01 1.119362308085141144e+01 -3.050050163683616145e+00 1.119362308085141144e+01 -4.162763808607676452e+01 -4.585556418343050389e+00 -3.050050163683616145e+00 -4.585556418343050389e+00 -6.105488169923069819e+01
-4.455124045501477070e+01 1.113293044927386077e+01 -3.185814556489344973e+00 1.113293044927386077e+01 -4.146744649711755670e+01 -4.699857987105338530e+00 -3.185814556489344973e+00 -4.699857987105338530e+00 -6.057881123802677337e+01
-4.429347482562847915e+01 1.106744477447943353e+01 -3.318037102098667201e+00 1.106744477447943353e+01 -4.122858355222513183e+01 -4.809135522616202252e+00 -3.318037102098667201e+00 -4.809135522616202252e+00 -5.988306925396746294e+01
-4.396013695660582243e+01 1.099701206311176627e+01 -3.446563807155218040e+00 1.099701206311176627e+01 -4.091295491918450722e+01 -4.913138785671547382e+00 -3.446563807155218040e+00 -4.913138785671547382e+00 -5.897344974708604326e+01
-4.355286302735817827e+01 1.092163231517085720e+01 -3.571259927472176798e+00 1.092163231517085720e+01 -4.052227377408524944e+01 -5.011482792880460835e+00 -3.571259927472176798e+00 -5.011482792880460835e+00 -5.785453401973435206e+01
-4.307357795484012541e+01 1.084126703231761368e+01 -3.691875223845450193e+00 1.084126703231761368e+01 -4.005886926644238599e+01 -5.103744062512937774e+00 -3.691875223845450193e+00 -5.103744062512937774e+00 -5.653234706198022508e+01
-4.252482262943168223e+01 1.075587771621294841e+01 -3.808043962053670128e+00 1.075587771621294841e+01 -3.952503204743185705e+01 -5.189479863669427040e+00 -3.808043962053670128e+00 -5.189479863669427040e+00 -5.501222089378779145e+01
-4.190873370895243255e+01 1.066540661934821976e+01 -3.919342660366830433e+00 1.066540661934821976e+01 -3.892364949248550232e+01 -5.268151219602648538e+00 -3.919342660366830433e+00 -5.268151219602648538e+00 -5.330466556172900994e+01
4.946733855811747738e+00 1.317971686959702637e+01 2.187838901494522403e+01 1.317971686959702637e+01 -3.105019166829614008e+01 -1.135706212510695501e+01 2.187838901494522403e+01 -1.135706212510695501e+01 -3.749800517551751966e+01
5.039147957233677033e+00 1.315479475349067151e+01 2.193637979143991146e+01 1.315479475349067151e+01 -3.092136863775979094e+01 -1.143420377563124468e+01 2.193637979143991146e+01 -1.143420377563124468e+01 -3.718316629103468784e+01
5.178325820820921521e+00 1.312167042195690669e+01 2.196592261261736567e+01 1.312167042195690669e+01 -3.072561033336220859e+01 -1.150293908319486569e+01 2.196592261261736567e+01 -1.150293908319486569e+01 -3.672133702555525758e+01
5.361632345689560708e+00 1.308034387499573548e+01 2.196681335094432086e+01 1.308034387499573548e+01 -3.046588588285993282e+01 -1.156337939008868609e+01 2.196681335094432086e+01 -1.156337939008868609e+01 -3.611858553393161486e+01
