6.244043367543256062e-01 3.832681702145360747e-01 -3.161695680726130941e+00 3.832681702145360747e-01 1.818060006292496200e-01 -1.825401684853812601e+00 -3.161695680726130941e+00 -1.825401684853812601e+00 -3.213340591985046624e-01
4.549851583282822354e-01 3.856912857988129550e-01 -3.140574792648255453e+00 3.856912857988129550e-01 1.091306160530655933e-01 -1.699128430189594363e+00 -3.140574792648255453e+00 -1.699128430189594363e+00 -6.452539805503793024e-01
2.968316590739141225e-01 3.888196365158270718e-01 -3.125981850286229768e+00 3.888196365158270718e-01 4.565945410670930321e-02 -1.575061295684195395e+00 -3.125981850286229768e+00 -1.575061295684195395e+00 -9.527184154717173170e-01
1.509926502142664162e-01 3.926170564613356007e-01 -3.117808355927325525e+00 3.926170564613356007e-01 -7.866084172839026695e-03 -1.453254530193980099e+00 -3.117808355927325525e+00 -1.453254530193980099e+00 -1.242208395984314873e+00
1.764896127055377156e-02 3.969931308747310927e-01 -3.115891563002449960e+00 3.969931308747310927e-01 -5.204273620558786534e-02 -1.333961295048648799e+00 -3.115891563002449960e+00 -1.333961295048648799e+00 -1.513362263045743061e+00
-1.033259884220740360e-01 4.019116938517706683e-01 -3.119960227229780614e+00 4.019116938517706683e-01 -8.764806893276037847e-02 -1.217416668625780796e+00 -3.119960227229780614e+00 -1.217416668625780796e+00 -1.766559758650552370e+00
-2.125289362836254858e-01 4.073184965360898691e-01 -3.129706938423252094e+00 4.073184965360898691e-01 -1.158755571943735352e-01 -1.103819563398712456e+00 -3.129706938423252094e+00 -1.103819563398712456e+00 -2.002940108782395257e+00
-3.107012833510808814e-01 4.130688753107170097e-01 -3.144770037540435936e+00 4.130688753107170097e-01 -1.380452564952945882e-01 -9.933146429844151859e-01 -3.144770037540435936e+00 -9.933146429844151859e-01 -2.224022281419475888e+00
-3.988918408474853572e-01 4.190904983671662198e-01 -3.164769782586780877e+00 4.190904983671662198e-01 -1.556038030052409871e-01 -8.860284880477395930e-01 -3.164769782586780877e+00 -8.860284880477395930e-01 -2.431704986534547697e+00
-4.780409222831552007e-01 4.252748679927086384e-01 -3.189272182711371251e+00 4.252748679927086384e-01 -1.700882476545376998e-01 -7.820515133492925708e-01 -3.189272182711371251e+00 -7.820515133492925708e-01 -2.627977348860972562e+00
-2.388497694869569443e+01 3.049504990989684750e+00 -1.410791922157653566e+01 3.049504990989684750e+00 -2.477288003928792648e+01 -7.984471369749385872e+00 -1.410791922157653566e+01 -7.984471369749385872e+00 1.593449238883323904e+00
-2.404159810696897281e+01 3.102923430315518871e+00 -1.401517398259430003e+01 3.102923430315518871e+00 -2.497539173464258155e+01 -7.891355298144270947e+00 -1.401517398259430003e+01 -7.891355298144270947e+00 1.107306211919059979e+00
-2.418961594839144524e+01 3.152114377740523832e+00 -1.391087730740935768e+01 3.152114377740523832e+00 -2.516427533110640269e+01 -7.788727369762287189e+00 -1.391087730740935768e+01 -7.788727369762287189e+00 6.384439851809946553e-01
-2.432682401885696777e+01 3.196725542272962794e+00 -1.379495502949713348e+01 3.196725542272962794e+00 -2.533715749989296029e+01 -7.676569042972294810e+00 -1.379495502949713348e+01 -7.676569042972294810e+00 1.909602591519491133e-01
-2.445331502652126332e+01 3.236552965970252327e+00 -1.366729589907076381e+01 3.236552965970252327e+00 -2.549396407447768098e+01 -7.555121358979162594e+00 -1.366729589907076381e+01 -7.555121358979162594e+00 -2.337914270945651574e-01
-2.456953397053179344e+01 3.271411232520952783e+00 -1.352782574960567530e+01 3.271411232520952783e+00 -2.563489901280314598e+01 -7.424699525512339804e+00 -1.352782574960567530e+01 -7.424699525512339804e+00 -6.353289911488043673e-01
-2.467612980797858668e+01 3.301133467244767861e+00 -1.337628499826584871e+01 3.301133467244767861e+00 -2.576042585564795573e+01 -7.285581667038985465e+00 -1.337628499826584871e+01 -7.285581667038985465e+00 -1.013467016699328704e+00
-2.477406670368113950e+01 3.325608420354834394e+00 -1.321241406221526837e+01 3.325608420354834394e+00 -2.587124918499558390e+01 -7.138082991288547952e+00 -1.321241406221526837e+01 -7.138082991288547952e+00 -1.368539253106729969e+00
-2.486429028082779169e+01 3.344873175113439512e+00 -1.303580502556876830e+01 3.344873175113439512e+00 -2.596835170729665521e+01 -6.982444539465899602e+00 -1.303580502556876830e+01 -6.982444539465899602e+00 -1.701231740723335717e+00
-2.494813553686091367e+01 3.358816481733720050e+00 -1.284603143081003296e+01 3.358816481733720050e+00 -2.605288300368210486e+01 -6.819037144193918820e+00 -1.284603143081003296e+01 -6.819037144193918820e+00 -2.012638435786641367e+00
9.400013290695591550e+00 -1.828239559134723136e+00 -6.629838743915026367e-01 -1.828239559134723136e+00 1.969755312000780023e+01 -2.194590619534861275e+01 -6.629838743915026367e-01 -2.194590619534861275e+01 1.977777597994943548e+01
9.341382063708586259e+00 -1.792869055149831858e+00 -7.222365710770359826e-01 -1.792869055149831858e+00 1.971937558456474449e+01 -2.173075338571762316e+01 -7.222365710770359826e-01 -2.173075338571762316e+01 1.970604062046200511e+01
9.277654785193639952e+00 -1.757622845104646059e+00 -7.966353721295935664e-01 -1.757622845104646059e+00 1.971259268671222031e+01 -2.146875951709459684e+01 -7.966353721295935664e-01 -2.146875951709459684e+01 1.957105740194135279e+01
9.209186580692765745e+00 -1.722642979215973646e+00 -8.856298329590491791e-01 -1.722642979215973646e+00 1.967670725069140403e+01 -2.116035074012994599e+01 -8.856298329590491791e-01 -2.116035074012994599e+01 1.937200953564083505e+01
9.135462518170040624e+00 -1.688124776531922944e+00 -9.885984838668729902e-01 -1.688124776531922944e+00 1.961063614359914453e+01 -2.080643262495582491e+01 -9.885984838668729902e-01 -2.080643262495582491e+01 1.910871945878944445e+01
9.055381708445212396e+00 -1.654228043546402072e+00 -1.104795561214829247e+00 -1.654228043546402072e+00 1.951310091348418041e+01 -2.040824811096928215e+01 -1.104795561214829247e+00 -2.040824811096928215e+01 1.878033487008633884e+01
8.967470380518907547e+00 -1.621094830476217608e+00 -1.233493057641783297e+00 -1.621094830476217608e+00 1.938276983956394872e+01 -1.996725321289259369e+01 -1.233493057641783297e+00 -1.996725321289259369e+01 1.838612776217038913e+01
8.870148225729153069e+00 -1.588707381044269118e+00 -1.373856428123995332e+00 -1.588707381044269118e+00 1.921854203265819550e+01 -1.948511702077324159e+01 -1.373856428123995332e+00 -1.948511702077324159e+01 1.792547666534306217e+01
8.761391028486452015e+00 -1.556994670142152648e+00 -1.525086640191926746e+00 -1.556994670142152648e+00 1.901929884730956388e+01 -1.896356189348999877e+01 -1.525086640191926746e+00 -1.896356189348999877e+01 1.739747600947221429e+01
8.639440917357822158e+00 -1.525885672661464909e+00 -1.686402417653140473e+00 -1.525885672661464909e+00 1.878438330126533273e+01 -1.840446999641556758e+01 -1.686402417653140473e+00 -1.840446999641556758e+01 1.680178842529292993e+01
-2.631881169364582007e+01 8.583766652860314039e+00 -1.062966010716956333e+01 8.583766652860314039e+00 -3.635957600518285204e+01 1.401376352200225606e+00 -1.062966010716956333e+01 1.401376352200225606e+00 -4.735979837468917708e+01
-2.636501112237220568e+01 8.590761970546006765e+00 -1.079013534892945714e+01 8.590761970546006765e+00 -3.629796412854734200e+01 1.384523134252848564e+00 -1.079013534892945714e+01 1.384523134252848564e+00 -4.734740016936005702e+01
-2.635666982215078136e+01 8.591596100568150263e+00 -1.093963419789797697e+01 8.591596100568150263e+00 -3.617274983772346530e+01 1.365698336253135192e+00 -1.093963419789797697e+01 1.365698336253135192e+00 -4.716893425962258846e+01
-2.629320011046594985e+01 8.586212170425230994e+00 -1.107885808159374541e+01 8.586212170425230994e+00 -3.598351606770015820e+01 1.344731340696555755e+00 -1.107885808159374541e+01 1.344731340696555755e+00 -4.682451439047979846e+01
-2.617522758483431033e+01 8.574723925120270707e+00 -1.120799657502178981e+01 8.574723925120270707e+00 -3.573115382100107951e+01 1.321527360080594793e+00 -1.120799657502178981e+01 1.321527360080594793e+00 -4.631560028947042440e+01
-2.600337784277247266e+01 8.557112407152763112e+00 -1.132723925318714464e+01 8.557112407152763112e+00 -3.541655410014987382e+01 1.295934734401225752e+00 -1.132723925318714464e+01 1.295934734401225752e+00 -4.564440998415334860e+01
-2.577876937681013203e+01 8.533548234027241719e+00 -1.143669986109282988e+01 8.533548234027241719e+00 -3.504108184518278080e+01 1.267763888653416826e+00 -1.143669986109282988e+01 1.267763888653416826e+00 -4.481378709960404905e+01
-2.550250172197647203e+01 8.503955575741690254e+00 -1.153656797374387999e+01 8.503955575741690254e+00 -3.460638635864356871e+01 1.236844205332638502e+00 -1.153656797374387999e+01 1.236844205332638502e+00 -4.382740939092017385e+01
-2.517614835081326063e+01 8.468486092300134160e+00 -1.162684359114029142e+01 8.468486092300134160e+00 -3.411430651808106518e+01 1.202929236932349211e+00 -1.162684359114029142e+01 1.202929236932349211e+00 -4.268992144572499114e+01
-2.480122586336075585e+01 8.427120826202072479e+00 -1.170762150078457964e+01 8.427120826202072479e+00 -3.356709826605515445e+01 1.165810450947012633e+00 -1.170762150078457964e+01 1.165810450947012633e+00 -4.140610055414533264e+01
-5.501460477855452114e-02 -1.012895338643415855e+01 1.095753254457138404e+01 -1.012895338643415855e+01 -1.942587671512464453e+01 1.512365833839774965e+01 1.095753254457138404e+01 1.512365833839774965e+01 2.733688243660734685e+01
-1.204908841534931274e-01 -1.016195488424948756e+01 1.101065823588114689e+01 -1.016195488424948756e+01 -1.936928196157892756e+01 1.513155908223355794e+01 1.101065823588114689e+01 1.513155908223355794e+01 2.731021969649017223e+01
-2.319912667007187068e-01 -1.017984507431448371e+01 1.102729520451011780e+01 -1.017984507431448371e+01 -1.933401013507514676e+01 1.510213562243122887e+01 1.102729520451011780e+01 1.510213562243122887e+01 2.717352774681588912e+01
-3.890253614235256729e-01 -1.018222437877998132e+01 1.100740712519928444e+01 -1.018222437877998132e+01 -1.932106018023621985e+01 1.503587834998746331e+01 1.100740712519928444e+01 1.503587834998746331e+01 2.692647966025336004e+01
-5.909574762891477429e-01 -1.016902014712794866e+01 1.095079420902406042e+01 -1.016902014712794866e+01 -1.933177613164571085e+01 1.493322316801044458e+01 1.095079420902406042e+01 1.493322316801044458e+01 2.656932971361569429e+01
-8.372245697828488709e-01 -1.014012340358133812e+01 1.085727482968936997e+01 -1.014012340358133812e+01 -1.936790160173634945e+01 1.479453332909032603e+01 1.085727482968936997e+01 1.479453332909032603e+01 2.610245932212254516e+01
-1.127190949871862635e+00 -1.009578842495326079e+01 1.072666736090013728e+01 -1.009578842495326079e+01 -1.943110755242283361e+01 1.462002678478119577e+01 1.072666736090013728e+01 1.462002678478119577e+01 2.552652234043619117e+01
-1.460293575041453407e+00 -1.003630581331583294e+01 1.055889915213833241e+01 -1.003630581331583294e+01 -1.952337371032150060e+01 1.440993964926665605e+01 1.055889915213833241e+01 1.440993964926665605e+01 2.484217262321890729e+01
-1.835824102740823749e+00 -9.962220447554287261e+00 1.035400652866296767e+01 -9.962220447554287261e+00 -1.964660715153064530e+01 1.416450803673030556e+01 1.035400652866296767e+01 1.416450803673030556e+01 2.405044544035262533e+01
-2.253056027789670068e+00 -9.874204344960404001e+00 1.011204397836257129e+01 -9.874204344960404001e+00 -1.980284209055511369e+01 1.388376827243115841e+01 1.011204397836257129e+01 1.388376827243115841e+01 2.315241238697829473e+01
1.714260065110969222e+01 9.969667221927759115e+00 -9.339278087012553797e+00 9.969667221927759115e+00 1.311896179420873843e+01 1.759473898238938006e+01 -9.339278087012553797e+00 1.759473898238938006e+01 -1.462887202836060574e+01
1.707247183026424153e+01 1.000500928157732972e+01 -9.432030841632665030e+00 1.000500928157732972e+01 1.317640831488596831e+01 1.751635233615191467e+01 -9.432030841632665030e+00 1.751635233615191467e+01 -1.467198826636188258e+01
1.702803004111544283e+01 1.003374149834261786e+01 -9.517582629208108713e+00 1.003374149834261786e+01 1.325864622459259756e+01 1.740437908989267868e+01 -9.517582629208108713e+00 1.740437908989267868e+01 -1.466029117312763574e+01
1.701009927491715246e+01 1.005563100513013808e+01 -9.595861798325504566e+00 1.005563100513013808e+01 1.336549639479517992e+01 1.725878341790498638e+01 -9.595861798325504566e+00 1.725878341790498638e+01 -1.459492717127194439e+01
1.701839292601586351e+01 1.007040910913971388e+01 -9.666528004771302918e+00 1.007040910913971388e+01 1.349540040725270096e+01 1.707974444872229114e+01 -9.666528004771302918e+00 1.707974444872229114e+01 -1.447743676618246766e+01
1.705217656742442500e+01 1.007786085613121152e+01 -9.729187165771911339e+00 1.007786085613121152e+01 1.364660280233735712e+01 1.686736965946465361e+01 -9.729187165771911339e+00 1.686736965946465361e+01 -1.431007697738067108e+01
1.711050081791555755e+01 1.007775337901114021e+01 -9.783481024260430203e+00 1.007775337901114021e+01 1.381718690474124145e+01 1.662176652725215220e+01 -9.783481024260430203e+00 1.662176652725215220e+01 -1.409531977862815921e+01
1.719212969060845708e+01 1.006990754924605724e+01 -9.829015497463272411e+00 1.006990754924605724e+01 1.400500317206296153e+01 1.634297087779147262e+01 -9.829015497463272411e+00 1.634297087779147262e+01 -1.383621035499356999e+01
1.729571972150225889e+01 1.005414423830250747e+01 -9.865306938340125953e+00 1.005414423830250747e+01 1.420800953902118913e+01 1.603092897252258098e+01 -9.865306938340125953e+00 1.603092897252258098e+01 -1.353586554295892519e+01
1.741969457950260391e+01 1.003037388191376955e+01 -9.891961264117400177e+00 1.003037388191376955e+01 1.442396689894781581e+01 1.568537211864529901e+01 -9.891961264117400177e+00 1.568537211864529901e+01 -1.319749174327296615e+01
6.318504659834640602e-01 -1.071361724385690550e+01 -5.320592069758742326e+00 -1.071361724385690550e+01 3.209143407315513397e+00 5.887911886727901667e+00 -5.320592069758742326e+00 5.887911886727901667e+00 -2.962834435716668224e+01
6.822877960538998865e-01 -1.062916658072813902e+01 -5.385177344040272374e+00 -1.062916658072813902e+01 3.270596832942849641e+00 6.098710792946470782e+00 -5.385177344040272374e+00 6.098710792946470782e+00 -2.947708699222260265e+01
7.748412071542701840e-01 -1.053561170639532385e+01 -5.445993474883324303e+00 -1.053561170639532385e+01 3.375987181840929718e+00 6.298129435159976808e+00 -5.445993474883324303e+00 6.298129435159976808e+00 -2.921483108427874242e+01
9.099112845775529923e-01 -1.043328037246180351e+01 -5.503513881270510666e+00 -1.043328037246180351e+01 3.525296245587346444e+00 6.486349897592502245e+00 -5.503513881270510666e+00 6.486349897592502245e+00 -2.884285122290367553e+01
1.086733274582608155e+00 -1.032270062317741477e+01 -5.558048106382769582e+00 -1.032270062317741477e+01 3.717267643035941038e+00 6.663244721287190586e+00 -5.558048106382769582e+00 6.663244721287190586e+00 -2.836329600194155631e+01
1.304232880247357951e+00 -1.020452796174884824e+01 -5.609887484978628436e+00 -1.020452796174884824e+01 3.950244407747574904e+00 6.828631822019959330e+00 -5.609887484978628436e+00 6.828631822019959330e+00 -2.777911518582249784e+01
1.561262970960091812e+00 -1.007950893349483756e+01 -5.659305143394210980e+00 -1.007950893349483756e+01 4.222460322748664119e+00 6.982310907144319678e+00 -5.659305143394210980e+00 6.982310907144319678e+00 -2.709364091584718182e+01
1.856312247660937498e+00 -9.948371875311703860e+00 -5.706519582698413195e+00 -9.948371875311703860e+00 4.531766794195052128e+00 7.124008850324150544e+00 -5.706519582698413195e+00 7.124008850324150544e+00 -2.631095187863502005e+01
2.187778369177982629e+00 -9.811881540940589730e+00 -5.751676470270499664e+00 -9.811881540940589730e+00 4.876033436664990894e+00 7.253488942068146983e+00 -5.751676470270499664e+00 7.253488942068146983e+00 -2.543509034396060997e+01
2.554095411184130526e+00 -9.670839100967448587e+00 -5.794903265067328668e+00 -9.670839100967448587e+00 5.253148073159141340e+00 7.370496264462595981e+00 -5.794903265067328668e+00 7.370496264462595981e+00 -2.447031708266745298e+01
3.254445317697784645e+01 1.338038604010601951e+01 -8.274870007686036644e+00 1.338038604010601951e+01 -8.489545686331808838e+00 -1.070560763857104369e+01 -8.274870007686036644e+00 -1.070560763857104369e+01 4.201534297724803224e+01
3.248167753014350012e+01 1.329566198311506575e+01 -8.493875041285901872e+00 1.329566198311506575e+01 -8.566036871606785397e+00 -1.099317262111605231e+01 -8.493875041285901872e+00 -1.099317262111605231e+01 4.180923729222040208e+01
3.233536662460477373e+01 1.318274388914848139e+01 -8.703760040269360232e+00 1.318274388914848139e+01 -8.671981865175999005e+00 -1.126473318493732378e+01 -8.703760040269360232e+00 -1.126473318493732378e+01 4.144681350413721077e+01
3.210683346145430761e+01 1.304266086717076512e+01 -8.903868504090091562e+00 1.304266086717076512e+01 -8.806759653009150313e+00 -1.151984574858464327e+01 -8.903868504090091562e+00 -1.151984574858464327e+01 4.093027177699151764e+01
3.179728458223667076e+01 1.287704529691870903e+01 -9.093419729395719742e+00 1.287704529691870903e+01 -8.970334748590220286e+00 -1.175760540589957515e+01 -9.093419729395719742e+00 -1.175760540589957515e+01 4.026250426183872122e+01
3.140863625881680221e+01 1.268788442328926891e+01 -9.271899161703997194e+00 1.268788442328926891e+01 -9.162742638435229736e+00 -1.197732016981978553e+01 -9.271899161703997194e+00 -1.197732016981978553e+01 3.944716606982859020e+01
3.094315962821978871e+01 1.247748486982356120e+01 -9.439093881918816820e+00 1.247748486982356120e+01 -9.384054295576211402e+00 -1.217835128305696202e+01 -9.439093881918816820e+00 -1.217835128305696202e+01 3.848853332614118727e+01
3.040374684150104301e+01 1.224852586848088443e+01 -9.595039376556199429e+00 1.224852586848088443e+01 -9.634553612141301571e+00 -1.236023742090288557e+01 -9.595039376556199429e+00 -1.236023742090288557e+01 3.739173383234100356e+01
2.979373363116616247e+01 1.200373988099455680e+01 -9.740090510776317601e+00 1.200373988099455680e+01 -9.914506737000630565e+00 -1.252265920471339911e+01 -9.740090510776317601e+00 -1.252265920471339911e+01 3.616248091750679095e+01
2.911712997352509547e+01 1.174632069380612087e+01 -9.874708609287392136e+00 1.174632069380612087e+01 -1.022409110273428112e+01 -1.266529725584435084e+01 -9.874708609287392136e+00 -1.266529725584435084e+01 3.480748153316578453e+01
1.162547048350221379e+00 1.465218642333259425e+01 9.623643082241571278e+00 1.465218642333259425e+01 2.403531178436555393e+01 -1.035775619828044647e+01 9.623643082241571278e+00 -1.035775619828044647e+01 9.865645812068818410e-01
1.245349697591719540e+00 1.460319903058773505e+01 9.632928859025568613e+00 1.460319903058773505e+01 2.398179779908437226e+01 -1.047022323655444254e+01 9.632928859025568613e+00 -1.047022323655444254e+01 1.031472673168022824e+00
1.346652333720795403e+00 1.454329771907940660e+01 9.618472389581501858e+00 1.454329771907940660e+01 2.392304155446270286e+01 -1.056526378814710299e+01 9.618472389581501858e+00 -1.056526378814710299e+01 1.080907357665485957e+00
1.465721398263182929e+00 1.447282243053959405e+01 9.579808490486671602e+00 1.447282243053959405e+01 2.385913250885107217e+01 -1.064239477796562205e+01 9.579808490486671602e+00 -1.064239477796562205e+01 1.132345909214601543e+00
1.601143449280663544e+00 1.439214889004047571e+01 9.516293061617329130e+00 1.439214889004047571e+01 2.378990963721853902e+01 -1.070124048093781077e+01 9.516293061617329130e+00 -1.070124048093781077e+01 1.184768502619439445e+00
1.751182994773144985e+00 1.430176017267486444e+01 9.427371461200250380e+00 1.430176017267486444e+01 2.371488986447229763e+01 -1.074135360531106720e+01 9.427371461200250380e+00 -1.074135360531106720e+01 1.236385970869595452e+00
1.913639359317830024e+00 1.420219302854587973e+01 9.312363805771479264e+00 1.420219302854587973e+01 2.363325017378756243e+01 -1.076251945104414887e+01 9.312363805771479264e+00 -1.076251945104414887e+01 1.285051313552584951e+00
2.086097167450673862e+00 1.409403788276695835e+01 9.170625995207272396e+00 1.409403788276695835e+01 2.354413176499933513e+01 -1.076452331809579910e+01 9.170625995207272396e+00 -1.076452331809579910e+01 1.328044996812593581e+00
2.266141043707630587e+00 1.397795672713194470e+01 9.001388687693156143e+00 1.397795672713194470e+01 2.344653270458179861e+01 -1.074734731479592043e+01 9.001388687693156143e+00 -1.074734731479592043e+01 1.362915861845368060e+00
2.451140912583406717e+00 1.385459366176458573e+01 8.803810974734240347e+00 1.385459366176458573e+01 2.333934370898849409e+01 -1.071091987446409455e+01 8.803810974734240347e+00 -1.071091987446409455e+01 1.386604433063117314e+00
9.939845419239544455e+00 3.009324030133471162e-01 -2.100881917315946090e+00 3.009324030133471162e-01 -3.156484457924703335e+01 1.470582292065027730e+01 -2.100881917315946090e+00 1.470582292065027730e+01 -2.498882683684649919e+01
9.849988143748953817e+00 2.091012559404333560e-01 -2.141060350085091990e+00 2.091012559404333560e-01 -3.162395004232891438e+01 1.462640687240823389e+01 -2.141060350085091990e+00 1.462640687240823389e+01 -2.520110104523702432e+01
9.785274671685519010e+00 1.190410590722202483e-01 -2.181054308874581071e+00 1.190410590722202483e-01 -3.163500003371033031e+01 1.452175478374920559e+01 -2.181054308874581071e+00 1.452175478374920559e+01 -2.532377624170847241e+01
9.747051663100728902e+00 3.113920776598601628e-02 -2.220605530112895298e+00 3.113920776598601628e-02 -3.159734889446247763e+01 1.439223560263250867e+01 -2.220605530112895298e+00 1.439223560263250867e+01 -2.535639124131170874e+01
9.735263775800691022e+00 -5.419845522302542407e-02 -2.259418855432584028e+00 -5.419845522302542407e-02 -3.151167917831008580e+01 1.423834740880320915e+01 -2.259418855432584028e+00 1.423834740880320915e+01 -2.529970238736332533e+01
9.749578956622022119e+00 -1.365845345375358011e-01 -2.297309810853990886e+00 -1.365845345375358011e-01 -3.137917151872294852e+01 1.406060672940435019e+01 -2.297309810853990886e+00 1.406060672940435019e+01 -2.515496410292497487e+01
9.789259309646094920e+00 -2.157423192080606955e-01 -2.334093922397459941e+00 -2.157423192080606955e-01 -3.120124636534443852e+01 1.385956698637489737e+01 -2.334093922397459941e+00 1.385956698637489737e+01 -2.492405802258916836e+01
9.853437807168527129e+00 -2.913213086732530654e-01 -2.369715847869094727e+00 -2.913213086732530654e-01 -3.097958243138940659e+01 1.363563402247009648e+01 -2.369715847869094727e+00 1.363563402247009648e+01 -2.460916093931583859e+01
9.940952263117482701e+00 -3.630632393615941256e-01 -2.404138692472963079e+00 -3.630632393615941256e-01 -3.071607979884832673e+01 1.338915833825129376e+01 -2.404138692472963079e+00 1.338915833825129376e+01 -2.421289238361610785e+01
1.005027154346181639e+01 -4.307282950995305337e-01 -2.437436245800927992e+00 -4.307282950995305337e-01 -3.041304439246690094e+01 1.312045353948390414e+01 -2.437436245800927992e+00 1.312045353948390414e+01 -2.373862822931768690e+01
-1.077878912328197991e+01 7.844364113496369306e+00 -1.841602527584897397e-01 7.844364113496369306e+00 -5.300371943164051025e+00 2.987021425485981485e+00 -1.841602527584897397e-01 2.987021425485981485e+00 1.000917070558744548e+01
-1.076705047687134531e+01 7.791876894506797768e+00 -1.320370228049059236e-01 7.791876894506797768e+00 -5.336170264853540957e+00 3.008351182994919881e+00 -1.320370228049059236e-01 3.008351182994919881e+00 9.978086041914009385e+00
-1.075920651314578969e+01 7.732182692604647301e+00 -9.365437895989604800e-02 7.732182692604647301e+00 -5.374825900475542539e+00 3.013993013052745251e+00 -9.365437895989604800e-02 3.013993013052745251e+00 9.922614112829327482e+00
-1.075483864471392437e+01 7.665718294633109053e+00 -6.857553438027366721e-02 7.665718294633109053e+00 -5.416229653319258652e+00 3.004128910177450873e+00 -6.857553438027366721e-02 3.004128910177450873e+00 9.842536524911812634e+00
-1.075452925403333282e+01 7.593066083049761161e+00 -5.625450551205571359e-02 7.593066083049761161e+00 -5.461164099812065409e+00 2.978813472724435751e+00 -5.625450551205571359e-02 2.978813472724435751e+00 9.737161698993078929e+00
-1.075875152685080316e+01 7.514826639763987792e+00 -5.621810660845684426e-02 7.514826639763987792e+00 -5.510502813640335340e+00 2.938210495759894680e+00 -5.621810660845684426e-02 2.938210495759894680e+00 9.606143845488942290e+00
-1.076839723630450329e+01 7.431709743395964018e+00 -6.795675301909286092e-02 7.431709743395964018e+00 -5.565392360267432892e+00 2.882556572157220387e+00 -6.795675301909286092e-02 2.882556572157220387e+00 9.448336398936035607e+00
-1.078430355717721056e+01 7.344370574210473457e+00 -9.096086009357956526e-02 7.344370574210473457e+00 -5.626997504608523215e+00 2.812161092597003087e+00 -9.096086009357956526e-02 2.812161092597003087e+00 9.262938583455184727e+00
-1.080768985273948424e+01 7.253500711375890475e+00 -1.247208431815327589e-01 7.253500711375890475e+00 -5.696937997873754433e+00 2.727351647211632812e+00 -1.247208431815327589e-01 2.727351647211632812e+00 9.048239650577240667e+00
-1.083948429503309896e+01 7.159700736801598353e+00 -1.688363143433648794e-01 7.159700736801598353e+00 -5.776524200592686675e+00 2.628419427229900407e+00 -1.688363143433648794e-01 2.628419427229900407e+00 8.803093034838841646e+00
1.612119217815527961e+01 4.857726893381218325e+00 1.673488943880965252e+01 4.857726893381218325e+00 4.458993492269806325e+01 -1.876239818631226575e+00 1.673488943880965252e+01 -1.876239818631226575e+00 4.383313742950398506e+01
1.620991571571093104e+01 4.869936394721326778e+00 1.672959459086758471e+01 4.869936394721326778e+00 4.437450079705497785e+01 -1.888309981867596354e+00 1.672959459086758471e+01 -1.888309981867596354e+00 4.365757141879316094e+01
1.625783060613409603e+01 4.875440249819007477e+00 1.666647442987392580e+01 4.875440249819007477e+00 4.407678752115416643e+01 -1.909698380791495120e+00 1.666647442987392580e+01 -1.909698380791495120e+00 4.330661357000116851e+01
1.626347379933551451e+01 4.873907530677881184e+00 1.654505868972857030e+01 4.873907530677881184e+00 4.369878066297389552e+01 -1.939238058784110930e+00 1.654505868972857030e+01 -1.939238058784110930e+00 4.278099540817265733e+01
1.622473780649614028e+01 4.865164064668274335e+00 1.636522544959073855e+01 4.865164064668274335e+00 4.324274446669991789e+01 -1.975587886596958276e+00 1.636522544959073855e+01 -1.975587886596958276e+00 4.208296376023039898e+01
1.613927129711538200e+01 4.849209851790186931e+00 1.612716629935307822e+01 4.849209851790186931e+00 4.271113476641063755e+01 -2.017406734981551875e+00 1.612716629935307822e+01 -2.017406734981551875e+00 4.121457386320454930e+01
1.600456618532594177e+01 4.826166812884391533e+00 1.583147342595647444e+01 4.826166812884391533e+00 4.210663382060301529e+01 -2.063248971111602437e+00 1.583147342595647444e+01 -2.063248971111602437e+00 4.017868214822174622e+01
1.581814921978645749e+01 4.796313624158362821e+00 1.547910477886413183e+01 4.796313624158362821e+00 4.143223739850744636e+01 -2.111651544897851895e+00 1.547910477886413183e+01 -2.111651544897851895e+00 3.897856306071986410e+01
1.557763423547040027e+01 4.760103134449254370e+00 1.507141890458750666e+01 4.760103134449254370e+00 4.069109802472101478e+01 -2.161325578880717746e+00 1.507141890458750666e+01 -2.161325578880717746e+00 3.761799614676279191e+01
1.528105308166246168e+01 4.718127530697954874e+00 1.461014011216036224e+01 4.718127530697954874e+00 3.988694299351872985e+01 -2.210982195600616151e+00 1.461014011216036224e+01 -2.210982195600616151e+00 3.610213691618888276e+01
2.202134941711084792e+01 4.539072422539065066e+00 6.651773165693477097e+00 4.539072422539065066e+00 1.118169824789970512e+01 -5.454564327950508051e+00 6.651773165693477097e+00 -5.454564327950508051e+00 4.402641339594127601e+01
2.200409460750421076e+01 4.631797196124910698e+00 6.711997562451286647e+00 4.631797196124910698e+00 1.096961742665688355e+01 -5.474885875934631940e+00 6.711997562451286647e+00 -5.474885875934631940e+00 4.374043122977440134e+01
2.192067579865003424e+01 4.716784624034234596e+00 6.735703097610564072e+00 4.716784624034234596e+00 1.070827491710909385e+01 -5.493903178861666348e+00 6.735703097610564072e+00 -5.493903178861666348e+00 4.329259930199588524e+01
2.177137498947959315e+01 4.793171084540041704e+00 6.722660647039660375e+00 4.793171084540041704e+00 1.039946846244313505e+01 -5.512092109928116379e+00 6.722660647039660375e+00 -5.512092109928116379e+00 4.268452148152729109e+01
2.155562818213035214e+01 4.860198705514566342e+00 6.672834960872166654e+00 4.860198705514566342e+00 1.004392068492036749e+01 -5.529981417130099608e+00 6.672834960872166654e+00 -5.529981417130099608e+00 4.191774876249056092e+01
2.127331200206989337e+01 4.917197739496057984e+00 6.586296538840898052e+00 4.917197739496057984e+00 9.642689080533031643e+00 -5.547958848998102432e+00 6.586296538840898052e+00 -5.547958848998102432e+00 4.099444901166977928e+01
2.092435594956539191e+01 4.963657063421602622e+00 6.463327379877117806e+00 4.963657063421602622e+00 9.196425771809666472e+00 -5.566376904196204123e+00 6.463327379877117806e+00 -5.566376904196204123e+00 3.991714259451310909e+01
2.050918302301375107e+01 4.999347553159549484e+00 6.304332857444515881e+00 4.999347553159549484e+00 8.705923880744451893e+00 -5.585552831522073269e+00 6.304332857444515881e+00 -5.585552831522073269e+00 3.868896674913084865e+01
2.002844534494351336e+01 5.024075334444655816e+00 6.110017968871249927e+00 5.024075334444655816e+00 8.172064653997583861e+00 -5.605733380040566871e+00 6.110017968871249927e+00 -5.605733380040566871e+00 3.731337596243096044e+01
1.948348241027817451e+01 5.037910907009735872e+00 5.881175836151496306e+00 5.037910907009735872e+00 7.595782213028869023e+00 -5.627077174150519667e+00 5.881175836151496306e+00 -5.627077174150519667e+00 3.579502321677928478e+01
1.039191524887348983e+01 -6.748952963194378540e+00 1.087706317813799650e+01 -6.748952963194378540e+00 -3.849483374415205361e+01 1.552689616335349321e+01 1.087706317813799650e+01 1.552689616335349321e+01 -4.637184652074058988e+01
1.044084947805002628e+01 -6.759839664085462552e+00 1.087279424919269033e+01 -6.759839664085462552e+00 -3.856082504749868889e+01 1.538309477521338309e+01 1.087279424919269033e+01 1.538309477521338309e+01 -4.642286861036198786e+01
1.053293903695748490e+01 -6.767203100475836841e+00 1.085003284202143448e+01 -6.767203100475836841e+00 -3.856145886227659503e+01 1.522514440423708315e+01 1.085003284202143448e+01 1.522514440423708315e+01 -4.632636098962030502e+01
1.066906008131827122e+01 -6.770819573032121674e+00 1.080855525729084654e+01 -6.770819573032121674e+00 -3.849544891731883922e+01 1.505272814303564743e+01 1.080855525729084654e+01 1.505272814303564743e+01 -4.608058998868185085e+01
1.084820596413217686e+01 -6.770539948865398117e+00 1.074821236211201203e+01 -6.770539948865398117e+00 -3.836367136834781633e+01 1.486595784127576003e+01 1.074821236211201203e+01 1.486595784127576003e+01 -4.568751297671369116e+01
1.106910905584339133e+01 -6.766140528642289098e+00 1.066896687326269699e+01 -6.766140528642289098e+00 -3.816711422075263016e+01 1.466472164929073330e+01 1.066896687326269699e+01 1.466472164929073330e+01 -4.514977706249413814e+01
1.132997976178489097e+01 -6.757434896251644396e+00 1.057066965785398338e+01 -6.757434896251644396e+00 -3.790728744503356040e+01 1.444883315096941701e+01 1.057066965785398338e+01 1.444883315096941701e+01 -4.447098007696835253e+01
1.162928946984525069e+01 -6.744180710748971741e+00 1.045322750783030052e+01 -6.744180710748971741e+00 -3.758540274591308616e+01 1.421793815570063124e+01 1.045322750783030052e+01 1.421793815570063124e+01 -4.365455207658148851e+01
1.196487575313514995e+01 -6.726154272800892286e+00 1.031654721513606887e+01 -6.726154272800892286e+00 -3.720326835966935874e+01 1.397168247287319076e+01 1.031654721513606887e+01 1.397168247287319076e+01 -4.270532123861227802e+01
1.233412878609850516e+01 -6.703150524685141498e+00 1.016057285493794637e+01 -6.703150524685141498e+00 -3.676310263802503897e+01 1.370963734543145662e+01 1.016057285493794637e+01 1.370963734543145662e+01 -4.162854449739512575e+01
-9.043416498669875736e+00 -9.653100747459022912e+00 -1.605842860153811102e+01 -9.653100747459022912e+00 -4.635820760359163017e+00 -1.724556213183026188e+01 -1.605842860153811102e+01 -1.724556213183026188e+01 1.480366342060389684e+01
-8.849243522108590554e+00 -9.711047371289636132e+00 -1.620023338434592119e+01 -9.711047371289636132e+00 -4.952791881745563174e+00 -1.727759722051429137e+01 -1.620023338434592119e+01 -1.727759722051429137e+01 1.462589866019784601e+01
-8.658886409769451120e+00 -9.758418599990298148e+00 -1.632750154154555489e+01 -9.758418599990298148e+00 -5.274632772710703854e+00 -1.728424772673003318e+01 -1.632750154154555489e+01 -1.728424772673003318e+01 1.441915150248548194e+01
-8.474107727507453447e+00 -9.794978213394873734e+00 -1.643990599906081584e+01 -9.794978213394873734e+00 -5.599072085503307150e+00 -1.726633133566795308e+01 -1.643990599906081584e+01 -1.726633133566795308e+01 1.418382170467103265e+01
-8.297633092624128182e+00 -9.820617186811306354e+00 -1.653679260873934709e+01 -9.820617186811306354e+00 -5.925055914766779175e+00 -1.722448402469839834e+01 -1.653679260873934709e+01 -1.722448402469839834e+01 1.391945499720424095e+01
-8.132606050407247267e+00 -9.835299178675567688e+00 -1.661747088086475799e+01 -9.835299178675567688e+00 -6.251712062964629446e+00 -1.715928725884570127e+01 -1.661747088086475799e+01 -1.715928725884570127e+01 1.362508832863856334e+01
-7.982261000054628575e+00 -9.839151384461736427e+00 -1.668135935041271267e+01 -9.839151384461736427e+00 -6.578622602110623774e+00 -1.707117713687811289e+01 -1.668135935041271267e+01 -1.707117713687811289e+01 1.329957693970735555e+01
-7.849795999200074093e+00 -9.832264658079861164e+00 -1.672773118610281173e+01 -9.832264658079861164e+00 -6.905478628910587169e+00 -1.696055341599985411e+01 -1.672773118610281173e+01 -1.696055341599985411e+01 1.294139448472176213e+01
-7.738572642515475053e+00 -9.814857048914062077e+00 -1.675593223978268753e+01 -9.814857048914062077e+00 -7.232679900568744991e+00 -1.682763414559504156e+01 -1.675593223978268753e+01 -1.682763414559504156e+01 1.254841498218658202e+01
-7.651843499980661711e+00 -9.787128435566456730e+00 -1.676527202173594233e+01 -9.787128435566456730e+00 -7.560498978815250126e+00 -1.667252835035574066e+01 -1.676527202173594233e+01 -1.667252835035574066e+01 1.211858513373466195e+01
-3.130356432523102939e+01 -1.211292933022109430e+01 7.512158274864402685e+00 -1.211292933022109430e+01 -2.171830134525282929e+01 9.510524087346791333e+00 7.512158274864402685e+00 9.510524087346791333e+00 -2.580652626856929999e+01
-3.114036816749925762e+01 -1.216291143319199897e+01 7.591601144940767654e+00 -1.216291143319199897e+01 -2.161567592497961243e+01 9.511273725186626393e+00 7.591601144940767654e+00 9.511273725186626393e+00 -2.542732196728947969e+01
-3.093824706493412791e+01 -1.220549086249454618e+01 7.657138233088218726e+00 -1.220549086249454618e+01 -2.147688047893442587e+01 9.493900868248482894e+00 7.657138233088218726e+00 9.493900868248482894e+00 -2.495572480225016676e+01
-3.070021830984097022e+01 -1.224034902204680897e+01 7.708600870792795767e+00 -1.224034902204680897e+01 -2.130455748050267673e+01 9.458480480316346473e+00 7.708600870792795767e+00 9.458480480316346473e+00 -2.439805047225196333e+01
-3.042757502749349285e+01 -1.226707361103687610e+01 7.745670461972566478e+00 -1.226707361103687610e+01 -2.109983138644412293e+01 9.405087525174197438e+00 7.745670461972566478e+00 9.405087525174197438e+00 -2.375726004676220882e+01
-3.012153537938142378e+01 -1.228536477432881568e+01 7.767972187707615106e+00 -1.228536477432881568e+01 -2.086382665351851173e+01 9.333853189444010212e+00 7.767972187707615106e+00 9.333853189444010212e+00 -2.303661445038418520e+01
-2.978395471915836623e+01 -1.229482895205671511e+01 7.775093747186034854e+00 -1.229482895205671511e+01 -2.059826744875746130e+01 9.244871177855763733e+00 7.775093747186034854e+00 9.244871177855763733e+00 -2.224003054083101460e+01
-2.941650099101793359e+01 -1.229511006624665193e+01 7.766604098649919408e+00 -1.229511006624665193e+01 -2.030480297540860946e+01 9.138291417977422171e+00 7.766604098649919408e+00 9.138291417977422171e+00 -2.137161258527579122e+01
-2.902101080766772867e+01 -1.228592700270868932e+01 7.741997236557381257e+00 -1.228592700270868932e+01 -1.998525110523354442e+01 9.014207614538968016e+00 7.741997236557381257e+00 9.014207614538968016e+00 -2.043548359183759899e+01
-2.859954567316728813e+01 -1.226692368346890838e+01 7.700804637258524821e+00 -1.226692368346890838e+01 -1.964174830607579736e+01 8.872750954162370363e+00 7.700804637258524821e+00 8.872750954162370363e+00 -1.943616012850143449e+01
1.833996755770752429e+01 -3.954161193846131628e+00 -2.098636367153003057e+00 -3.954161193846131628e+00 2.191995671501758025e+01 1.355760839427694187e+01 -2.098636367153003057e+00 1.355760839427694187e+01 2.816185483468353734e+00
1.821639724707879893e+01 -3.965875701891945049e+00 -2.112658278298750414e+00 -3.965875701891945049e+00 2.194265801166999807e+01 1.362507331106806241e+01 -2.112658278298750414e+00 1.362507331106806241e+01 2.680119697590760186e+00
1.809806296656145719e+01 -3.971732955914852869e+00 -2.128703604470592925e+00 -3.971732955914852869e+00 2.196530606055857149e+01 1.366137053675547186e+01 -2.128703604470592925e+00 1.366137053675547186e+01 2.536155493409549155e+00
1.798578118186779307e+01 -3.971768454424081884e+00 -2.146825593432375001e+00 -3.971768454424081884e+00 2.198761687360946482e+01 1.366616283550148658e+01 -2.146825593432375001e+00 1.366616283550148658e+01 2.384523611234714568e+00
1.787953414374317873e+01 -3.965928949655790348e+00 -2.167059743693326990e+00 -3.965928949655790348e+00 2.200827700598117076e+01 1.363898872668612050e+01 -2.167059743693326990e+00 1.363898872668612050e+01 2.224372086844742302e+00
1.777900236560455483e+01 -3.954178943100745691e+00 -2.189494801526522760e+00 -3.954178943100745691e+00 2.202586651730450740e+01 1.357942222819861655e+01 -2.189494801526522760e+00 1.357942222819861655e+01 2.054582717198895292e+00
1.768360012204962928e+01 -3.936571682522794990e+00 -2.214290510223496433e+00 -3.936571682522794990e+00 2.203871697764567728e+01 1.348707285643744846e+01 -2.214290510223496433e+00 1.348707285643744846e+01 1.873522570872606430e+00
1.759238670258380921e+01 -3.913107167921936913e+00 -2.241624362330395748e+00 -3.913107167921936913e+00 2.204496471527010826e+01 1.336144363227339760e+01 -2.241624362330395748e+00 1.336144363227339760e+01 1.679150483585164721e+00
1.750427940267559990e+01 -3.883820897807400918e+00 -2.271762596666445422e+00 -3.883820897807400918e+00 2.204279930620709393e+01 1.320212632285032406e+01 -2.271762596666445422e+00 1.320212632285032406e+01 1.469336544782785969e+00
1.741814227002963378e+01 -3.848801618452262652e+00 -2.304989201305482016e+00 -3.848801618452262652e+00 2.203035707872206928e+01 1.300855295202055117e+01 -2.304989201305482016e+00 1.300855295202055117e+01 1.241613608074003450e+00
4.559441521632648886e+01 -1.332787981516959874e+00 -4.672783907355354316e+00 -1.332787981516959874e+00 5.521834723224218067e+01 5.621295496638315292e+00 -4.672783907355354316e+00 5.621295496638315292e+00 6.484045787168084019e+01
4.552382411118387751e+01 -1.324600298475340665e+00 -4.448175845537963191e+00 -1.324600298475340665e+00 5.501338280084065246e+01 5.829085614910758828e+00 -4.448175845537963191e+00 5.829085614910758828e+00 6.454612683743420121e+01
4.536010449477162609e+01 -1.314880616527805079e+00 -4.232044844333308298e+00 -1.314880616527805079e+00 5.469809742600308056e+01 6.001724869397457418e+00 -4.232044844333308298e+00 6.001724869397457418e+00 6.398980696806579260e+01
4.510434578853393361e+01 -1.303714046724682163e+00 -4.025122858774216716e+00 -1.303714046724682163e+00 5.427473803945814979e+01 6.138974949157489647e+00 -4.025122858774216716e+00 6.138974949157489647e+00 6.317473248348814963e+01
