-2.212575772726586010e+00 -1.808295212146902902e-05 0.000000000000000000e+00 -1.808295212146902902e-05 -1.616145762904172889e+00 -2.802043845982233439e+00 0.000000000000000000e+00 -2.802043845982233439e+00 -1.520957102936760230e-01
-2.116048974302184416e+00 -6.509862763728850067e-03 -1.770321012691818130e-02 -6.509862763728850067e-03 -1.701406882156899503e+00 -2.974681789885897931e+00 -1.770321012691818130e-02 -2.974681789885897931e+00 -1.417884275844386588e-01
-2.007768256998827550e+00 -1.385154132504527735e-02 -3.663606099809625649e-02 -1.385154132504527735e-02 -1.771568736388199339e+00 -3.147012323603498363e+00 -3.663606099809625649e-02 -3.147012323603498363e+00 -1.075754821706192549e-01
-1.888221860523796147e+00 -2.193462092334193259e-02 -5.672622080504834824e-02 -2.193462092334193259e-02 -1.825889924561092226e+00 -3.319306691416854971e+00 -5.672622080504834824e-02 -3.319306691416854971e+00 -5.095775907829972612e-02
-1.758910669903171131e+00 -3.065060384589000583e-02 -7.786519183504564401e-02 -3.065060384589000583e-02 -1.864894852287101168e+00 -3.491510644469604685e+00 -7.786519183504564401e-02 -3.491510644469604685e+00 2.631069533673743854e-02
-1.622022722343650303e+00 -3.983674352359627135e-02 -9.990831047111638219e-02 -3.983674352359627135e-02 -1.889559998980784750e+00 -3.663895427043568631e+00 -9.990831047111638219e-02 -3.663895427043568631e+00 1.214089405435430646e-01
-1.479601391434960389e+00 -4.938454224373192009e-02 -1.227289960484102965e-01 -4.938454224373192009e-02 -1.901006507673674406e+00 -3.836714200468448244e+00 -1.227289960484102965e-01 -3.836714200468448244e+00 2.314798701069250564e-01
-1.334160207521984942e+00 -5.913125343720372629e-02 -1.462006679020771138e-01 -5.913125343720372629e-02 -1.900952258817310225e+00 -4.010455204451522704e+00 -1.462006679020771138e-01 -4.010455204451522704e+00 3.526537322728889867e-01
-1.188176535045365689e+00 -6.885988167855407183e-02 -1.702509942236309082e-01 -6.885988167855407183e-02 -1.890970469246259222e+00 -4.185660927556436484e+00 -1.702509942236309082e-01 -4.185660927556436484e+00 4.811150241438050257e-01
-1.044236236158472053e+00 -7.838959744656824602e-02 -1.947714773003429156e-01 -7.838959744656824602e-02 -1.873158761406612527e+00 -4.363054687868046955e+00 -1.947714773003429156e-01 -4.363054687868046955e+00 6.127046667317351814e-01
-1.214445787039201008e+01 9.847610131098047503e+00 -5.569462025522290638e+00 9.847610131098047503e+00 2.260746662726779732e+01 -1.933885226246750122e+01 -5.569462025522290638e+00 -1.933885226246750122e+01 3.459921321171107422e+01
-1.211790482055504015e+01 9.738344420302874838e+00 -5.544801795646799647e+00 9.738344420302874838e+00 2.253618231324682597e+01 -1.935178057994024670e+01 -5.544801795646799647e+00 -1.935178057994024670e+01 3.454721423314668272e+01
-1.210615505136020076e+01 9.620436022136422238e+00 -5.506034700020664197e+00 9.620436022136422238e+00 2.238947090944013851e+01 -1.932517395972700669e+01 -5.506034700020664197e+00 -1.932517395972700669e+01 3.436407497347757101e+01
-1.210985140732271148e+01 9.495117055252862315e+00 -5.453589301654032440e+00 9.495117055252862315e+00 2.216849310733354272e+01 -1.925942525125375226e+01 -5.453589301654032440e+00 -1.925942525125375226e+01 3.405072398589239668e+01
-1.212956530578943415e+01 9.363708922266805956e+00 -5.387840593180782456e+00 9.363708922266805956e+00 2.187505244292807660e+01 -1.915521301261988896e+01 -5.387840593180782456e+00 -1.915521301261988896e+01 3.360926837185771632e+01
-1.216635029749364172e+01 9.227550882584965919e+00 -5.309234994403147390e+00 9.227550882584965919e+00 2.151134530165073500e+01 -1.901357293776659674e+01 -5.309234994403147390e+00 -1.901357293776659674e+01 3.304251164773155125e+01
-1.222159921221831169e+01 9.088142906742849192e+00 -5.218218925123364826e+00 9.088142906742849192e+00 2.107999663193866269e+01 -1.883584428610058126e+01 -5.218218925123364826e+00 -1.883584428610058126e+01 3.235365017929792941e+01
-1.229681202049895639e+01 8.946949251691791005e+00 -5.115220948351580255e+00 8.946949251691791005e+00 2.058420279957586629e+01 -1.862361631211780377e+01 -5.115220948351580255e+00 -1.862361631211780377e+01 3.154646960647979981e+01
-1.239388154229705385e+01 8.805434174383124812e+00 -5.000723197474207460e+00 8.805434174383124812e+00 2.002733873826724675e+01 -1.837874612219556170e+01 -5.000723197474207460e+00 -1.837874612219556170e+01 3.062514841862608250e+01
-1.251461131361363499e+01 8.665079788560269947e+00 -4.875207805877662004e+00 8.665079788560269947e+00 1.941327937189621267e+01 -1.810326939063205387e+01 -4.875207805877662004e+00 -1.810326939063205387e+01 2.959441866564047885e+01
-1.423541151390734782e+01 -1.661387247581572080e+00 1.265596052756693091e+01 -1.661387247581572080e+00 -4.018879736402379876e+01 -5.302406387116292308e+00 1.265596052756693091e+01 -5.302406387116292308e+00 -3.806237865025961753e+01
-1.420747357698552449e+01 -1.766192062028895560e+00 1.270366906097980220e+01 -1.766192062028895560e+00 -4.014137046303957845e+01 -5.385056117176684864e+00 1.270366906097980220e+01 -5.385056117176684864e+00 -3.796694280793863641e+01
-1.413180833115558599e+01 -1.868818919028012671e+00 1.273406658777848044e+01 -1.868818919028012671e+00 -4.003266034558167519e+01 -5.464682992502931214e+00 1.273406658777848044e+01 -5.464682992502931214e+00 -3.772836258988379399e+01
-1.400830312344607620e+01 -1.968779655702600717e+00 1.274692780202004450e+01 -1.968779655702600717e+00 -3.986249803219291010e+01 -5.541136809133081265e+00 1.274692780202004450e+01 -5.541136809133081265e+00 -3.734797105625735014e+01
-1.383785917762866191e+01 -2.065604884671581321e+00 1.274185841830439259e+01 -2.065604884671581321e+00 -3.963161576718776047e+01 -5.614135934638490255e+00 1.274185841830439259e+01 -5.614135934638490255e+00 -3.682758943009790187e+01
-1.362182832936085397e+01 -2.158768892068145373e+00 1.271840782474568243e+01 -2.158768892068145373e+00 -3.934119640676654228e+01 -5.683342410104781806e+00 1.271840782474568243e+01 -5.683342410104781806e+00 -3.617009036217766038e+01
-1.336158118979540177e+01 -2.247708413034998021e+00 1.267601275648662629e+01 -2.247708413034998021e+00 -3.899236648064386657e+01 -5.748399501122333888e+00 1.267601275648662629e+01 -5.748399501122333888e+00 -3.537887221713561559e+01
-1.305895775746613552e+01 -2.331841407219601869e+00 1.261403484668895203e+01 -2.331841407219601869e+00 -3.858674068141061042e+01 -5.808988024272013106e+00 1.261403484668895203e+01 -5.808988024272013106e+00 -3.445772764501090535e+01
-1.271589190838309946e+01 -2.410379303821743591e+00 1.253179817752390868e+01 -2.410379303821743591e+00 -3.812606513012442377e+01 -5.864713694153715906e+00 1.253179817752390868e+01 -5.864713694153715906e+00 -3.341123786664284978e+01
-1.233450527350877479e+01 -2.482740062488885346e+00 1.242860805566749605e+01 -2.482740062488885346e+00 -3.761199207036667502e+01 -5.915276102843546546e+00 1.242860805566749605e+01 -5.915276102843546546e+00 -3.224396532737554111e+01
1.964309829319840262e+01 9.987969217668320354e+00 2.252285055765309796e+00 9.987969217668320354e+00 1.591149220737685965e+01 2.031983839155945759e+01 2.252285055765309796e+00 2.031983839155945759e+01 6.215278758372342338e+00
1.958023104871444176e+01 9.766347558512000759e+00 2.308683017972236406e+00 9.766347558512000759e+00 1.586346000197749895e+01 2.020236331503290117e+01 2.308683017972236406e+00 2.020236331503290117e+01 6.053032703676488602e+00
1.951119583099100296e+01 9.536803244073940533e+00 2.353719857057026132e+00 9.536803244073940533e+00 1.581209567310393638e+01 2.003458735329475715e+01 2.353719857057026132e+00 2.003458735329475715e+01 5.869712740412427188e+00
1.943675477465250623e+01 9.301002336091240608e+00 2.388884394146448820e+00 9.301002336091240608e+00 1.575798411477026306e+01 1.981704222817602101e+01 2.388884394146448820e+00 1.981704222817602101e+01 5.665318868580158096e+00
1.935689015563792381e+01 9.060894481277525614e+00 2.415630002245208185e+00 9.060894481277525614e+00 1.570084174199995175e+01 1.955047235024007435e+01 2.415630002245208185e+00 1.955047235024007435e+01 5.440542326559968167e+00
1.927112342429935410e+01 8.818447050407460353e+00 2.435516398724206333e+00 8.818447050407460353e+00 1.564008366077891488e+01 1.923578164659960166e+01 2.435516398724206333e+00 1.923578164659960166e+01 5.195010909070163940e+00
1.917883423850065583e+01 8.575698310499832999e+00 2.450227369381575482e+00 8.575698310499832999e+00 1.557485911617756358e+01 1.887399811279451356e+01 2.450227369381575482e+00 1.887399811279451356e+01 4.928015653669427287e+00
1.907911867112913740e+01 8.334615632329304802e+00 2.461482148137514425e+00 8.334615632329304802e+00 1.550426418108322402e+01 1.846611429624266165e+01 2.461482148137514425e+00 1.846611429624266165e+01 4.638404496390614362e+00
1.897096645070592302e+01 8.097130938548472656e+00 2.470964520790156715e+00 8.097130938548472656e+00 1.542718223965081847e+01 1.801317591654498074e+01 2.470964520790156715e+00 1.801317591654498074e+01 4.324794960473153260e+00
1.885320778920283402e+01 7.865158427748895065e+00 2.480340549076600620e+00 7.865158427748895065e+00 1.534244350385216293e+01 1.751605145269209629e+01 2.480340549076600620e+00 1.751605145269209629e+01 3.985326019508581563e+00
-1.916359570461969497e+01 -1.278407212438302354e+00 1.746202583714895695e+01 -1.278407212438302354e+00 1.608924605673057329e+01 -1.671342921267303439e+01 1.746202583714895695e+01 -1.671342921267303439e+01 -2.939838642897647958e+01
-1.890362426831894993e+01 -1.290664337618552260e+00 1.766054748962192988e+01 -1.290664337618552260e+00 1.614996624977380435e+01 -1.665644817240056241e+01 1.766054748962192988e+01 -1.665644817240056241e+01 -2.896953296582463366e+01
-1.858519437040703792e+01 -1.300477333670597702e+00 1.783404417818523058e+01 -1.300477333670597702e+00 1.624368218604779912e+01 -1.657351193996812810e+01 1.783404417818523058e+01 -1.657351193996812810e+01 -2.842567775525988338e+01
-1.820894440282043547e+01 -1.307554364280622883e+00 1.798229702560349352e+01 -1.307554364280622883e+00 1.637052154393985148e+01 -1.646472995399340888e+01 1.798229702560349352e+01 -1.646472995399340888e+01 -2.776950204341540385e+01
-1.777677130159894503e+01 -1.311658312443652941e+00 1.810461292063140348e+01 -1.311658312443652941e+00 1.652942641681237745e+01 -1.633015693378524702e+01 1.810461292063140348e+01 -1.633015693378524702e+01 -2.700476322283156350e+01
-1.729097327771386006e+01 -1.312588540693939709e+00 1.820028051225403942e+01 -1.312588540693939709e+00 1.671919297987088981e+01 -1.616999351680939156e+01 1.820028051225403942e+01 -1.616999351680939156e+01 -2.613532812466642241e+01
-1.675419509775913340e+01 -1.310089692256894756e+00 1.826864316876531191e+01 -1.310089692256894756e+00 1.693836205154631358e+01 -1.598456801891888368e+01 1.826864316876531191e+01 -1.598456801891888368e+01 -2.516646804233826984e+01
-1.616922744648562826e+01 -1.303942889897156343e+00 1.830895305961107766e+01 -1.303942889897156343e+00 1.718520085372536244e+01 -1.577422699573638276e+01 1.830895305961107766e+01 -1.577422699573638276e+01 -2.410341778972617632e+01
-1.553915284495801608e+01 -1.294020455227430366e+00 1.832051707354601433e+01 -1.294020455227430366e+00 1.745783069013785749e+01 -1.553938996196299094e+01 1.832051707354601433e+01 -1.553938996196299094e+01 -2.295217825103296505e+01
-1.486725445170672444e+01 -1.280158230321195134e+00 1.830266033909443024e+01 -1.280158230321195134e+00 1.775420870658708594e+01 -1.528058587091750553e+01 1.830266033909443024e+01 -1.528058587091750553e+01 -2.171895094792722247e+01
2.235412409896457220e+01 -1.194371508833858719e+01 -5.532947592281351135e+00 -1.194371508833858719e+01 4.382458381494609512e+01 1.504988184411226726e+00 -5.532947592281351135e+00 1.504988184411226726e+00 2.521859728752535901e+01
2.229674035817757272e+01 -1.193510491807803398e+01 -5.472189360523551649e+00 -1.193510491807803398e+01 4.366998342448994919e+01 1.382010601093834889e+00 -5.472189360523551649e+00 1.382010601093834889e+00 2.493427033181021102e+01
2.221883136303208772e+01 -1.191308375535104247e+01 -5.400820615919412759e+00 -1.191308375535104247e+01 4.347421076533333917e+01 1.242630208573005879e+00 -5.400820615919412759e+00 1.242630208573005879e+00 2.455797979999902125e+01
2.212032753639469007e+01 -1.187798209154135520e+01 -5.319189244136029338e+00 -1.187798209154135520e+01 4.323853562016115148e+01 1.087299258215961073e+00 -5.319189244136029338e+00 1.087299258215961073e+00 2.409149990899395277e+01
2.200068965548139133e+01 -1.183030436086625414e+01 -5.227625736557139469e+00 -1.183030436086625414e+01 4.296398425169132196e+01 9.166091556567578236e-01 -5.227625736557139469e+00 9.166091556567578236e-01 2.353650050999706167e+01
2.185897842899104049e+01 -1.177078112322663195e+01 -5.126391007433062974e+00 -1.177078112322663195e+01 4.265133940267480028e+01 7.312208836628735220e-01 -5.126391007433062974e+00 7.312208836628735220e-01 2.289426877997658849e+01
2.169404583422222643e+01 -1.170024730422351844e+01 -5.015728576730765553e+00 -1.170024730422351844e+01 4.230134902729583501e+01 5.318823964185581676e-01 -5.015728576730765553e+00 5.318823964185581676e-01 2.216603971305071497e+01
2.150446553993986853e+01 -1.161972916657483346e+01 -4.895742810150373714e+00 -1.161972916657483346e+01 4.191462192547185595e+01 3.192546766912884304e-01 -4.895742810150373714e+00 3.192546766912884304e-01 2.135276999480394977e+01
2.128868945492540732e+01 -1.153023557871514626e+01 -4.766503284825307496e+00 -1.153023557871514626e+01 4.149178429140361146e+01 9.406828438195967423e-02 -4.766503284825307496e+00 9.406828438195967423e-02 2.045541631082079093e+01
2.104513469939356796e+01 -1.143294935191257622e+01 -4.628096972172338397e+00 -1.143294935191257622e+01 4.103335795359175364e+01 -1.429636148918873029e-01 -4.628096972172338397e+00 -1.429636148918873029e-01 1.947474400956884821e+01
2.665893032324510514e+01 9.757815328059409765e+00 8.987953093415390171e+00 9.757815328059409765e+00 1.296757047964298337e+01 -1.032289545014447363e+01 8.987953093415390171e+00 -1.032289545014447363e+01 -6.789654459489599780e+00
2.662224233842556842e+01 9.792321193859217843e+00 9.249470300487345753e+00 9.792321193859217843e+00 1.327657982180289942e+01 -1.033080784919162731e+01 9.249470300487345753e+00 -1.033080784919162731e+01 -6.438386519728069857e+00
2.660070500110887437e+01 9.819021105442100605e+00 9.492235476633647195e+00 9.819021105442100605e+00 1.360961021398489201e+01 -1.032951277042382010e+01 9.492235476633647195e+00 -1.032951277042382010e+01 -6.045232539270733341e+00
2.659543598201245374e+01 9.837577987512331035e+00 9.716284103464372990e+00 9.837577987512331035e+00 1.396591654237734481e+01 -1.031888602820577994e+01 9.716284103464372990e+00 -1.031888602820577994e+01 -5.612764934848167186e+00
2.660599176101033692e+01 9.847672505579216917e+00 9.921154920048520509e+00 9.847672505579216917e+00 1.434246512931868089e+01 -1.029878569609720351e+01 9.921154920048520509e+00 -1.029878569609720351e+01 -5.144602830688217665e+00
2.663191107717153017e+01 9.849038547567177559e+00 1.010665277753067137e+01 9.849038547567177559e+00 1.473648840922290049e+01 -1.026889243960739684e+01 1.010665277753067137e+01 -1.026889243960739684e+01 -4.644152461358268980e+00
2.667248429829448853e+01 9.841445483010716089e+00 1.027258252705539832e+01 9.841445483010716089e+00 1.514484625959820008e+01 -1.022892240585574442e+01 1.027258252705539832e+01 -1.022892240585574442e+01 -4.115529693627243191e+00
2.672661149446683382e+01 9.824680422249370437e+00 1.041885546459750955e+01 9.824680422249370437e+00 1.556425663151245686e+01 -1.017848529713140060e+01 1.041885546459750955e+01 -1.017848529713140060e+01 -3.562903616679180097e+00
2.679310403175098543e+01 9.798601438842831968e+00 1.054548933096204522e+01 9.798601438842831968e+00 1.599156166166883075e+01 -1.011717307491847784e+01 1.054548933096204522e+01 -1.011717307491847784e+01 -2.990851358214002165e+00
2.687064909057410134e+01 9.763102087960872311e+00 1.065251960775908024e+01 9.763102087960872311e+00 1.642353252355032112e+01 -1.004438255184567197e+01 1.065251960775908024e+01 -1.004438255184567197e+01 -2.403737156271170683e+00
-4.262522641669885104e+01 3.970292622673844196e+00 -1.360242002603375155e+01 3.970292622673844196e+00 -3.497726106990638328e+01 1.663063749623667675e+01 -1.360242002603375155e+01 1.663063749623667675e+01 -5.405915162399647045e+01
-4.266646955830176324e+01 3.959322482136276911e+00 -1.355666651305999615e+01 3.959322482136276911e+00 -3.490150212027064214e+01 1.662473196761976268e+01 -1.355666651305999615e+01 1.662473196761976268e+01 -5.401735424184374779e+01
-4.263451472384390684e+01 3.947473201416256128e+00 -1.349787879129421775e+01 3.947473201416256128e+00 -3.476171883126058759e+01 1.659801375077042707e+01 -1.349787879129421775e+01 1.659801375077042707e+01 -5.379007739293651724e+01
-4.252829165571185399e+01 3.934687445284492213e+00 -1.342578929633305940e+01 3.934687445284492213e+00 -3.455747163278501688e+01 1.654992860513885944e+01 -1.342578929633305940e+01 1.654992860513885944e+01 -5.337797087654006134e+01
-4.234860304711566670e+01 3.920754984566919177e+00 -1.334001579331458842e+01 3.920754984566919177e+00 -3.428977344722803622e+01 1.647982673145977017e+01 -1.334001579331458842e+01 1.647982673145977017e+01 -5.278304142567954926e+01
-4.209667204961355225e+01 3.905637595777344817e+00 -1.324019515911996514e+01 3.905637595777344817e+00 -3.396032521972527007e+01 1.638709655395405917e+01 -1.324019515911996514e+01 1.638709655395405917e+01 -5.200880560108478790e+01
-4.177400849091015544e+01 3.889220608457187645e+00 -1.312584960017176705e+01 3.889220608457187645e+00 -3.357099990110020826e+01 1.627085893243927828e+01 -1.312584960017176705e+01 1.627085893243927828e+01 -5.105937242752159477e+01
-4.138261910403063837e+01 3.871484910863350670e+00 -1.299646309940638034e+01 3.871484910863350670e+00 -3.312426290621233704e+01 1.613034939719155147e+01 -1.299646309940638034e+01 1.613034939719155147e+01 -4.994024608700184586e+01
-4.092395638145036685e+01 3.852506949968220518e+00 -1.285188276287903264e+01 3.852506949968220518e+00 -3.262179606845417368e+01 1.596499459591797354e+01 -1.285188276287903264e+01 1.596499459591797354e+01 -4.865832591878350399e+01
-4.040272181197114065e+01 3.832133831827023940e+00 -1.269109566820559287e+01 3.832133831827023940e+00 -3.206872133497567035e+01 1.577364782403273935e+01 -1.269109566820559287e+01 1.577364782403273935e+01 -4.721961301019894108e+01
-3.717045630317798555e+01 7.539715526708530291e+00 3.912669509520035227e+00 7.539715526708530291e+00 -4.554272534916146498e+01 -1.674576641500884833e+01 3.912669509520035227e+00 -1.674576641500884833e+01 -5.785929322299333677e+01
-3.700754995974899941e+01 7.616217021160452738e+00 3.964451002754177278e+00 7.616217021160452738e+00 -4.527568024283832671e+01 -1.663704063325517524e+01 3.964451002754177278e+00 -1.663704063325517524e+01 -5.722200468228181336e+01
-3.677048361266667342e+01 7.689187086866978937e+00 4.016040570513024655e+00 7.689187086866978937e+00 -4.493293972905949119e+01 -1.651528311172908658e+01 4.016040570513024655e+00 -1.651528311172908658e+01 -5.637749420589608462e+01
-3.646077347318581729e+01 7.758222680329991405e+00 4.067246287321287568e+00 7.758222680329991405e+00 -4.451642306257789272e+01 -1.637997565164728186e+01 4.067246287321287568e+00 -1.637997565164728186e+01 -5.533253676311399971e+01
-3.607907208792244091e+01 7.823285416454431207e+00 4.117588339490728444e+00 7.823285416454431207e+00 -4.402720502605518504e+01 -1.623107986791471546e+01 4.117588339490728444e+00 -1.623107986791471546e+01 -5.409312042876469917e+01
-3.562879573033674774e+01 7.883588400791598616e+00 4.166625298428175306e+00 7.883588400791598616e+00 -4.346927766937745474e+01 -1.606815433193820297e+01 4.166625298428175306e+00 -1.606815433193820297e+01 -5.266477265653664830e+01
-3.511113433837555675e+01 7.938766974938431531e+00 4.213570269684924874e+00 7.938766974938431531e+00 -4.284432993672729850e+01 -1.589146773938315960e+01 4.213570269684924874e+00 -1.589146773938315960e+01 -5.105517046544156301e+01
-3.453222952724827621e+01 7.988475673039404867e+00 4.257789899192509608e+00 7.988475673039404867e+00 -4.215930953031033113e+01 -1.570067462439405404e+01 4.257789899192509608e+00 -1.570067462439405404e+01 -4.928091540909233004e+01
-3.389557434060522212e+01 8.032138718668639044e+00 4.298458907407167295e+00 8.032138718668639044e+00 -4.141826607765523960e+01 -1.549608206773135954e+01 4.298458907407167295e+00 -1.549608206773135954e+01 -4.735352301600654812e+01
-3.320518002088004295e+01 8.069007602472488827e+00 4.334809592427724567e+00 8.069007602472488827e+00 -4.062595933054929986e+01 -1.527795876506048600e+01 4.334809592427724567e+00 -1.527795876506048600e+01 -4.528523813150793131e+01
-1.957098420356898671e+01 -3.066098600683460074e-01 9.351399496496203056e+00 -3.066098600683460074e-01 6.935566258350293722e+00 -2.107392134223574587e+01 9.351399496496203056e+00 -2.107392134223574587e+01 -2.177133071488046667e+01
-1.952826737640552679e+01 -2.696008059562777226e-01 9.297669594406659854e+00 -2.696008059562777226e-01 7.082651179290001764e+00 -2.107399451881332908e+01 9.297669594406659854e+00 -2.107399451881332908e+01 -2.151700551949441831e+01
-1.943418059177954049e+01 -2.303232779391692353e-01 9.227200550195247430e+00 -2.303232779391692353e-01 7.256683374924260299e+00 -2.104379088641637807e+01 9.227200550195247430e+00 -2.104379088641637807e+01 -2.116947165841336798e+01
-1.928892508527938432e+01 -1.889785116053707692e-01 9.140028952150757391e+00 -1.889785116053707692e-01 7.456583490733736497e+00 -2.098287138557941489e+01 9.140028952150757391e+00 -2.098287138557941489e+01 -2.073019266318895859e+01
-1.909352532899119481e+01 -1.459323898427921096e-01 9.036392624150328956e+00 -1.459323898427921096e-01 7.680723347867230544e+00 -2.089090672170330265e+01 9.036392624150328956e+00 -2.089090672170330265e+01 -2.020227853836841803e+01
-1.884937167788903878e+01 -1.015325013949475164e-01 8.916565978359894729e+00 -1.015325013949475164e-01 7.927236943596406071e+00 -2.076754930604453975e+01 8.916565978359894729e+00 -2.076754930604453975e+01 -1.958931493625326326e+01
-1.855807401667971490e+01 -5.623619987172408241e-02 8.780805132800992396e+00 -5.623619987172408241e-02 8.194002157171382805e+00 -2.061241496157082054e+01 8.780805132800992396e+00 -2.061241496157082054e+01 -1.889565586320961899e+01
-1.822149834809156488e+01 -1.046425059421801466e-02 8.629457676217137774e+00 -1.046425059421801466e-02 8.478860279553495971e+00 -2.042511951124983227e+01 8.629457676217137774e+00 -2.042511951124983227e+01 -1.812560044317042696e+01
-1.784189485188522539e+01 3.534428697207902398e-02 8.462761432485468305e+00 3.534428697207902398e-02 8.779396483682539554e+00 -2.020527877804927996e+01 8.462761432485468305e+00 -2.020527877804927996e+01 -1.728421615413323309e+01
-1.742149541367695775e+01 8.071376507288439972e-02 8.281027402060709974e+00 8.071376507288439972e-02 9.093342295653476626e+00 -1.995243540835926410e+01 8.281027402060709974e+00 -1.995243540835926410e+01 -1.637631435607405095e+01
2.363824397732331661e+01 2.132344680108245516e+00 4.310720138025128656e-01 2.132344680108245516e+00 3.315957707328190285e+00 -1.038315721854409013e+01 4.310720138025128656e-01 -1.038315721854409013e+01 1.207056733400397874e+01
2.337421570121323100e+01 2.195810281480695902e+00 5.431631781419253846e-01 2.195810281480695902e+00 3.313771689694807066e+00 -1.046361333095324220e+01 5.431631781419253846e-01 -1.046361333095324220e+01 1.172101778267568228e+01
2.309237937901656323e+01 2.256059060156866192e+00 6.513266197416818226e-01 2.256059060156866192e+00 3.314304864727339428e+00 -1.053498769530825818e+01 6.513266197416818226e-01 -1.053498769530825818e+01 1.134157488452339813e+01
2.279572079091548886e+01 2.312788883618322799e+00 7.553668410898538577e-01 2.312788883618322799e+00 3.318197042464826829e+00 -1.059719144910371469e+01 7.553668410898538577e-01 -1.059719144910371469e+01 1.093479787970328232e+01
2.248567950949784944e+01 2.365555439337954091e+00 8.550527996723438218e-01 2.365555439337954091e+00 3.324133057827021620e+00 -1.064997577732443013e+01 8.550527996723438218e-01 -1.064997577732443013e+01 1.050198416079449615e+01
2.216335742983087798e+01 2.413967732291903534e+00 9.501179079728855337e-01 2.413967732291903534e+00 3.330211253197891796e+00 -1.069305631995305461e+01 9.501179079728855337e-01 -1.069305631995305461e+01 1.004350695031981466e+01
2.182974981197530440e+01 2.457634767456313707e+00 1.040402213481719462e+00 2.457634767456313707e+00 3.334494425959236175e+00 -1.072613094447115323e+01 1.040402213481719462e+00 -1.072613094447115323e+01 9.559632835795500938e+00
2.148551423847124653e+01 2.496236639811665547e+00 1.125923488699929864e+00 2.496236639811665547e+00 3.334529970961405354e+00 -1.074882642835595092e+01 1.125923488699929864e+00 -1.074882642835595092e+01 9.049739779683601881e+00
2.113116611185015969e+01 2.529435671837354960e+00 1.206699506128600996e+00 2.529435671837354960e+00 3.327954145560171106e+00 -1.076076954908467975e+01 1.206699506128600996e+00 -1.076076954908467975e+01 8.513010246934236136e+00
2.076684761212071351e+01 2.557018593520368643e+00 1.282890218277493055e+00 2.557018593520368643e+00 3.312012212087450003e+00 -1.076149822162913949e+01 1.282890218277493055e+00 -1.076149822162913949e+01 7.947951347456309712e+00
-2.809090601391205055e+01 4.224788584876666420e+00 1.031503607653263543e+01 4.224788584876666420e+00 -3.710614090394690123e+01 -2.167198467930572914e+00 1.031503607653263543e+01 -2.167198467930572914e+00 -4.193580730365462017e+01
-2.799774175076280258e+01 4.228266414947565721e+00 1.034924733973006639e+01 4.228266414947565721e+00 -3.708051080842440683e+01 -2.146841821265581984e+00 1.034924733973006639e+01 -2.146841821265581984e+00 -4.177015674527767430e+01
-2.785008518275267164e+01 4.229022464962978844e+00 1.036754375010305829e+01 4.229022464962978844e+00 -3.699080547409567288e+01 -2.130095313424186898e+00 1.036754375010305829e+01 -2.130095313424186898e+00 -4.144749349994984300e+01
-2.764765279112588203e+01 4.226829919918282386e+00 1.036967959139659889e+01 4.226829919918282386e+00 -3.683632555469643677e+01 -2.116996746907159554e+00 1.036967959139659889e+01 -2.116996746907159554e+00 -4.096893274144388641e+01
-2.739167315715747009e+01 4.221613174811932545e+00 1.035542804860606658e+01 4.221613174811932545e+00 -3.661814842149867388e+01 -2.107470516712957043e+00 1.035542804860606658e+01 -2.107470516712957043e+00 -4.033727185481683364e+01
-2.708363947962788743e+01 4.213202118390465323e+00 1.032454340547645266e+01 4.213202118390465323e+00 -3.633765386578050283e+01 -2.101422116589654276e+00 1.032454340547645266e+01 -2.101422116589654276e+00 -3.955570515138379051e+01
-2.672536627857411773e+01 4.201483343151565464e+00 1.027676104450235961e+01 4.201483343151565464e+00 -3.599648629632545038e+01 -2.098719237784553382e+00 1.027676104450235961e+01 -2.098719237784553382e+00 -3.862833420247838490e+01
-2.631897049403932343e+01 4.186381244093693610e+00 1.021191085443032165e+01 4.186381244093693610e+00 -3.559674375192629014e+01 -2.099153966543415795e+00 1.021191085443032165e+01 -2.099153966543415795e+00 -3.756014893820232459e+01
-2.586679588107127969e+01 4.167820216215307738e+00 1.012980382275648417e+01 4.167820216215307738e+00 -3.514080779013156075e+01 -2.102537290362388234e+00 1.012980382275648417e+01 -2.102537290362388234e+00 -3.635666852366813373e+01
-2.537154531847508210e+01 4.145667950763710863e+00 1.003032654197853901e+01 4.145667950763710863e+00 -3.463143799349752783e+01 -2.108510085484149865e+00 1.003032654197853901e+01 -2.108510085484149865e+00 -3.502396026024950260e+01
1.299136760359903242e+01 8.437737327232609275e+00 -1.418368104339984903e+01 8.437737327232609275e+00 2.271836100011016413e+01 1.218249814200448355e+01 -1.418368104339984903e+01 1.218249814200448355e+01 4.500478911971543283e+01
1.307798633548903666e+01 8.306868294949662612e+00 -1.434427305170190436e+01 8.306868294949662612e+00 2.287485510698473590e+01 1.216364427792609071e+01 -1.434427305170190436e+01 1.216364427792609071e+01 4.526965776992121704e+01
1.310018183592460694e+01 8.167223070339179714e+00 -1.446465989835918009e+01 8.167223070339179714e+00 2.295661967237694157e+01 1.210064563881340050e+01 -1.446465989835918009e+01 1.210064563881340050e+01 4.534667369417427807e+01
1.305716266471588582e+01 8.020138307944032263e+00 -1.454457776997505114e+01 8.020138307944032263e+00 2.296245874222211469e+01 1.199293942275362923e+01 -1.454457776997505114e+01 1.199293942275362923e+01 4.523346257190505071e+01
1.294815496923279241e+01 7.867214475703709908e+00 -1.458397390387020209e+01 7.867214475703709908e+00 2.289152811365107354e+01 1.184022664123060231e+01 -1.458397390387020209e+01 1.184022664123060231e+01 4.492918020024434611e+01
1.277247283464411254e+01 7.710175154476129222e+00 -1.458290106272395015e+01 7.710175154476129222e+00 2.274308910915328141e+01 1.164224348084770355e+01 -1.458290106272395015e+01 1.164224348084770355e+01 4.443347482799668313e+01
1.252965898439570758e+01 7.550708749999649250e+00 -1.454146477189494213e+01 7.550708749999649250e+00 2.251673721485392221e+01 1.139891959136583566e+01 -1.454146477189494213e+01 1.139891959136583566e+01 4.374666303123799338e+01
1.221923855437366413e+01 7.390574018251733435e+00 -1.446012230793732734e+01 7.390574018251733435e+00 2.221234931783457256e+01 1.111036049814364546e+01 -1.446012230793732734e+01 1.111036049814364546e+01 4.286960660039724047e+01
1.184098290630091199e+01 7.231494540090295686e+00 -1.433933094740523551e+01 7.231494540090295686e+00 2.183011888125275490e+01 1.077677725189842839e+01 -1.433933094740523551e+01 1.077677725189842839e+01 4.180387082829436451e+01
1.139503274065564575e+01 7.075141133693922058e+00 -1.417984695536898343e+01 7.075141133693922058e+00 2.137080217017877715e+01 1.039880300478206721e+01 -1.417984695536898343e+01 1.039880300478206721e+01 4.055190038573803690e+01
-7.052975953480896010e+00 -4.359898338606707391e+00 -3.642433066968176369e+00 -4.359898338606707391e+00 1.932525976217821295e+01 -2.577425396949374559e+01 -3.642433066968176369e+00 -2.577425396949374559e+01 -7.737219084745791120e-01
-6.890674388313209775e+00 -4.223883410197609933e+00 -3.752448840633817895e+00 -4.223883410197609933e+00 1.939727400696866155e+01 -2.583931474304319664e+01 -3.752448840633817895e+00 -2.583931474304319664e+01 -4.708057026556916602e-01
-6.699552751128590167e+00 -4.084742114873956886e+00 -3.858960927240044025e+00 -4.084742114873956886e+00 1.946619782009643984e+01 -2.585870181143862823e+01 -3.858960927240044025e+00 -2.585870181143862823e+01 -1.484305579375899409e-01
-6.479916491568113557e+00 -3.943372833933035171e+00 -3.961376395130645989e+00 -3.943372833933035171e+00 1.953192339580588310e+01 -2.583246907755787802e+01 -3.961376395130645989e+00 -2.583246907755787802e+01 1.912833458181312785e-01
-6.233598307478242617e+00 -3.800727851549966729e+00 -4.058922636389957539e+00 -3.800727851549966729e+00 1.959333674128835057e+01 -2.576043686514148590e+01 -4.058922636389957539e+00 -2.576043686514148590e+01 5.457486704752883000e-01
-5.962700411094627562e+00 -3.657903192907440815e+00 -4.150755172598531217e+00 -3.657903192907440815e+00 1.964925199323143090e+01 -2.564255127131162126e+01 -4.150755172598531217e+00 -2.564255127131162126e+01 9.120187253787831461e-01
-5.669594529042103481e+00 -3.515958947936256074e+00 -4.236011557710970266e+00 -3.515958947936256074e+00 1.969841141781891736e+01 -2.547877636081638286e+01 -4.236011557710970266e+00 -2.547877636081638286e+01 1.287003078865951888e+00
-5.357101578594146929e+00 -3.375919271315316994e+00 -4.313793410429990871e+00 -3.375919271315316994e+00 1.973937760497516081e+01 -2.526905823077794722e+01 -4.313793410429990871e+00 -2.526905823077794722e+01 1.667090238121705204e+00
-5.028024509398291819e+00 -3.238844252975422222e+00 -4.383274219962088658e+00 -3.238844252975422222e+00 1.977074907987638497e+01 -2.501325314018873769e+01 -4.383274219962088658e+00 -2.501325314018873769e+01 2.048776516086627808e+00
-4.685453753117201359e+00 -3.105776015221422437e+00 -4.443555605009978038e+00 -3.105776015221422437e+00 1.979107046482099364e+01 -2.471123531566713183e+01 -4.443555605009978038e+00 -2.471123531566713183e+01 2.428360581815900865e+00
5.179245821556826002e+01 1.438954283422213321e+00 1.166642372578994014e+01 1.438954283422213321e+00 6.098799230607080091e+01 2.071611865386087104e+01 1.166642372578994014e+01 2.071611865386087104e+01 7.142567549252704850e+01
5.165491074243192315e+01 1.409367644633403138e+00 1.178961695065544646e+01 1.409367644633403138e+00 6.073024066917946584e+01 2.069178398120409312e+01 1.178961695065544646e+01 2.069178398120409312e+01 7.093894826468968517e+01
5.139920247500032247e+01 1.374123743290796673e+00 1.187555667942043236e+01 1.374123743290796673e+00 6.033953491859846707e+01 2.058385692155838242e+01 1.187555667942043236e+01 2.058385692155838242e+01 7.013093918584938535e+01
5.102649864048603945e+01 1.334083834290643367e+00 1.192454688440122013e+01 1.334083834290643367e+00 5.981830683285838290e+01 2.039368846299628757e+01 1.192454688440122013e+01 2.039368846299628757e+01 6.900684956008548454e+01
5.053874128424334344e+01 1.290278046038261239e+00 1.193694219996685213e+01 1.290278046038261239e+00 5.917023785445692141e+01 2.012330508762663328e+01 1.193694219996685213e+01 2.012330508762663328e+01 6.757434624470968743e+01
4.993724761964297443e+01 1.243804056342596054e+00 1.191338434545178870e+01 1.243804056342596054e+00 5.839889121443540176e+01 1.977556075775267175e+01 1.191338434545178870e+01 1.977556075775267175e+01 6.584133251994640545e+01
4.922747226102786300e+01 1.195675106258059284e+00 1.185493722396316230e+01 1.195675106258059284e+00 5.751218708036916638e+01 1.935400181706484801e+01 1.185493722396316230e+01 1.935400181706484801e+01 6.382466196200067543e+01
4.841340062321200577e+01 1.147039535646316555e+00 1.176293493622261721e+01 1.147039535646316555e+00 5.651708304083182099e+01 1.886340738586980237e+01 1.176293493622261721e+01 1.886340738586980237e+01 6.154019179337404211e+01
4.750163566039999097e+01 1.098978134965407083e+00 1.163916754142627497e+01 1.098978134965407083e+00 5.542333998464754075e+01 1.830967114963402764e+01 1.163916754142627497e+01 1.830967114963402764e+01 5.900963914733272730e+01
4.650043528718527597e+01 1.052504145269741898e+00 1.148581350784112409e+01 1.052504145269741898e+00 5.424262707129295080e+01 1.769961559812388785e+01 1.148581350784112409e+01 1.769961559812388785e+01 5.625887544546601049e+01
-6.133002344128125394e+00 -3.231449406872156871e+00 7.353397535898070991e+00 -3.231449406872156871e+00 -5.388513322363543523e+00 1.532690813072767000e+01 7.353397535898070991e+00 1.532690813072767000e+01 3.400863205674126277e+01
-6.130893054716404222e+00 -3.214647204036904515e+00 7.289271532158807965e+00 -3.214647204036904515e+00 -5.294460648338315423e+00 1.549806705102583138e+01 7.289271532158807965e+00 1.549806705102583138e+01 3.413015957746276285e+01
-6.175692919572201234e+00 -3.191715442227418098e+00 7.209154590742645752e+00 -3.191715442227418098e+00 -5.245946991868717824e+00 1.561728697307467684e+01 7.209154590742645752e+00 1.561728697307467684e+01 3.411768412213873347e+01
-6.267149545090694218e+00 -3.162762290131478249e+00 7.113263049025147389e+00 -3.162762290131478249e+00 -5.243657421310694566e+00 1.568435155949864779e+01 7.113263049025147389e+00 1.568435155949864779e+01 3.396889809209652356e+01
-6.405118706354844704e+00 -3.127950000780756135e+00 7.001903384955023846e+00 -3.127950000780756135e+00 -5.288529398625011702e+00 1.569897236046365840e+01 7.001903384955023846e+00 1.569897236046365840e+01 3.368345895315815852e+01
-6.589384065989090544e+00 -3.087585052123964058e+00 6.875309964022465969e+00 -3.087585052123964058e+00 -5.381518413887064867e+00 1.566091501047951873e+01 6.875309964022465969e+00 1.566091501047951873e+01 3.326125853663586440e+01
-6.819765342847129652e+00 -3.042028006453703082e+00 6.733645039259145371e+00 -3.042028006453703082e+00 -5.523507844713726911e+00 1.557017950954622698e+01 6.733645039259145371e+00 1.557017950954622698e+01 3.270247712367594062e+01
-7.095938030865622359e+00 -2.991675482291835664e+00 6.577070863696732772e+00 -2.991675482291835664e+00 -5.715417124951134298e+00 1.542689205446620093e+01 6.577070863696732772e+00 1.542689205446620093e+01 3.200761950148802271e+01
-7.417757905127525753e+00 -2.937050294962634478e+00 6.405569409220597699e+00 -2.937050294962634478e+00 -5.957985407299121405e+00 1.523123292638573290e+01 6.405569409220597699e+00 1.523123292638573290e+01 3.117740679465730835e+01
-7.784900459569498388e+00 -2.878693287905003118e+00 6.219411097550191947e+00 -2.878693287905003118e+00 -6.251933816342891248e+00 1.498367085628520634e+01 6.219411097550191947e+00 1.498367085628520634e+01 3.021257815588365858e+01
2.609320922382599406e+01 2.968814410875495913e+00 -7.030492026148913887e+00 2.968814410875495913e+00 4.648609767668852477e+00 -2.061698495101819617e+01 -7.030492026148913887e+00 -2.061698495101819617e+01 -1.532309795797966778e+01
2.610235018997128265e+01 2.984418325740700872e+00 -7.345533996070430227e+00 2.984418325740700872e+00 4.567019503442323547e+00 -2.057743956037010946e+01 -7.345533996070430227e+00 -2.057743956037010946e+01 -1.542820121520101573e+01
2.613543263189945876e+01 2.994755473002661539e+00 -7.646668128829479549e+00 2.994755473002661539e+00 4.524081957388756514e+00 -2.050823959009833075e+01 -7.646668128829479549e+00 -2.050823959009833075e+01 -1.545983752771948794e+01
2.619283147205007012e+01 2.999772292312870459e+00 -7.933626622683527252e+00 2.999772292312870459e+00 4.520314879543724018e+00 -2.040983137644042600e+01 -7.933626622683527252e+00 -2.040983137644042600e+01 -1.541768553344403259e+01
2.627335052930644466e+01 2.999415223322819735e+00 -8.205695339652471887e+00 2.999415223322819735e+00 4.554700623285582672e+00 -2.028264340218445483e+01 -8.205695339652471887e+00 -2.028264340218445483e+01 -1.530347701697639273e+01
2.637565079495589870e+01 2.993755679830520045e+00 -8.462195848655214903e+00 2.993755679830520045e+00 4.626043007497663950e+00 -2.012703273632046574e+01 -8.462195848655214903e+00 -2.012703273632046574e+01 -1.511990784919145447e+01
2.649816116544221245e+01 2.982829368734976505e+00 -8.702485425509667749e+00 2.982829368734976505e+00 4.732878049320759395e+00 -1.994330288749000601e+01 -8.702485425509667749e+00 -1.994330288749000601e+01 -1.487004882340365164e+01
2.663918556306263952e+01 2.966725557283700798e+00 -8.926046320180258675e+00 2.966725557283700798e+00 4.873652498648151088e+00 -1.973163239018809634e+01 -8.926046320180258675e+00 -1.973163239018809634e+01 -1.455732780191746301e+01
2.679688508251841839e+01 2.945587073072713835e+00 -9.132396489530414385e+00 2.945587073072713835e+00 5.046652424327596087e+00 -1.949198553751573471e+01 -9.132396489530414385e+00 -1.949198553751573471e+01 -1.418549400912842273e+01
2.696951008575831210e+01 2.919521036799030522e+00 -9.321018183524568457e+00 2.919521036799030522e+00 5.250199602105857011e+00 -1.922416594152839053e+01 -9.321018183524568457e+00 -1.922416594152839053e+01 -1.375802886768951971e+01
-2.318961454505327069e+01 -1.191924671536578551e+01 1.431351444692949748e+01 -1.191924671536578551e+01 1.372012401459611475e+01 2.742491832227795356e+00 1.431351444692949748e+01 2.742491832227795356e+00 1.846612135735241189e+00
-2.319371941917960456e+01 -1.190348109261508469e+01 1.442810582242969097e+01 -1.190348109261508469e+01 1.368098240511712937e+01 2.632041657173638693e+00 1.442810582242969097e+01 2.632041657173638693e+00 1.788435534732369270e+00
-2.317239586951448871e+01 -1.187741695822884758e+01 1.451883080588562258e+01 -1.187741695822884758e+01 1.362810944679076286e+01 2.502393022156935931e+00 1.451883080588562258e+01 2.502393022156935931e+00 1.728043028227670863e+00
-2.312586185397613292e+01 -1.184150839120334631e+01 1.458565307097758712e+01 -1.184150839120334631e+01 1.356201370809283802e+01 2.353963679854260693e+00 1.458565307097758712e+01 2.353963679854260693e+00 1.665670737299209447e+00
