-3.115263793435568175e-03 3.361975684029443467e-01 9.607160996787900142e-01 3.361975684029442912e-01 3.855516183358385085e-01 1.664623917120490404e+00 9.607160996787900142e-01 1.664623917120490404e+00 3.196161788518119273e-01
-1.694741214094901832e-02 2.490278975587310872e-01 1.169704775312844891e+00 2.490278975587311150e-01 3.854056446888710630e-01 1.723243316672689929e+00 1.169704775312844891e+00 1.723243316672689929e+00 2.845533346767814553e-01
-1.804626432470276057e-02 1.619643017711075161e-01 1.381973767369092831e+00 1.619643017711074884e-01 3.976978442394859536e-01 1.782119505295250761e+00 1.381973767369092831e+00 1.782119505295250761e+00 2.644270089589841888e-01
-7.650676504431127428e-03 7.550258998714365344e-02 1.597438155548082106e+00 7.550258998714366732e-02 4.211354598495814505e-01 1.841322392140462005e+00 1.597438155548082106e+00 1.841322392140462005e+00 2.573746576292978427e-01
1.381922395374472930e-02 -9.707161573644202193e-03 1.815418403515379087e+00 -9.707161573644196989e-03 4.549632269969976495e-01 1.900868460591827569e+00 1.815418403515379087e+00 1.900868460591827569e+00 2.624198012728427010e-01
4.506920767502637509e-02 -9.307583133750181592e-02 2.035212695820773909e+00 -9.307583133750177429e-02 4.982330889927353845e-01 1.960807937280891089e+00 2.035212695820773909e+00 1.960807937280891089e+00 2.781158037194267352e-01
8.483424449122961564e-02 -1.739869993634541867e-01 2.256196394134960315e+00 -1.739869993634541867e-01 5.488466469092821987e-01 2.021397055342346594e+00 2.256196394134960315e+00 2.021397055342346594e+00 3.020937982403603672e-01
1.309784479693396897e-01 -2.517684842552397884e-01 2.477604392675295752e+00 -2.517684842552398439e-01 6.054859433233190646e-01 2.082576419336306994e+00 2.477604392675295752e+00 2.082576419336306994e+00 3.316955908729157798e-01
1.822569689751847299e-01 -3.260688797743394041e-01 2.698839826689418242e+00 -3.260688797743394596e-01 6.657249880871557446e-01 2.144795031260902984e+00 2.698839826689418242e+00 2.144795031260902984e+00 3.646608126011677276e-01
2.359173271959419949e-01 -3.960395451057908689e-01 2.919202654234565042e+00 -3.960395451057909244e-01 7.279582700509111826e-01 2.207997691839898913e+00 2.919202654234565042e+00 2.207997691839898913e+00 3.974271218560182506e-01
-1.714242409040281245e+01 -1.482574973760864978e+01 -1.986608127136431978e+00 -1.482574973760864978e+01 -2.159360876672069907e+01 -1.111099863308799662e+01 -1.986608127136431978e+00 -1.111099863308799662e+01 -3.892847357116185236e+01
-1.701863759892457750e+01 -1.482558187887378232e+01 -2.041330074702674136e+00 -1.482558187887378232e+01 -2.157561058014897881e+01 -1.099077447698302201e+01 -2.041330074702674136e+00 -1.099077447698302201e+01 -3.873718921729702913e+01
-1.683882359194225131e+01 -1.481537979798805260e+01 -2.093664698039714001e+00 -1.481537979798805260e+01 -2.149675427670314676e+01 -1.085508866629985469e+01 -2.093664698039714001e+00 -1.085508866629985469e+01 -3.839462684137706816e+01
-1.660548129950828766e+01 -1.479521809883362060e+01 -2.143276279677820195e+00 -1.479521809883362060e+01 -2.135996805875808136e+01 -1.070368008745092681e+01 -2.143276279677820195e+00 -1.070368008745092681e+01 -3.790806032191281361e+01
-1.631945001529700789e+01 -1.476496622461669794e+01 -2.189605290500774348e+00 -1.476496622461669794e+01 -2.116562494572459485e+01 -1.053677255208272534e+01 -2.189605290500774348e+00 -1.053677255208272534e+01 -3.727888848169481406e+01
-1.598190475045247538e+01 -1.472451226951404735e+01 -2.232129503333436737e+00 -1.472451226951404735e+01 -2.091516106233432026e+01 -1.035412359757822287e+01 -2.232129503333436737e+00 -1.035412359757822287e+01 -3.651052444833199928e+01
-1.559510227241011115e+01 -1.467376297867296131e+01 -2.270308040030129870e+00 -1.467376297867296131e+01 -2.061021769399483361e+01 -1.015595703558390639e+01 -2.270308040030129870e+00 -1.015595703558390639e+01 -3.560718334116656791e+01
-1.516059061172478550e+01 -1.461255049335857592e+01 -2.303693277297878428e+00 -1.461255049335857592e+01 -2.025247342805478823e+01 -9.941806591836259699e+00 -2.303693277297878428e+00 -9.941806591836259699e+00 -3.457352790283368194e+01
-1.468152178241786920e+01 -1.454102402133521643e+01 -2.331762987961544020e+00 -1.454102402133521643e+01 -1.984409177709689942e+01 -9.712157191569341208e+00 -2.331762987961544020e+00 -9.712157191569341208e+00 -3.341537723614200672e+01
-1.416015255192477618e+01 -1.445882919416260926e+01 -2.354106850669232198e+00 -1.445882919416260926e+01 -1.938751601826199433e+01 -9.466094937226657180e+00 -2.354106850669232198e+00 -9.466094937226657180e+00 -3.213864369875292937e+01
7.526453904433563658e+00 -9.275765696291102813e+00 -4.762375666058547563e-01 -9.275765696291102813e+00 -1.382119947016192008e+00 6.035198426954326401e+00 -4.762375666058547563e-01 6.035198426954326401e+00 1.890685052747686612e+01
7.273588532830740583e+00 -9.307450205135213039e+00 -7.430412482217318981e-01 -9.307450205135213039e+00 -1.379605303457135612e+00 5.961734911550466087e+00 -7.430412482217318981e-01 5.961734911550466087e+00 1.857863565780089132e+01
6.993960169063677235e+00 -9.325825064856031688e+00 -1.002175266982487045e+00 -9.325825064856031688e+00 -1.388622096790323335e+00 5.885164015177201335e+00 -1.002175266982487045e+00 5.885164015177201335e+00 1.818917125572219007e+01
6.688646517514822420e+00 -9.330908237193266785e+00 -1.253927010723441482e+00 -9.330908237193266785e+00 -1.410068414001132142e+00 5.805234273478625084e+00 -1.253927010723441482e+00 5.805234273478625084e+00 1.773879859429520067e+01
6.359102479100490868e+00 -9.322825454324872751e+00 -1.497667818554830665e+00 -9.322825454324872751e+00 -1.445363232526458708e+00 5.721891801235615027e+00 -1.497667818554830665e+00 5.721891801235615027e+00 1.722866722486120494e+01
6.007160151270848125e+00 -9.301630601469968340e+00 -1.732966608723673252e+00 -9.301630601469968340e+00 -1.495171136735481854e+00 5.635010866270218521e+00 -1.732966608723673252e+00 5.635010866270218521e+00 1.666046555095271842e+01
5.633538003614200207e+00 -9.267646989943292724e+00 -1.959338414257866035e+00 -9.267646989943292724e+00 -1.561881038009304667e+00 5.544322042486822255e+00 -1.959338414257866035e+00 5.544322042486822255e+00 1.603455280736389099e+01
5.239475396170364618e+00 -9.221018313662504795e+00 -2.176424000363257782e+00 -9.221018313662504795e+00 -1.646498793771550506e+00 5.449555903789813804e+00 -2.176424000363257782e+00 5.449555903789813804e+00 1.535184504281980189e+01
4.826283535937993641e+00 -9.162463042215907905e+00 -2.383864132245698375e+00 -9.162463042215907905e+00 -1.751359430184199484e+00 5.350299330165919187e+00 -2.383864132245698375e+00 5.350299330165919187e+00 1.461205486948513510e+01
4.394555160327435317e+00 -9.091963213863792248e+00 -2.581317536850742833e+00 -9.091963213863792248e+00 -1.877055684657601198e+00 5.246139201601863533e+00 -2.581317536850742833e+00 5.246139201601863533e+00 1.381683476741298655e+01
6.609190421525617865e+00 -5.081987874079077372e+00 -1.179370290978499369e+01 -5.081987874079077372e+00 -2.568587976923317484e+01 1.804823587528576923e+01 -1.179370290978499369e+01 1.804823587528576923e+01 -8.678651774791340756e+00
6.600723068691992879e+00 -4.981882503565529419e+00 -1.181743715636409497e+01 -4.981882503565529419e+00 -2.560804243701585037e+01 1.791074219355881425e+01 -1.181743715636409497e+01 1.791074219355881425e+01 -8.598981682220413703e+00
6.601859380111223530e+00 -4.873548039064322879e+00 -1.181305685911899417e+01 -4.873548039064322879e+00 -2.549875493713076935e+01 1.775033900741187409e+01 -1.181305685911899417e+01 1.775033900741187409e+01 -8.483719383582606355e+00
6.613259149510605894e+00 -4.758029153977010317e+00 -1.178133177739820425e+01 -4.758029153977010317e+00 -2.535838382164866189e+01 1.756779607619346706e+01 -1.178133177739820425e+01 1.756779607619346706e+01 -8.329510927430829881e+00
6.634849066475997148e+00 -4.636425504515750973e+00 -1.172303167055023643e+01 -4.636425504515750973e+00 -2.518856024728422938e+01 1.736388315925210080e+01 -1.172303167055023643e+01 1.736388315925210080e+01 -8.137822522047965634e+00
6.666152613315459163e+00 -4.509946712513920097e+00 -1.163876134949177832e+01 -4.509946712513920097e+00 -2.499130025042642345e+01 1.713937001593628651e+01 -1.163876134949177832e+01 1.713937001593628651e+01 -7.910047065302746816e+00
6.706638289526448915e+00 -4.379894037822572805e+00 -1.152930890117487728e+01 -4.379894037822572805e+00 -2.476847324663592076e+01 1.689476981914502929e+01 -1.152930890117487728e+01 1.689476981914502929e+01 -7.647944007134627853e+00
6.755133128482665228e+00 -4.247367136653866559e+00 -1.139513251568793173e+01 -4.247367136653866559e+00 -2.452301165247847337e+01 1.663048577615613155e+01 -1.139513251568793173e+01 1.663048577615613155e+01 -7.354060884435110523e+00
6.810299215125978911e+00 -4.113795562083609525e+00 -1.123694696956884975e+01 -4.113795562083609525e+00 -2.425720641839609115e+01 1.634675614581555081e+01 -1.123694696956884975e+01 1.634675614581555081e+01 -7.031000216906307720e+00
6.871018565640696352e+00 -3.979949073460312015e+00 -1.105491721124944782e+01 -3.979949073460312015e+00 -2.397393497814390884e+01 1.604339765208792912e+01 -1.105491721124944782e+01 1.604339765208792912e+01 -6.681107937800821794e+00
2.299098042560721211e+01 6.367347570165880377e+00 2.718288239801880479e+01 6.367347570165880377e+00 3.235745164574820620e+01 1.179106125223820456e+01 2.718288239801880479e+01 1.179106125223820456e+01 3.195818284195978620e+01
2.304753328645095678e+01 6.375003580137602377e+00 2.716781565070603577e+01 6.375003580137602377e+00 3.246847255007498489e+01 1.176217164023964834e+01 2.716781565070603577e+01 1.176217164023964834e+01 3.216738287645024030e+01
2.306654191532811637e+01 6.370974101205116646e+00 2.708964375941582148e+01 6.370974101205116646e+00 3.253592252351006664e+01 1.171136516674309469e+01 2.708964375941582148e+01 1.171136516674309469e+01 3.225484008875879027e+01
2.304692010487427467e+01 6.354908743896034551e+00 2.694843680204264658e+01 6.354908743896034551e+00 3.255838248869026330e+01 1.163921997437798872e+01 2.694843680204264658e+01 1.163921997437798872e+01 3.221764624626459295e+01
2.298875545245753216e+01 6.326702391368637990e+00 2.674454516805889526e+01 6.326702391368637990e+00 3.253583492614196615e+01 1.154612149156396228e+01 2.674454516805889526e+01 1.154612149156396228e+01 3.205583638791487999e+01
2.289040112755765577e+01 6.286355043622927852e+00 2.647858203904124963e+01 6.286355043622927852e+00 3.246661548587131563e+01 1.143287561408750896e+01 2.647858203904124963e+01 1.143287561408750896e+01 3.176778120266304839e+01
2.275073588386299406e+01 6.234252129078531546e+00 2.615126571340811523e+01 6.234252129078531546e+00 3.234948028525133878e+01 1.129993784826273640e+01 2.615126571340811523e+01 1.129993784826273640e+01 3.135260471682811456e+01
2.256862095558828329e+01 6.170708998260602485e+00 2.576378751536561396e+01 6.170708998260602485e+00 3.218348327270656029e+01 1.114846447934853124e+01 2.576378751536561396e+01 1.114846447934853124e+01 3.080964119041254534e+01
2.234244455116052563e+01 6.096916975375265224e+00 2.531697086017386411e+01 6.096916975375265224e+00 3.196689002034867499e+01 1.097863070208109093e+01 2.531697086017386411e+01 1.097863070208109093e+01 3.013789201342002144e+01
2.207103286584721857e+01 6.013103813579572687e+00 2.481260273414205386e+01 6.013103813579572687e+00 3.169898222975926672e+01 1.079210086645426259e+01 2.481260273414205386e+01 1.079210086645426259e+01 2.933719951058797193e+01
-7.837014296783253897e+00 -6.796252813902458279e+00 -6.786432571189395802e+00 -6.796252813902458279e+00 -1.077289837858126731e+01 1.623842539474706825e+01 -6.786432571189395802e+00 1.623842539474706825e+01 -3.536818450191093888e+01
-7.887478921156757750e+00 -6.767363244345081519e+00 -6.762499184164502353e+00 -6.767363244345081519e+00 -1.084777542620956936e+01 1.626191659448281612e+01 -6.762499184164502353e+00 1.626191659448281612e+01 -3.555978056940274712e+01
-7.882006853453606965e+00 -6.732780513439982073e+00 -6.727529539381402302e+00 -6.732780513439982073e+00 -1.086551819118645312e+01 1.626515930126986831e+01 -6.727529539381402302e+00 1.626515930126986831e+01 -3.560527058677338630e+01
-7.819621596743609793e+00 -6.692780988242875040e+00 -6.681707881543905714e+00 -6.692780988242875040e+00 -1.082531599681515644e+01 1.624831933534165174e+01 -6.681707881543905714e+00 1.624831933534165174e+01 -3.550577844671609995e+01
-7.701189101134669812e+00 -6.647456791105664564e+00 -6.625163181944678570e+00 -6.647456791105664564e+00 -1.072829273578891396e+01 1.621135984775740724e+01 -6.625163181944678570e+00 1.621135984775740724e+01 -3.526264913556868663e+01
-7.527851683790411030e+00 -6.597323807199017232e+00 -6.557895440583720870e+00 -6.597323807199017232e+00 -1.057575654550478106e+01 1.615400447146141616e+01 -6.557895440583720870e+00 1.615400447146141616e+01 -3.487860947494753816e+01
-7.300825359755974908e+00 -6.542271489700649312e+00 -6.479867808520269890e+00 -6.542271489700649312e+00 -1.036921823253399566e+01 1.607599526386835009e+01 -6.479867808520269890e+00 1.607599526386835009e+01 -3.435592567470951764e+01
-7.021731482424891091e+00 -6.482944695073894259e+00 -6.390877616580136866e+00 -6.482944695073894259e+00 -1.011024387685894155e+01 1.597692688662981908e+01 -6.390877616580136866e+00 1.597692688662981908e+01 -3.369826420446044324e+01
-6.691786066842301928e+00 -6.419011782851893777e+00 -6.290666922177987175e+00 -6.419011782851893777e+00 -9.800362709521239779e+00 1.585628345457516097e+01 -6.290666922177987175e+00 1.585628345457516097e+01 -3.290849928157972926e+01
-6.313789632506116689e+00 -6.351301854201792274e+00 -6.178848811435820210e+00 -6.351301854201792274e+00 -9.442080458492704054e+00 1.571345696018180504e+01 -6.178848811435820210e+00 1.571345696018180504e+01 -3.199142126836645517e+01
4.780909785225751563e+01 -8.810743324599881632e+00 1.215026401331508410e+01 -8.810743324599881632e+00 6.296792205539344423e+01 2.272059131407680965e+01 1.215026401331508410e+01 2.272059131407680965e+01 5.650511047153667477e+01
4.776040618173672669e+01 -8.700655590306809017e+00 1.199406970592321287e+01 -8.700655590306809017e+00 6.279091091086659304e+01 2.271397550554289779e+01 1.199406970592321287e+01 2.271397550554289779e+01 5.622838599684448013e+01
4.763198466441138379e+01 -8.579853307488379599e+00 1.181731366969458463e+01 -8.579853307488379599e+00 6.250774069983930303e+01 2.265368491106291415e+01 1.181731366969458463e+01 2.265368491106291415e+01 5.571493802862141820e+01
4.742413943023932887e+01 -8.449867125933929302e+00 1.161977481077074081e+01 -8.449867125933929302e+00 6.212043528147746230e+01 2.254022974723330108e+01 1.161977481077074081e+01 2.254022974723330108e+01 5.496677341881351708e+01
4.713697252253988523e+01 -8.312261709872558413e+00 1.140133407861251058e+01 -8.312261709872558413e+00 6.163096749328735058e+01 2.237442636060837131e+01 1.140133407861251058e+01 2.237442636060837131e+01 5.398782083521339814e+01
4.677114722288840909e+01 -8.168788802952064998e+00 1.116207650931930040e+01 -8.168788802952064998e+00 6.104268775758560395e+01 2.215765233599853090e+01 1.116207650931930040e+01 2.215765233599853090e+01 5.278404981199947343e+01
4.632822819551400784e+01 -8.021472264338346037e+00 1.090230823284897888e+01 -8.021472264338346037e+00 6.036008598042094775e+01 2.189179547481062116e+01 1.090230823284897888e+01 2.189179547481062116e+01 5.136302856201903211e+01
4.580918485194992940e+01 -7.872318945977423432e+00 1.062267552355704225e+01 -7.872318945977423432e+00 5.958789016892045964e+01 2.157928780948770964e+01 1.062267552355704225e+01 2.157928780948770964e+01 4.973419609230630556e+01
4.521689141235614784e+01 -7.723488764794249839e+00 1.032396071355804068e+01 -7.723488764794249839e+00 5.873288620381685377e+01 2.122312261072893946e+01 1.032396071355804068e+01 2.122312261072893946e+01 4.790942344233859984e+01
4.455515749398612257e+01 -7.577005579954726677e+00 1.000752438044249892e+01 -7.577005579954726677e+00 5.780288039903575026e+01 2.082676935139013707e+01 1.000752438044249892e+01 2.082676935139013707e+01 4.590294565515674208e+01
1.148399900871018886e+01 -3.655300698975143980e+00 1.007052933748076384e+01 -3.655300698975143980e+00 -1.851526712084146098e+01 5.136478090691400489e+00 1.007052933748076384e+01 5.136478090691400489e+00 -3.322706449592658373e+01
1.148049909677162717e+01 -3.717731065334720419e+00 1.006079921580863612e+01 -3.717731065334720419e+00 -1.852987146542279007e+01 5.039799894943492120e+00 1.006079921580863612e+01 5.039799894943492120e+00 -3.326076260092666104e+01
1.151927299028993090e+01 -3.776863085364762451e+00 1.003646474955518286e+01 -3.776863085364762451e+00 -1.848499563119484534e+01 4.937422889703998230e+00 1.003646474955518286e+01 4.937422889703998230e+00 -3.316492731590740561e+01
1.160043063414275366e+01 -3.832385248578591863e+00 9.997452642135302270e+00 -3.832385248578591863e+00 -1.838018151450075166e+01 4.829530316435672432e+00 9.997452642135302270e+00 4.829530316435672432e+00 -3.293809270916681697e+01
1.172336733150301313e+01 -3.883949396196979986e+00 9.943579652086238951e+00 -3.883949396196979986e+00 -1.821601548802131276e+01 4.716452009771467502e+00 9.943579652086238951e+00 4.716452009771467502e+00 -3.258190795386965277e+01
1.188705693017929477e+01 -3.931225693586973158e+00 9.874680862091519629e+00 -3.931225693586973158e+00 -1.799368862126442181e+01 4.598737694099638951e+00 9.874680862091519629e+00 4.598737694099638951e+00 -3.209855362342266005e+01
1.209012511920096422e+01 -3.973682740506591760e+00 9.790536382395842452e+00 -3.973682740506591760e+00 -1.771406214910500054e+01 4.476662231614315424e+00 9.790536382395842452e+00 4.476662231614315424e+00 -3.149066839488946457e+01
1.233072115979422456e+01 -4.010954054030330340e+00 9.690926323243903795e+00 -4.010954054030330340e+00 -1.737975642446041036e+01 4.350866967435127464e+00 9.690926323243903795e+00 4.350866967435127464e+00 -3.076400605020047863e+01
1.260745241684216111e+01 -4.042709799525236569e+00 9.575685767319225050e+00 -4.042709799525236569e+00 -1.699111960610987992e+01 4.221663412048753727e+00 9.575685767319225050e+00 4.221663412048753727e+00 -2.991865821008708437e+01
1.291909117254433781e+01 -4.068345280164228583e+00 9.444466555842581101e+00 -4.068345280164228583e+00 -1.655058880550800993e+01 4.089473020819524685e+00 9.444466555842581101e+00 4.089473020819524685e+00 -2.896092838086794075e+01
8.484077614381329013e-01 -7.909466561892117831e+00 8.881416960438379249e+00 -7.909466561892117831e+00 1.468457071783106649e+01 8.726011526268830920e+00 8.881416960438379249e+00 8.726011526268830920e+00 -9.595727195521357444e+00
8.496325608729415890e-01 -7.950857578086092836e+00 8.766285813566362606e+00 -7.950857578086092836e+00 1.478777808197009058e+01 8.699155997485011227e+00 8.766285813566362606e+00 8.699155997485011227e+00 -9.460368846218601746e+00
8.823238987284967028e-01 -7.984899797671216604e+00 8.640743871498473894e+00 -7.984899797671216604e+00 1.490935743763124677e+01 8.662808273081424204e+00 8.640743871498473894e+00 8.662808273081424204e+00 -9.265571700814842160e+00
9.464097279792211825e-01 -8.011413103083544485e+00 8.504611016670768464e+00 -8.011413103083544485e+00 1.504876843212270288e+01 8.616626129686579816e+00 8.504611016670768464e+00 8.616626129686579816e+00 -9.019242920367142702e+00
1.040881390267037521e+00 -8.030163341489954476e+00 8.357851225570458453e+00 -8.030163341489954476e+00 1.520415585453585905e+01 8.560231320416198386e+00 8.357851225570458453e+00 8.560231320416198386e+00 -8.723489880373636041e+00
1.164604144939108021e+00 -8.040970395326501929e+00 8.200374439415572425e+00 -8.040970395326501929e+00 1.537370051747488908e+01 8.493209574873210599e+00 8.200374439415572425e+00 8.493209574873210599e+00 -8.381428614690525691e+00
1.316335180804229621e+00 -8.043618123516456109e+00 8.032054575911351080e+00 -8.043618123516456109e+00 1.555531305719806312e+01 8.415020540365793167e+00 8.032054575911351080e+00 8.415020540365793167e+00 -7.996247204199591785e+00
1.494273322222978040e+00 -8.038268631867365954e+00 7.852423329391543305e+00 -8.038268631867365954e+00 1.574677802766888846e+01 8.325015793663750330e+00 7.852423329391543305e+00 8.325015793663750330e+00 -7.571962270576750420e+00
1.696743475850688743e+00 -8.024507649982162150e+00 7.661264558779418365e+00 -8.024507649982162150e+00 1.594539366542823089e+01 8.222636970318859539e+00 7.661264558779418365e+00 8.222636970318859539e+00 -7.112176165100852820e+00
1.922809030354860838e+00 -8.002857518796279379e+00 7.457947852601178873e+00 -8.002857518796279379e+00 1.615011528860522461e+01 8.107073541293381425e+00 7.457947852601178873e+00 8.107073541293381425e+00 -6.620635333101900777e+00
-8.188357323445302427e+00 -1.442981596666988686e+01 3.856660209059362909e+00 -1.442981596666988686e+01 -1.017045206133679791e+01 1.508347011784494640e+01 3.856660209059362909e+00 1.508347011784494640e+01 -1.010535217318923351e+01
-8.125894392792323728e+00 -1.436343422418467775e+01 3.752866632119729928e+00 -1.436343422418467775e+01 -1.007266488757927370e+01 1.503596825853277075e+01 3.752866632119729928e+00 1.503596825853277075e+01 -9.889359717295977958e+00
-8.044057149436072862e+00 -1.428509461194971841e+01 3.649970353216447805e+00 -1.428509461194971841e+01 -9.947848899502256259e+00 1.496416610341980125e+01 3.649970353216447805e+00 1.496416610341980125e+01 -9.624034181608195127e+00
-7.943047027629613233e+00 -1.419498025201324332e+01 3.547843186915752955e+00 -1.419498025201324332e+01 -9.796150594744331030e+00 1.486788053045780345e+01 3.547843186915752955e+00 1.486788053045780345e+01 -9.309723498017532961e+00
-7.823450017927292777e+00 -1.409378700815854835e+01 3.446723191880351589e+00 -1.409378700815854835e+01 -9.617936217401966914e+00 1.474694672980336918e+01 3.446723191880351589e+00 1.474694672980336918e+01 -8.947068593692813820e+00
-7.687225526245229368e+00 -1.398193606109657061e+01 3.346646992519889618e+00 -1.398193606109657061e+01 -9.415458168668457972e+00 1.460138301366131763e+01 3.346646992519889618e+00 1.460138301366131763e+01 -8.540629207635092257e+00
-7.535838528969303063e+00 -1.386014158681543229e+01 3.247468091195779838e+00 -1.386014158681543229e+01 -9.189925054062154430e+00 1.443118938203165058e+01 3.247468091195779838e+00 1.443118938203165058e+01 -8.092383057965307103e+00
-7.370406070593747749e+00 -1.372891632705018417e+01 3.149113239088727756e+00 -1.372891632705018417e+01 -8.943186406270230648e+00 1.423640245932401349e+01 3.149113239088727756e+00 1.423640245932401349e+01 -7.604930477768391484e+00
-7.193180552311853937e+00 -1.358902939440342017e+01 3.051197879897439513e+00 -1.358902939440342017e+01 -8.677110070184685497e+00 1.401700393333358718e+01 3.051197879897439513e+00 1.401700393333358718e+01 -7.082263527695875638e+00
-7.005407204051620873e+00 -1.344093859399572466e+01 2.953355769525445762e+00 -1.344093859399572466e+01 -8.394021695818102202e+00 1.377315861390377627e+01 2.953355769525445762e+00 1.377315861390377627e+01 -6.526726169965166413e+00
-5.467356736815142781e+00 1.371510606645483676e+01 -4.881307220548720238e+00 1.371510606645483676e+01 -4.222076963525705828e+00 2.932444283897688209e+01 -4.881307220548720238e+00 2.932444283897688209e+01 -1.535078067371295418e+01
-5.461247672228114247e+00 1.361578804038428103e+01 -5.025876222033374141e+00 1.361578804038428103e+01 -4.086763011984274385e+00 2.930710333829274106e+01 -5.025876222033374141e+00 2.930710333829274106e+01 -1.515810736125858327e+01
-5.422178923851188159e+00 1.350555051862972533e+01 -5.162781456865438656e+00 1.350555051862972533e+01 -3.927634682920952969e+00 2.924315935686684043e+01 -5.162781456865438656e+00 2.924315935686684043e+01 -1.490139861431562807e+01
-5.350113910459294075e+00 1.338492392895471284e+01 -5.291785147081944807e+00 1.338492392895471284e+01 -3.744966335523782330e+00 2.913228166367352401e+01 -5.291785147081944807e+00 2.913228166367352401e+01 -1.458237375046247308e+01
-5.245784256553870151e+00 1.325456673341054170e+01 -5.412375155531884197e+00 1.325456673341054170e+01 -3.539910278382529807e+00 2.897399470278685385e+01 -5.412375155531884197e+00 2.897399470278685385e+01 -1.420251430931453562e+01
-5.109903296023822428e+00 1.311521055649865097e+01 -5.523929601389034438e+00 1.311521055649865097e+01 -3.313618820086965400e+00 2.876796924318119508e+01 -5.523929601389034438e+00 2.876796924318119508e+01 -1.376394200192599371e+01
-4.943586756233846913e+00 1.296773334762077035e+01 -5.625808313214631262e+00 1.296773334762077035e+01 -3.067335722289537880e+00 2.851393092566850029e+01 -5.625808313214631262e+00 2.851393092566850029e+01 -1.326905289853906389e+01
-4.748462501699650673e+00 1.281297647495355641e+01 -5.717279666507237401e+00 1.281297647495355641e+01 -2.802871755631312300e+00 2.821173342534847706e+01 -5.717279666507237401e+00 2.821173342534847706e+01 -1.272130392492305440e+01
-4.526286431224689544e+00 1.265194592218649028e+01 -5.797593746152873706e+00 1.265194592218649028e+01 -2.521818203402921732e+00 2.786124870793337749e+01 -5.797593746152873706e+00 2.786124870793337749e+01 -1.212342038234583086e+01
-4.278796152999884583e+00 1.248557451055890688e+01 -5.866073799487710794e+00 1.248557451055890688e+01 -2.226077289308112661e+00 2.746233044852291272e+01 -5.866073799487710794e+00 2.746233044852291272e+01 -1.147942620556531601e+01
-7.807062390835885601e+00 -1.848157949410796874e+01 2.679207000892811052e+01 -1.848157949410796874e+01 -6.067691376379360513e+00 6.498616792237029927e+00 2.679207000892811052e+01 6.498616792237029927e+00 8.665443319643405529e-01
-7.606739417173283613e+00 -1.847973496677275662e+01 2.684243838903217494e+01 -1.847973496677275662e+01 -6.003242495528295919e+00 6.618438018438173032e+00 2.684243838903217494e+01 6.618438018438173032e+00 1.220912732087336972e+00
-7.400444557979850124e+00 -1.845725364845944938e+01 2.684360719843270360e+01 -1.845725364845944938e+01 -5.923325152767100477e+00 6.739190639630363577e+00 2.684360719843270360e+01 6.739190639630363577e+00 1.583024494488840528e+00
-7.191245937931977750e+00 -1.841424511504934713e+01 2.679537554801398613e+01 -1.841424511504934713e+01 -5.830587431893848205e+00 6.861093807576199133e+00 2.679537554801398613e+01 6.861093807576199133e+00 1.946250278350223795e+00
-6.980841983189809419e+00 -1.835094678095192577e+01 2.669730513425081497e+01 -1.835094678095192577e+01 -5.725869414665170964e+00 6.983964895806848538e+00 2.669730513425081497e+01 6.983964895806848538e+00 2.308325515457960719e+00
-6.771497261966870518e+00 -1.826761432322356171e+01 2.654892112832423834e+01 -1.826761432322356171e+01 -5.610540799597313111e+00 7.107292550209579396e+00 2.654892112832423834e+01 7.107292550209579396e+00 2.666182081135662241e+00
-6.565403291889153614e+00 -1.816481388391762763e+01 2.634980348935593142e+01 -1.816481388391762763e+01 -5.485971285206518999e+00 7.230693255199843961e+00 2.634980348935593142e+01 7.230693255199843961e+00 3.016624012178755088e+00
-6.364989004992134269e+00 -1.804305681714685505e+01 2.609938607529251442e+01 -1.804305681714685505e+01 -5.354023661474884399e+00 7.353436504902310489e+00 2.609938607529251442e+01 7.353436504902310489e+00 3.356309244207601683e+00
-6.173121636836484960e+00 -1.790307362878658282e+01 2.579717579466814215e+01 -1.790307362878658282e+01 -5.216706819559567165e+00 7.474992682557363821e+00 2.579717579466814215e+01 7.474992682557363821e+00 3.681731349020612942e+00
-5.992047492988850088e+00 -1.774555829941837004e+01 2.544249692954812758e+01 -1.774555829941837004e+01 -5.075719185620712892e+00 7.594156453470708890e+00 2.544249692954812758e+01 7.594156453470708890e+00 3.989822201941399804e+00
1.106808186894747692e+01 -8.464269910895011462e-01 -1.739133940292515490e+01 -8.464269910895011462e-01 2.004066827781700511e+01 7.309351174987804178e+00 -1.739133940292515490e+01 7.309351174987804178e+00 3.232304801105726000e+01
1.131278619588408141e+01 -7.360250099885989883e-01 -1.743535148198494156e+01 -7.360250099885989883e-01 2.012040697616185270e+01 7.578557801771048652e+00 -1.743535148198494156e+01 7.578557801771048652e+00 3.271915672259535768e+01
1.151585077626049980e+01 -6.219406023211497825e-01 -1.743232410245186870e+01 -6.219406023211497825e-01 2.015029128406729342e+01 7.837903315104453483e+00 -1.743232410245186870e+01 7.837903315104453483e+00 3.298561923342757041e+01
1.167527506102855916e+01 -5.052360065198113759e-01 -1.738211563253490510e+01 -5.052360065198113759e-01 2.012982549026474999e+01 8.087423122935772923e+00 -1.738211563253490510e+01 8.087423122935772923e+00 3.311873541301347501e+01
1.178911161306172239e+01 -3.872036126776506326e-01 -1.728461984839080046e+01 -3.872036126776506326e-01 2.005854929143341181e+01 8.326887073604600786e+00 -1.728461984839080046e+01 8.326887073604600786e+00 3.311671715999142407e+01
1.185548381112895910e+01 -2.691535148616123196e-01 -1.713964200630688595e+01 -2.691535148616123196e-01 1.993632105578225477e+01 8.555958791607258362e+00 -1.713964200630688595e+01 8.555958791607258362e+00 3.297802422863406946e+01
1.187223177041719602e+01 -1.523426952170081061e-01 -1.694728833012643321e+01 -1.523426952170081061e-01 1.976275129588596968e+01 8.774390421309460564e+00 -1.694728833012643321e+01 8.774390421309460564e+00 3.270101014937078787e+01
1.183728412598275526e+01 -3.795731999363920195e-02 -1.670738178011066566e+01 -3.795731999363920195e-02 1.953745052431924378e+01 8.981845587207530457e+00 -1.670738178011066566e+01 8.981845587207530457e+00 3.228425860429138083e+01
1.174855180890807205e+01 7.276333263706022403e-02 -1.642022332381550243e+01 7.276333263706022403e-02 1.926010006955229059e+01 9.178182657510449260e+00 -1.642022332381550243e+01 9.178182657510449260e+00 3.172640638740724839e+01
1.160433523770089614e+01 1.789340639812086742e-01 -1.608522873010298326e+01 1.789340639812086742e-01 1.893041666800305833e+01 9.363153776583930110e+00 -1.608522873010298326e+01 9.363153776583930110e+00 3.102653289207676579e+01
1.005156905326707850e+01 2.052058234641784829e+00 8.633772118608938229e+00 2.052058234641784829e+00 -6.699154184328366846e+00 -4.241384825312955464e-01 8.633772118608938229e+00 -4.241384825312955464e-01 -2.728051225000067959e+01
9.872552635073970961e+00 2.035850163448810424e+00 8.776224874514864993e+00 2.035850163448810424e+00 -6.782904980930446470e+00 -4.427113677030425354e-01 8.776224874514864993e+00 -4.427113677030425354e-01 -2.765329788743908068e+01
9.734720361865031535e+00 2.016331352685554634e+00 8.901869260294743569e+00 2.016331352685554634e+00 -6.814375197724885425e+00 -4.571185420967973090e-01 8.901869260294743569e+00 -4.571185420967973090e-01 -2.790827940698108023e+01
9.637981279256461420e+00 1.993683711119614177e+00 9.011214620497851158e+00 1.993683711119614177e+00 -6.794274278905315434e+00 -4.673418148358000623e-01 9.011214620497851158e+00 -4.673418148358000623e-01 -2.804640273421817298e+01
9.582080714973622904e+00 1.968143720148867182e+00 9.104552009152339309e+00 1.968143720148867182e+00 -6.723257096035090363e+00 -4.732902315362518264e-01 9.104552009152339309e+00 -4.732902315362518264e-01 -2.806845007685103965e+01
9.566654851481319000e+00 1.939911479417670837e+00 9.182136098532849289e+00 1.939911479417670837e+00 -6.602087665938120686e+00 -4.749092195678732975e-01 9.182136098532849289e+00 -4.749092195678732975e-01 -2.797545831485498979e+01
9.590757763188042517e+00 1.909350806461221461e+00 9.244367087928097249e+00 1.909350806461221461e+00 -6.432457740153066261e+00 -4.722351606841839189e-01 9.244367087928097249e+00 -4.722351606841839189e-01 -2.776970130782498813e+01
9.653134279597368916e+00 1.876534464786557832e+00 9.291736131010592814e+00 1.876534464786557832e+00 -6.215495153039033660e+00 -4.651771005013848881e-01 9.291736131010592814e+00 -4.651771005013848881e-01 -2.745310728869757710e+01
9.753002193008622811e+00 1.842044562449993705e+00 9.324643427069055690e+00 1.842044562449993705e+00 -5.953000801395244679e+00 -4.537896116497554533e-01 9.324643427069055690e+00 -4.537896116497554533e-01 -2.702891423353600331e+01
9.889106332925381437e+00 1.805953862958567413e+00 9.343689275036556552e+00 1.805953862958567413e+00 -5.645484029770972079e+00 -4.381090758828152798e-01 9.343689275036556552e+00 -4.381090758828152798e-01 -2.649812264056205180e+01
-3.395476342344733212e+01 -6.302063760122852187e+00 -3.981817504936404628e+00 -6.302063760122852187e+00 -1.274346976425857569e+01 -1.165437420403956104e+01 -3.981817504936404628e+00 -1.165437420403956104e+01 -1.225604134114274402e+01
-3.414358805121887031e+01 -6.283110687860800070e+00 -3.870496077561940140e+00 -6.283110687860800070e+00 -1.276357488601106560e+01 -1.177898136344085600e+01 -3.870496077561940140e+00 -1.177898136344085600e+01 -1.255025991584600931e+01
-3.429532411797565317e+01 -6.262039331051813207e+00 -3.753451565622071495e+00 -6.262039331051813207e+00 -1.277262404894402437e+01 -1.187634812682630070e+01 -3.753451565622071495e+00 -1.187634812682630070e+01 -1.279494036246042121e+01
-3.441010169382143147e+01 -6.238924015469467399e+00 -3.630386666022492381e+00 -6.238924015469467399e+00 -1.277136051079322243e+01 -1.194660456429965123e+01 -3.630386666022492381e+00 -1.194660456429965123e+01 -1.298939516758039758e+01
-3.448808801174676120e+01 -6.213931974104310640e+00 -3.501208471546231937e+00 -6.213931974104310640e+00 -1.276063901795478550e+01 -1.198939762843642320e+01 -3.501208471546231937e+00 -1.198939762843642320e+01 -1.313429326316812507e+01
-3.452939456041200117e+01 -6.187063206956342043e+00 -3.365935563636683892e+00 -6.187063206956342043e+00 -1.274112850239091088e+01 -1.200444859758569827e+01 -3.365935563636683892e+00 -1.200444859758569827e+01 -1.323017351108203421e+01
-3.453467169033594075e+01 -6.158354876912351727e+00 -3.224307802086330277e+00 -6.158354876912351727e+00 -1.271420399091275932e+01 -1.199153449442675168e+01 -3.224307802086330277e+00 -1.199153449442675168e+01 -1.327807647215220221e+01
-3.450440251904684175e+01 -6.127918472632703839e+00 -3.076213698234806060e+00 -6.127918472632703839e+00 -1.268033001960519002e+01 -1.195032085297848568e+01 -3.076213698234806060e+00 -1.195032085297848568e+01 -1.327874540411439241e+01
-3.443938604861064334e+01 -6.095475272466484462e+00 -2.921374530431198657e+00 -6.095475272466484462e+00 -1.264112317404349461e+01 -1.188077051035411280e+01 -2.921374530431198657e+00 -1.188077051035411280e+01 -1.323372256677032155e+01
-3.434116453882906939e+01 -6.061415486724974322e+00 -2.759381506920835836e+00 -6.061415486724974322e+00 -1.259795848103884097e+01 -1.178241893046877742e+01 -2.759381506920835836e+00 -1.178241893046877742e+01 -1.314488468590280235e+01
-2.499365045334114299e+00 2.238723226295806334e+00 -5.871940898490456640e+00 2.238723226295806334e+00 1.576783005580047359e+01 4.810409412155074449e+00 -5.871940898490456640e+00 4.810409412155074449e+00 2.952770382333145704e+01
-2.428097472041302218e+00 2.405401133866618135e+00 -5.696084456048057909e+00 2.405401133866618135e+00 1.564970552627605827e+01 4.935105344077827638e+00 -5.696084456048057909e+00 4.935105344077827638e+00 2.945257912254396970e+01
-2.384419074578456144e+00 2.571239759065902852e+00 -5.501513802427791866e+00 2.571239759065902852e+00 1.548424189958319985e+01 5.056479860657944414e+00 -5.501513802427791866e+00 5.056479860657944414e+00 2.926609772241948093e+01
-2.367258428641499712e+00 2.734917678585300660e+00 -5.288353937131801352e+00 2.734917678585300660e+00 1.527440344962984398e+01 5.174604390182362401e+00 -5.288353937131801352e+00 5.174604390182362401e+00 2.897277746210684413e+01
-2.378419098475628601e+00 2.894988469614308002e+00 -5.057390571316409122e+00 2.894988469614308002e+00 1.502077945978324003e+01 5.289389647292408903e+00 -5.057390571316409122e+00 5.289389647292408903e+00 2.857277905525167228e+01
-2.419061793743591871e+00 3.049827138625075484e+00 -4.809212988348855689e+00 3.049827138625075484e+00 1.472422706948663773e+01 5.400710632485941964e+00 -4.809212988348855689e+00 5.400710632485941964e+00 2.806694178422548802e+01
-2.490918650403645351e+00 3.198165833524446722e+00 -4.544464042811588556e+00 3.198165833524446722e+00 1.438587127425932444e+01 5.508513774547757258e+00 -4.544464042811588556e+00 5.508513774547757258e+00 2.745606921725635630e+01
-2.595025378616397926e+00 3.338540274430183974e+00 -4.263893731717461222e+00 3.338540274430183974e+00 1.400569421702956419e+01 5.612656216903979534e+00 -4.263893731717461222e+00 5.612656216903979534e+00 2.674066135235284136e+01
-2.733881968424693554e+00 3.469950465325148503e+00 -3.968144909648918972e+00 3.469950465325148503e+00 1.358517803475133157e+01 5.713084388339402686e+00 -3.968144909648918972e+00 5.713084388339402686e+00 2.592150390067126509e+01
-2.908434844630466198e+00 3.591003554614041526e+00 -3.657949716547079344e+00 3.591003554614041526e+00 1.312359058748350371e+01 5.809744717638824163e+00 -3.657949716547079344e+00 5.809744717638824163e+00 2.499859686221162747e+01
3.557142310840156085e+01 -4.538289498300139613e+00 2.581023237290173711e+01 -4.538289498300139613e+00 5.223008883284769155e+01 3.916407647373110201e-01 2.581023237290173711e+01 3.916407647373110201e-01 1.038786457344052572e+01
3.551336367154019769e+01 -4.547717211881394661e+00 2.552981432124272843e+01 -4.547717211881394661e+00 5.221694559310365946e+01 2.185041904605691809e-01 2.552981432124272843e+01 2.185041904605691809e-01 1.026535638369958114e+01
3.545150189715712941e+01 -4.556363623232158488e+00 2.520052147449857571e+01 -4.556363623232158488e+00 5.218986044911331135e+01 5.229516262751167377e-02 2.520052147449857571e+01 5.229516262751167377e-02 1.011109259885713740e+01
3.538667117429818632e+01 -4.564384992798529161e+00 2.482315249717155936e+01 -4.564384992798529161e+00 5.214947580493284107e+01 -1.066043487825105301e-01 2.482315249717155936e+01 -1.066043487825105301e-01 9.925142668000347612e+00
3.531888886523517357e+01 -4.571937581026606523e+00 2.439892274828689267e+01 -4.571937581026606523e+00 5.209534024149572673e+01 -2.575693019851048038e-01 2.439892274828689267e+01 -2.575693019851048038e-01 9.707367692954903760e+00
3.524716532047612816e+01 -4.579108199275331970e+00 2.392927329640302858e+01 -4.579108199275331970e+00 5.202622103750498184e+01 -3.999572929240899910e-01 2.392927329640302858e+01 -3.999572929240899910e-01 9.456413416521286308e+00
3.517078868687770665e+01 -4.585862123001129831e+00 2.341552367417591540e+01 -4.585862123001129831e+00 5.194112854346865049e+01 -5.331953666304394268e-01 2.341552367417591540e+01 -5.331953666304394268e-01 9.171272826935755518e+00
3.508885612630691497e+01 -4.592147265388632604e+00 2.285913231243579347e+01 -4.592147265388632604e+00 5.183889948717688867e+01 -6.567800172222814092e-01 2.285913231243579347e+01 -6.567800172222814092e-01 8.850400682009112785e+00
3.500030854018463344e+01 -4.597824728263532279e+00 2.226131457020787963e+01 -4.597824728263532279e+00 5.171835323414806851e+01 -7.703639992638422473e-01 2.226131457020787963e+01 -7.703639992638422473e-01 8.492112841377862154e+00
3.490386112039850275e+01 -4.602738251179729012e+00 2.162330316878916392e+01 -4.602738251179729012e+00 5.157801399128014452e+01 -8.736347918629256970e-01 2.162330316878916392e+01 -8.736347918629256970e-01 8.094655715591342116e+00
8.913433649486861565e-01 -2.327775600671831313e+01 4.459847647274771454e+00 -2.327775600671831313e+01 3.075028740218583856e+00 -2.488509857762053912e+01 4.459847647274771454e+00 -2.488509857762053912e+01 7.292825801616582559e-01
8.694638017094324933e-01 -2.321072382951550139e+01 4.247983257827341319e+00 -2.321072382951550139e+01 3.125212386920362739e+00 -2.496458165598845014e+01 4.247983257827341319e+00 -2.496458165598845014e+01 7.694946475873172265e-01
8.451411110613291644e-01 -2.312018333746754095e+01 4.018437864835866513e+00 -2.312018333746754095e+01 3.177947744471384173e+00 -2.498906722179714279e+01 4.018437864835866513e+00 -2.498906722179714279e+01 7.995541633362008849e-01
8.186105571252283442e-01 -2.300693080913730881e+01 3.771663899301984202e+00 -2.300693080913730881e+01 3.232637603949485516e+00 -2.495918867844891409e+01 3.771663899301984202e+00 -2.495918867844891409e+01 8.160045545557886859e-01
