-1.611172951070768855e+00 -4.882397072796637767e-04 2.592878338793201287e+00 -4.882397072796637767e-04 -2.514597239059361833e+00 0.000000000000000000e+00 2.592878338793201287e+00 0.000000000000000000e+00 -1.448426381977547805e+00
-1.700285739125368512e+00 4.144612626240701259e-02 2.715679666650097079e+00 4.144612626240701259e-02 -2.387817661735742725e+00 8.254867643450612691e-02 2.715679666650097079e+00 8.254867643450612691e-02 -1.404050817471462764e+00
-1.777246783354340609e+00 8.338049223209369198e-02 2.842079501979165812e+00 8.338049223209369198e-02 -2.251761529973809406e+00 1.650431040126478233e-01 2.842079501979165812e+00 1.650431040126478233e-01 -1.342134789407552820e+00
-1.841115770247369499e+00 1.250074480157153944e-01 2.972077844780406597e+00 1.250074480157153944e-01 -2.107025581193571195e+00 2.475736974950324965e-01 2.972077844780406597e+00 2.475736974950324965e-01 -1.264233431668264185e+00
-1.891983114565061852e+00 1.660376663793286245e-01 3.105475782580483735e+00 1.660376663793286245e-01 -1.955201115181717242e+00 3.299957932646883640e-01 3.105475782580483735e+00 3.299957932646883640e-01 -1.171666799758464217e+00
-1.930228558301968711e+00 2.061818200889898589e-01 3.241965905193331832e+00 2.061818200889898589e-01 -1.798078344198272838e+00 4.121828106567650418e-01 3.241965905193331832e+00 4.121828106567650418e-01 -1.066478267267878977e+00
-1.956557336590827534e+00 2.452229137192415143e-01 3.381331217193493721e+00 2.452229137192415143e-01 -1.637610227072356706e+00 4.940262519585338907e-01 3.381331217193493721e+00 4.940262519585338907e-01 -9.510186179722992517e-01
-1.971801265229225830e+00 2.828354541318970905e-01 3.523390889059754727e+00 2.828354541318970905e-01 -1.475876303297937620e+00 5.754718683136303969e-01 3.523390889059754727e+00 5.754718683136303969e-01 -8.278737140250951310e-01
-1.977063404296573124e+00 3.187662799972560412e-01 3.668018340127263244e+00 3.187662799972560412e-01 -1.315028444177470668e+00 6.564654108656902132e-01 3.668018340127263244e+00 6.564654108656902132e-01 -6.999006618614588282e-01
-1.973519145680765252e+00 3.528164788419822506e-01 3.815123155635414154e+00 3.528164788419822506e-01 -1.157218521013410495e+00 7.370068796147132284e-01 3.815123155635414154e+00 7.370068796147132284e-01 -5.699384849644608675e-01
3.567937235476228608e+01 -3.203468716692394302e+00 -1.169535348145344678e+01 -3.203468716692394302e+00 2.434218529748561366e+01 -1.548359511086739637e+01 -1.169535348145344678e+01 -1.548359511086739637e+01 1.836843174029180759e+01
3.559387760498073305e+01 -3.199592116518475748e+00 -1.148039425559336735e+01 -3.199592116518475748e+00 2.432306422906020416e+01 -1.542146473510702620e+01 -1.148039425559336735e+01 -1.542146473510702620e+01 1.820802431147371792e+01
3.547964013499075264e+01 -3.193427972998686304e+00 -1.122962013353190436e+01 -3.193427972998686304e+00 2.428293617861126208e+01 -1.532318768204930848e+01 -1.122962013353190436e+01 -1.532318768204930848e+01 1.796907207372641224e+01
3.534027461252208013e+01 -3.184731815851787662e+00 -1.094364229097215357e+01 -3.184731815851787662e+00 2.422450778139535643e+01 -1.518928781658260441e+01 -1.094364229097215357e+01 -1.518928781658260441e+01 1.765620250023047078e+01
3.517476823212388126e+01 -3.173451258588943613e+00 -1.062350845769085161e+01 -3.173451258588943613e+00 2.414547403190366381e+01 -1.502039377657296448e+01 -1.062350845769085161e+01 -1.502039377657296448e+01 1.726796623146140774e+01
3.498338292624033130e+01 -3.159621225536044964e+00 -1.027030128779061968e+01 -3.159621225536044964e+00 2.404482212468534641e+01 -1.481725643502704237e+01 -1.027030128779061968e+01 -1.481725643502704237e+01 1.680500936744821416e+01
3.476585676242725498e+01 -3.143224254530145867e+00 -9.885365367818272020e+00 -3.143224254530145867e+00 2.392105031372708268e+01 -1.458064412711444291e+01 -9.885365367818272020e+00 -1.458064412711444291e+01 1.626715728656142446e+01
3.452199765689224620e+01 -3.124382580711866364e+00 -9.470045284320617540e+00 -3.124382580711866364e+00 2.377262192868965585e+01 -1.431146488530834127e+01 -9.470045284320617540e+00 -1.431146488530834127e+01 1.565451476177872614e+01
3.425147382853933209e+01 -3.103200977058878429e+00 -9.025668161681517532e+00 -3.103200977058878429e+00 2.359803522355975502e+01 -1.401055689343011856e+01 -9.025668161681517532e+00 -1.401055689343011856e+01 1.496720402824072949e+01
3.395400588276139331e+01 -3.079906451689475855e+00 -8.553596048610730307e+00 -3.079906451689475855e+00 2.339592814962762546e+01 -1.367872341097527844e+01 -8.553596048610730307e+00 -1.367872341097527844e+01 1.420526001027332796e+01
-5.021684910138947799e+01 1.314811425030857794e+00 1.596236494932626293e+01 1.314811425030857794e+00 -3.850084764546513583e+01 9.573937096737592967e+00 1.596236494932626293e+01 9.573937096737592967e+00 -5.776070795990401763e+01
-5.022129773319388590e+01 1.303198762788190912e+00 1.588512052435886979e+01 1.303198762788190912e+00 -3.848201317834518420e+01 9.556412183568724572e+00 1.588512052435886979e+01 9.556412183568724572e+00 -5.774378004927166330e+01
-5.015320092773771421e+01 1.289756576643279473e+00 1.579718782817310263e+01 1.289756576643279473e+00 -3.839642997601283270e+01 9.525136953913515114e+00 1.579718782817310263e+01 9.525136953913515114e+00 -5.752745329144102016e+01
-5.001097951702114131e+01 1.274581157327820735e+00 1.569822021413485125e+01 1.274581157327820735e+00 -3.824278848451697854e+01 9.479803277430532304e+00 1.569822021413485125e+01 9.479803277430532304e+00 -5.711068774650974689e+01
-4.979540382689773281e+01 1.257768795573511511e+00 1.558794806819536483e+01 1.257768795573511511e+00 -3.802193606229657519e+01 9.420411154119777919e+00 1.558794806819536483e+01 9.420411154119777919e+00 -5.649544774540446923e+01
-4.950709011805035686e+01 1.239396523965710095e+00 1.546610177630588545e+01 1.239396523965710095e+00 -3.773470080964419537e+01 9.346941325834912107e+00 1.546610177630588545e+01 9.346941325834912107e+00 -5.568406352383225055e+01
-4.914729016999106648e+01 1.219560633236112857e+00 1.533227691739329401e+01 1.219560633236112857e+00 -3.738229598977925150e+01 9.259451567014950868e+00 1.533227691739329401e+01 9.259451567014950868e+00 -5.468034819476829966e+01
-4.871783350662212086e+01 1.198453704848114532e+00 1.518606907038445897e+01 1.198453704848114532e+00 -3.696660890104298147e+01 9.158038168391593459e+00 1.518606907038445897e+01 9.158038168391593459e+00 -5.348940516699255454e+01
-4.822024152150432030e+01 1.176037222509035862e+00 1.502720862123062773e+01 1.176037222509035862e+00 -3.648931500216693280e+01 9.043105551037966094e+00 1.502720862123062773e+01 9.043105551037966094e+00 -5.211822514762623371e+01
-4.765653632000331896e+01 1.152773381731022839e+00 1.485490598593188238e+01 1.152773381731022839e+00 -3.595230159149235760e+01 8.914692231246750254e+00 1.485490598593188238e+01 8.914692231246750254e+00 -5.056908059793737209e+01
6.896015643320954069e+00 3.005276508064794183e-01 5.110782933801951700e+00 3.005276508064794183e-01 8.605872058140668912e+00 -1.986155590046360686e+01 5.110782933801951700e+00 -1.986155590046360686e+01 3.627162042497269567e+01
6.838145986272880172e+00 2.806927192138345961e-01 5.184541864007575107e+00 2.806927192138345961e-01 8.692409945169869090e+00 -1.978664170990536775e+01 5.184541864007575107e+00 -1.978664170990536775e+01 3.629451235319072566e+01
6.736607487895836854e+00 2.581740289558767665e-01 5.256239098814679878e+00 2.581740289558767665e-01 8.724330677374519283e+00 -1.966279780010469480e+01 5.256239098814679878e+00 -1.966279780010469480e+01 3.617427641033746255e+01
6.591933345275649891e+00 2.331848588669354072e-01 5.326016824112818959e+00 2.331848588669354072e-01 8.700941098543049534e+00 -1.948981089222726837e+01 5.326016824112818959e+00 -1.948981089222726837e+01 3.591009502754796756e+01
6.404212424593288766e+00 2.059029413089517035e-01 5.393910586374381033e+00 2.059029413089517035e-01 8.620961535669481535e+00 -1.926757434685591264e+01 5.393910586374381033e+00 -1.926757434685591264e+01 3.550182601893269663e+01
6.173462499084950039e+00 1.766659677696141573e-01 5.460062571488919048e+00 1.766659677696141573e-01 8.483076769275450957e+00 -1.899605261751824870e+01 5.460062571488919048e+00 -1.899605261751824870e+01 3.494966489008978527e+01
5.899559156097271106e+00 1.458827226813876055e-01 5.524739377999344114e+00 1.458827226813876055e-01 8.286078219299756853e+00 -1.867538789010382416e+01 5.524739377999344114e+00 -1.867538789010382416e+01 3.425398487897929556e+01
5.582235797087342632e+00 1.138908975319605082e-01 5.588154284739986544e+00 1.138908975319605082e-01 8.028792852153587845e+00 -1.830579344344696935e+01 5.588154284739986544e+00 -1.830579344344696935e+01 3.341544359534042030e+01
5.221314689693221212e+00 8.104595704521534716e-02 5.650644983198533922e+00 8.104595704521534716e-02 7.710385325735814810e+00 -1.788764251550776407e+01 5.650644983198533922e+00 -1.788764251550776407e+01 3.243530293894294658e+01
4.816564781844387078e+00 4.781000536219940505e-02 5.712513618390286929e+00 4.781000536219940505e-02 7.330073617653904527e+00 -1.742152162308061136e+01 5.712513618390286929e+00 -1.742152162308061136e+01 3.131484258279284205e+01
-1.424597248337648736e+01 -2.897283926369599527e+00 -1.091637633166993204e+01 -2.897283926369599527e+00 -4.708040432018444932e+01 1.411153808476298366e+01 -1.091637633166993204e+01 1.411153808476298366e+01 -5.552709095712832266e+01
-1.426276020390806742e+01 -2.917633826878536230e+00 -1.084609906818050362e+01 -2.917633826878536230e+00 -4.717709476925064394e+01 1.404794938261401605e+01 -1.084609906818050362e+01 1.404794938261401605e+01 -5.570521890376194563e+01
-1.422071511151576750e+01 -2.935008928151063401e+00 -1.075816248693099375e+01 -2.935008928151063401e+00 -4.719939628964079503e+01 1.397246148351941386e+01 -1.075816248693099375e+01 1.397246148351941386e+01 -5.569932614858663555e+01
-1.411837822823013866e+01 -2.949314491357997614e+00 -1.065228237143384682e+01 -2.949314491357997614e+00 -4.714575516455625603e+01 1.388482806652329771e+01 -1.065228237143384682e+01 1.388482806652329771e+01 -5.550713895970196177e+01
-1.395620430043126881e+01 -2.960474725435989551e+00 -1.052834503509403952e+01 -2.960474725435989551e+00 -4.701647455825041533e+01 1.378476491513810842e+01 -1.052834503509403952e+01 1.378476491513810842e+01 -5.512952893433642032e+01
-1.373512176864517187e+01 -2.968451734853366109e+00 -1.038612310472152700e+01 -2.968451734853366109e+00 -4.681219869476173301e+01 1.367198781287629394e+01 -1.038612310472152700e+01 1.367198781287629394e+01 -5.456835295354203907e+01
-1.345609696892953266e+01 -2.973169728546778412e+00 -1.022542710265794419e+01 -2.973169728546778412e+00 -4.653378022355287413e+01 1.354598517006025205e+01 -1.022542710265794419e+01 1.354598517006025205e+01 -5.382611212240929888e+01
-1.312066467031714723e+01 -2.974533967687042590e+00 -1.004602965571324269e+01 -2.974533967687042590e+00 -4.618241285387157546e+01 1.340624539701238938e+01 -1.004602965571324269e+01 1.340624539701238938e+01 -5.290612229995966942e+01
-1.273064385832837253e+01 -2.972506556742483319e+00 -9.847760233994891976e+00 -2.972506556742483319e+00 -4.575963135475063126e+01 1.325214321746008039e+01 -9.847760233994891976e+00 1.325214321746008039e+01 -5.181264673350649019e+01
-1.228690613019170286e+01 -2.967011704649753945e+00 -9.630865158458767894e+00 -2.967011704649753945e+00 -4.526626942788686137e+01 1.308335651938409860e+01 -9.630865158458767894e+00 1.308335651938409860e+01 -5.055034657344565119e+01
-1.916324027739888791e+01 -1.140605999203730114e+01 2.114918720773854233e+01 -1.140605999203730114e+01 1.355722149191361936e+01 1.938982336640023263e+01 2.114918720773854233e+01 1.938982336640023263e+01 4.001626319149638178e+00
-1.924165057184046290e+01 -1.132893689549291771e+01 2.116253055495449686e+01 -1.132893689549291771e+01 1.351338424521772730e+01 1.916661237329857315e+01 2.116253055495449686e+01 1.916661237329857315e+01 3.826277332366074369e+00
-1.930077102737201855e+01 -1.124797033480480835e+01 2.114846202582463519e+01 -1.124797033480480835e+01 1.345011212322903482e+01 1.890076068365897655e+01 2.114846202582463519e+01 1.890076068365897655e+01 3.635590748103302960e+00
-1.933971329614901435e+01 -1.116350477138208142e+01 2.110636521572212843e+01 -1.116350477138208142e+01 1.336800340102651674e+01 1.859199635426372410e+01 2.110636521572212843e+01 1.859199635426372410e+01 3.430110452796756970e+00
-1.935887622822410137e+01 -1.107597531437308191e+01 2.103591379278571694e+01 -1.107597531437308191e+01 1.326705807861017306e+01 1.824075449426116435e+01 2.103591379278571694e+01 1.824075449426116435e+01 3.210616017003890654e+00
-1.935898500551119028e+01 -1.098581707292615484e+01 2.093665451831921942e+01 -1.098581707292615484e+01 1.314716737869291485e+01 1.784766963782596605e+01 2.093665451831921942e+01 1.784766963782596605e+01 2.977324995298876509e+00
-1.934116365997683573e+01 -1.089351954483319318e+01 2.080831544910490294e+01 -1.089351954483319318e+01 1.300831317172689872e+01 1.741361200325482628e+01 2.080831544910490294e+01 1.741361200325482628e+01 2.730545589995126754e+00
-1.930686255544886976e+01 -1.079960848698178211e+01 2.065058838282936549e+01 -1.079960848698178211e+01 1.285044106906857841e+01 1.693961497477506484e+01 2.065058838282936549e+01 1.693961497477506484e+01 2.470169023805555142e+00
-1.925780399897282180e+01 -1.070455526761596055e+01 2.046329202401412672e+01 -1.070455526761596055e+01 1.267355107071795572e+01 1.642676632525754599e+01 2.046329202401412672e+01 1.642676632525754599e+01 2.196159037634465072e+00
-1.919590972262055928e+01 -1.060888564362331543e+01 2.024620881808501238e+01 -1.060888564362331543e+01 1.247777008350996297e+01 1.587631699350376380e+01 2.024620881808501238e+01 1.587631699350376380e+01 1.908461242838314309e+00
3.391457600945766870e+00 1.511223675408603917e+00 1.059975508744369854e+01 1.511223675408603917e+00 -5.445357269998094552e+00 1.270045623335190221e+01 1.059975508744369854e+01 1.270045623335190221e+01 -1.175045150697957119e+01
3.488377622924222710e+00 1.486662869390124708e+00 1.059192463120754724e+01 1.486662869390124708e+00 -5.380266602535098919e+00 1.275361995589964970e+01 1.059192463120754724e+01 1.275361995589964970e+01 -1.154633398921271237e+01
3.604765029156439926e+00 1.461177634510433476e+00 1.057274726385142216e+01 1.461177634510433476e+00 -5.285539833345008986e+00 1.278601121815427888e+01 1.057274726385142216e+01 1.278601121815427888e+01 -1.128858147143944990e+01
3.740257298520374807e+00 1.434804222881734592e+00 1.054224111143142117e+01 1.434804222881734592e+00 -5.161050080035109566e+00 1.279759376800358517e+01 1.054224111143142117e+01 1.279759376800358517e+01 -1.097889780293338546e+01
3.893241212022930942e+00 1.407578886616232205e+00 1.050044242605975064e+01 1.407578886616232205e+00 -5.008265553149677807e+00 1.278813196671823604e+01 1.050044242605975064e+01 1.278813196671823604e+01 -1.062007439633426209e+01
4.062266685175933034e+00 1.379537877826130909e+00 1.044729682956810635e+01 1.379537877826130909e+00 -4.828491328728071963e+00 1.275731767134449868e+01 1.044729682956810635e+01 1.275731767134449868e+01 -1.021492079033791889e+01
4.245521112369161187e+00 1.350753700735839669e+00 1.038269556561986917e+01 1.350753700735839669e+00 -4.623467508156103634e+00 1.270477023470422573e+01 1.038269556561986917e+01 1.270477023470422573e+01 -9.766917187715977278e+00
4.441210014048496468e+00 1.321226355345358039e+00 1.030651175182232926e+01 1.321226355345358039e+00 -4.395024823100095013e+00 1.262994587511434830e+01 1.030651175182232926e+01 1.262994587511434830e+01 -9.279634421520574605e+00
4.647339524042698677e+00 1.290955841654686465e+00 1.021854600155835868e+01 1.290955841654686465e+00 -4.145338400292309267e+00 1.253228268483570318e+01 1.021854600155835868e+01 1.253228268483570318e+01 -8.756951467757575713e+00
4.862006406461036434e+00 1.259960285719926798e+00 1.011852642398642566e+01 1.259960285719926798e+00 -3.876492736184499410e+00 1.241100124345589251e+01 1.011852642398642566e+01 1.241100124345589251e+01 -8.202529789759624990e+00
-1.170198230429719377e+00 1.380356605397745717e+01 6.321547335560403269e+00 1.380356605397745717e+01 3.004869487053058918e+01 1.091603884648072231e+00 6.321547335560403269e+00 1.091603884648072231e+00 2.544764792499818284e+01
-1.144224535453187697e+00 1.386773844361251840e+01 6.410453202812951723e+00 1.386773844361251840e+01 2.992757878672460237e+01 1.101171275703547670e+00 6.410453202812951723e+00 1.101171275703547670e+00 2.531694673274587970e+01
-1.129891166260817981e+00 1.391908344227690364e+01 6.498721243995134955e+00 1.391908344227690364e+01 2.975440900862049887e+01 1.108346818995154415e+00 6.498721243995134955e+00 1.108346818995154415e+00 2.508949086909737147e+01
-1.127942253268035877e+00 1.395724670215374630e+01 6.585855372163336163e+00 1.395724670215374630e+01 2.953021314488718474e+01 1.113183666695422680e+00 6.585855372163336163e+00 1.113183666695422680e+00 2.476567011665121143e+01
-1.139830622524006465e+00 1.398176757108111090e+01 6.671324065592251884e+00 1.398176757108111090e+01 2.925594793463022469e+01 1.115699536195195796e+00 6.671324065592251884e+00 1.115699536195195796e+00 2.434638806234041652e+01
-1.167576056584885613e+00 1.399246887515056947e+01 6.754489498211514231e+00 1.399246887515056947e+01 2.893233979087418817e+01 1.115894427494473984e+00 6.754489498211514231e+00 1.115894427494473984e+00 2.383173329311921051e+01
-1.213464098869481145e+00 1.398920887523537004e+01 6.834784713514135746e+00 1.398920887523537004e+01 2.856018599620702858e+01 1.113662036248196374e+00 6.834784713514135746e+00 1.113662036248196374e+00 2.322207787419529268e+01
-1.280099205831783937e+00 1.397204072350804438e+01 6.911802211510712723e+00 1.397204072350804438e+01 2.814019524626249336e+01 1.108896058111302096e+00 6.911802211510712723e+00 1.108896058111302096e+00 2.251736865339614724e+01
-1.370316160006749495e+00 1.394112387648618601e+01 6.985063622648475246e+00 1.394112387648618601e+01 2.767295221493841950e+01 1.101454753957043398e+00 6.985063622648475246e+00 1.101454753957043398e+00 2.171721584812320671e+01
-1.486967461320177319e+00 1.389670637764159800e+01 7.054232316501393818e+00 1.389670637764159800e+01 2.715920103265022689e+01 1.091196384658672525e+00 7.054232316501393818e+00 1.091196384658672525e+00 2.082126511055961160e+01
1.182533550312175130e+01 8.185781769592516355e+00 1.043572598216408487e+01 8.185781769592516355e+00 3.814665545605134156e+01 -1.682694405331056942e+01 1.043572598216408487e+01 -1.682694405331056942e+01 2.250252909449764971e+01
1.182312551410739410e+01 8.190780554267853120e+00 1.042095764287765114e+01 8.190780554267853120e+00 3.805867684576541166e+01 -1.684253675357854974e+01 1.042095764287765114e+01 -1.684253675357854974e+01 2.239748445793415854e+01
1.180997081759334755e+01 8.190166668430531871e+00 1.039552522961716363e+01 8.190166668430531871e+00 3.792374473872200724e+01 -1.681470141575483268e+01 1.039552522961716363e+01 -1.681470141575483268e+01 2.220739032350853037e+01
1.178581879479356154e+01 8.183975191271255056e+00 1.035972691550360913e+01 8.183975191271255056e+00 3.774280627307015834e+01 -1.674403438608138117e+01 1.035972691550360913e+01 -1.674403438608138117e+01 2.193184328052766929e+01
1.174965214917761180e+01 8.172258741576078123e+00 1.031375563608585999e+01 8.172258741576078123e+00 3.751640517626576354e+01 -1.663100923363270667e+01 1.031375563608585999e+01 -1.663100923363270667e+01 2.157087840818227065e+01
1.170012033190339373e+01 8.155087477726411294e+00 1.025790956448489943e+01 8.155087477726411294e+00 3.724503255697868553e+01 -1.647646785898570343e+01 1.025790956448489943e+01 -1.647646785898570343e+01 2.112433785011416987e+01
1.163569739817527804e+01 8.132584176889718464e+00 1.019234655705889914e+01 8.132584176889718464e+00 3.692933738023695867e+01 -1.628118200433586438e+01 1.019234655705889914e+01 -1.628118200433586438e+01 2.059229176470478251e+01
1.155440137371847875e+01 8.104889155828814751e+00 1.011731216814278511e+01 8.104889155828814751e+00 3.656981075471043141e+01 -1.604609880783220532e+01 1.011731216814278511e+01 -1.604609880783220532e+01 1.997424904328423878e+01
1.145419766547215978e+01 8.072212889687927273e+00 1.003285901652261458e+01 8.072212889687927273e+00 3.616697886825966890e+01 -1.577218294721908265e+01 1.003285901652261458e+01 -1.577218294721908265e+01 1.926982381475480111e+01
1.133284120523125615e+01 8.034765853611279596e+00 9.939109879365854994e+00 8.034765853611279596e+00 3.572156084429410328e+01 -1.546036402105015739e+01 9.939109879365854994e+00 -1.546036402105015739e+01 1.847863020801871770e+01
-2.045254391890634338e+01 -1.516870604284505042e+00 4.765550807252019183e+00 -1.516870604284505042e+00 -3.281288493063789247e+01 -2.671751421153472084e+00 4.765550807252019183e+00 -2.671751421153472084e+00 -1.069593589471613804e+01
-2.039738126692057563e+01 -1.533261260743007615e+00 4.741829936667920187e+00 -1.533261260743007615e+00 -3.262538772769942597e+01 -2.710058301571244499e+00 4.741829936667920187e+00 -2.710058301571244499e+00 -1.037504367837532548e+01
-2.032095355212882737e+01 -1.547847270576681034e+00 4.712713730813713475e+00 -1.547847270576681034e+00 -3.240881152811549981e+01 -2.742225662543720244e+00 4.712713730813713475e+00 -2.742225662543720244e+00 -9.998263230477938635e+00
-2.022348402978365911e+01 -1.560721656807423141e+00 4.678518467963851180e+00 -1.560721656807423141e+00 -3.216417958512702313e+01 -2.768253504070900206e+00 4.678518467963851180e+00 -2.768253504070900206e+00 -9.569948028448822086e+00
-2.010607037154346344e+01 -1.571754187204576603e+00 4.639727867832207586e+00 -1.571754187204576603e+00 -3.189316631312814465e+01 -2.788086012339644260e+00 4.639727867832207586e+00 -2.788086012339644260e+00 -9.093298064241283285e+00
-1.997012652734110105e+01 -1.580851838746242688e+00 4.596955882363310764e+00 -1.580851838746242688e+00 -3.159783682320501796e+01 -2.801760396558713229e+00 4.596955882363310764e+00 -2.801760396558713229e+00 -8.571717980456805108e+00
-1.981732691157074555e+01 -1.588014611432421619e+00 4.550853672710450049e+00 -1.588014611432421619e+00 -3.128046087709196499e+01 -2.809332470541245019e+00 4.550853672710450049e+00 -2.809332470541245019e+00 -8.009151953223879516e+00
-1.964949477546160139e+01 -1.593093668428075649e+00 4.502258446070713127e+00 -1.593093668428075649e+00 -3.094340125954520815e+01 -2.810895257309138806e+00 4.502258446070713127e+00 -2.810895257309138806e+00 -7.409413926440342912e+00
-1.946858360247354369e+01 -1.596033195920065983e+00 4.451951595828043118e+00 -1.596033195920065983e+00 -3.058916959215600073e+01 -2.806634802906190718e+00 4.451951595828043118e+00 -2.806634802906190718e+00 -6.776708540696004590e+00
-1.927667710829708980e+01 -1.596721566282114368e+00 4.400770329179528595e+00 -1.596721566282114368e+00 -3.022009145047180212e+01 -2.796718548771818469e+00 4.400770329179528595e+00 -2.796718548771818469e+00 -6.114886949097457780e+00
1.840094634132184837e+01 1.353923184605628371e+01 -1.071731110833984424e+01 1.353923184605628371e+01 -5.948977421720271330e+00 6.162040464010776653e+00 -1.071731110833984424e+01 6.162040464010776653e+00 6.861984449308725864e+00
1.853499760960452036e+01 1.338814198433110469e+01 -1.056851455887611557e+01 1.338814198433110469e+01 -5.908934039655076909e+00 6.183665681976185269e+00 -1.056851455887611557e+01 6.183665681976185269e+00 7.076821225301449303e+00
1.865208195045286388e+01 1.322234267442895650e+01 -1.039171451671981572e+01 1.322234267442895650e+01 -5.860577400642120516e+00 6.196995559495873884e+00 -1.039171451671981572e+01 6.196995559495873884e+00 7.270283614357360591e+00
1.875141103777699314e+01 1.304296265597852411e+01 -1.018660640133622053e+01 1.304296265597852411e+01 -5.804158335709997729e+00 6.201456768504479911e+00 -1.018660640133622053e+01 6.201456768504479911e+00 7.439343727631260172e+00
1.883192779795640348e+01 1.285145316564525508e+01 -9.953100630215116595e+00 1.285145316564525508e+01 -5.740321838932242571e+00 6.196493897438681842e+00 -9.953100630215116595e+00 6.196493897438681842e+00 7.582299497429104029e+00
1.889239599235014921e+01 1.264937293910685767e+01 -9.691089704344246769e+00 1.264937293910685767e+01 -5.670160816933450754e+00 6.181408202718818856e+00 -9.691089704344246769e+00 6.181408202718818856e+00 7.697180108526204378e+00
1.893138230079483009e+01 1.243824487903695086e+01 -9.400412375205231541e+00 1.243824487903695086e+01 -5.595108589877032301e+00 6.155465107761145305e+00 -9.400412375205231541e+00 6.155465107761145305e+00 7.781781831171324271e+00
1.894748923613112268e+01 1.221977105312958223e+01 -9.080799895267428923e+00 1.221977105312958223e+01 -5.516885141959074090e+00 6.117840453471702133e+00 -9.080799895267428923e+00 6.117840453471702133e+00 7.833632188082586545e+00
1.893944472671399737e+01 1.199556394656858416e+01 -8.731840184983861164e+00 1.199556394656858416e+01 -5.437371705894050500e+00 6.067638414748358855e+00 -8.731840184983861164e+00 6.067638414748358855e+00 7.850133286463813143e+00
1.890572586986984049e+01 1.176720021153370332e+01 -8.353121164807546961e+00 1.176720021153370332e+01 -5.358664512420943105e+00 6.003981082991028728e+00 -8.353121164807546961e+00 6.003981082991028728e+00 7.828328903477979495e+00
2.131319630835946555e+01 5.798846169565420317e-01 1.006038289700910227e+01 5.798846169565420317e-01 4.951450112911439305e+01 -1.852810498617612822e+01 1.006038289700910227e+01 -1.852810498617612822e+01 4.855997952887614133e+01
2.123162951279280364e+01 6.727878146189084640e-01 1.015411558750774113e+01 6.727878146189084640e-01 4.946267510794820055e+01 -1.858207386383601545e+01 1.015411558750774113e+01 -1.858207386383601545e+01 4.838875838258917383e+01
2.109510881682318129e+01 7.631852526717060048e-01 1.023970887955046649e+01 7.631852526717060048e-01 4.930776732077456614e+01 -1.857949897982342691e+01 1.023970887955046649e+01 -1.857949897982342691e+01 4.800923084779362426e+01
2.090396256136495268e+01 8.501264705733736493e-01 1.031733558414484087e+01 8.501264705733736493e-01 4.904991601639953558e+01 -1.852044945854137481e+01 1.031733558414484087e+01 -1.852044945854137481e+01 4.742141420559023857e+01
2.065824258972038763e+01 9.326264455808398468e-01 1.038715123119766126e+01 9.326264455808398468e-01 4.868976059555106417e+01 -1.840521907870270724e+01 1.038715123119766126e+01 -1.840521907870270724e+01 4.662727850146517028e+01
2.035789705858721632e+01 1.009751998253299199e+00 1.044913853960817285e+01 1.009751998253299199e+00 4.822868354628960219e+01 -1.823449908433765998e+01 1.044913853960817285e+01 -1.823449908433765998e+01 4.562995161465518379e+01
2.000289140576392910e+01 1.080604511351458186e+00 1.050338391488015333e+01 1.080604511351458186e+00 4.766893141171339465e+01 -1.800934362259231136e+01 1.050338391488015333e+01 -1.800934362259231136e+01 4.443356372824087686e+01
1.959322563125052241e+01 1.144440897542823743e+00 1.054987007591284787e+01 1.144440897542823743e+00 4.701339013564862057e+01 -1.773129071143392821e+01 1.054987007591284787e+01 -1.773129071143392821e+01 4.304359295116179851e+01
1.912822577211753483e+01 1.200725442703971080e+00 1.058854517940398843e+01 1.200725442703971080e+00 4.626504934852601991e+01 -1.740253505065847150e+01 1.058854517940398843e+01 -1.740253505065847150e+01 4.146550011125673052e+01
1.861017293366470327e+01 1.248784183905429668e+00 1.061951291195811109e+01 1.248784183905429668e+00 4.543071780404330440e+01 -1.702530590226341900e+01 1.061951291195811109e+01 -1.702530590226341900e+01 3.971041423741230858e+01
-2.675761479097045736e+01 4.031835518992796796e-01 2.492512391835604024e+00 4.031835518992796796e-01 -5.950989959227679371e+00 -6.585477986550537288e+00 2.492512391835604024e+00 -6.585477986550537288e+00 8.964400249675474441e+00
-2.673646213508339642e+01 3.980145320031350797e-01 2.631104446568758082e+00 3.980145320031350797e-01 -5.932091875848512608e+00 -6.533182902282094418e+00 2.631104446568758082e+00 -6.533182902282094418e+00 9.007292116898801382e+00
-2.670575962328892317e+01 3.932670988361086084e-01 2.776075291812047929e+00 3.932670988361086084e-01 -5.932018556417362198e+00 -6.467946938415503944e+00 2.776075291812047929e+00 -6.467946938415503944e+00 9.022707527298296171e+00
-2.666565389444933132e+01 3.890329016871391099e-01 2.927259958845383814e+00 3.890329016871391099e-01 -5.950751671076439209e+00 -6.389385167937221333e+00 2.927259958845383814e+00 -6.389385167937221333e+00 9.008556877086157044e+00
-2.661711643102737668e+01 3.853302704140142421e-01 3.084126881792921271e+00 3.853302704140142421e-01 -5.988896105132740288e+00 -6.297314292269368785e+00 3.084126881792921271e+00 -6.297314292269368785e+00 8.963923673372992340e+00
-2.656163195150386613e+01 3.821958647323095426e-01 3.246162824636603439e+00 3.821958647323095426e-01 -6.047350021617864613e+00 -6.191441033687342888e+00 3.246162824636603439e+00 -6.191441033687342888e+00 8.887304867820210674e+00
-2.650085014307970255e+01 3.796663443576004937e-01 3.412891211073949105e+00 3.796663443576004937e-01 -6.127084902994563542e+00 -6.071472114466539338e+00 3.412891211073949105e+00 -6.071472114466539338e+00 8.777105762800276878e+00
-2.643678729011152484e+01 3.777783690054625776e-01 3.583817134944688121e+00 3.777783690054625776e-01 -6.229163881014525117e+00 -5.937040937451204314e+00 3.583817134944688121e+00 -5.937040937451204314e+00 8.631566691965565141e+00
-2.637162464567608566e+01 3.764769491025324877e-01 3.758500679661915367e+00 3.764769491025324877e-01 -6.354686747145016135e+00 -5.787817565201156533e+00 3.758500679661915367e+00 -5.787817565201156533e+00 8.448744690390579848e+00
-2.630743348370339518e+01 3.758537339377491238e-01 3.936575248069876132e+00 3.758537339377491238e-01 -6.504918261573389593e+00 -5.623398740845067856e+00 3.936575248069876132e+00 -5.623398740845067856e+00 8.226678463292026677e+00
-3.317004409358435169e+01 -6.656051858952245937e+00 9.401579317359951560e+00 -6.656051858952245937e+00 -6.892161023089585781e-01 -1.533783684983834306e+01 9.401579317359951560e+00 -1.533783684983834306e+01 -3.254426667356894853e+01
-3.294191347094634637e+01 -6.691584200745801958e+00 9.359293047413469679e+00 -6.691584200745801958e+00 -4.913482731254147362e-01 -1.540381753256308528e+01 9.359293047413469679e+00 -1.540381753256308528e+01 -3.195357628140296313e+01
-3.265171721734257204e+01 -6.723776687958240572e+00 9.310549725276825228e+00 -6.723776687958240572e+00 -2.600818981306951549e-01 -1.544354324733071415e+01 9.310549725276825228e+00 -1.544354324733071415e+01 -3.124406128513987824e+01
-3.229856470488473263e+01 -6.752425218365161186e+00 9.255238022463982972e+00 -6.752425218365161186e+00 4.360365703125730977e-03 -1.545580793554248444e+01 9.255238022463982972e+00 -1.545580793554248444e+01 -3.041824513046320533e+01
-3.188587000714463926e+01 -6.777622565704924718e+00 9.193190946245888284e+00 -6.777622565704924718e+00 2.979335833833610669e-01 -1.543938698385198904e+01 9.193190946245888284e+00 -1.543938698385198904e+01 -2.948367959967581697e+01
-3.141452375201058445e+01 -6.799220291996152632e+00 9.124297168136502378e+00 -6.799220291996152632e+00 6.189492728717792547e-01 -1.539305577891281906e+01 9.124297168136502378e+00 -1.539305577891281906e+01 -2.844450240150875686e+01
-3.088710504940909729e+01 -6.817144178248150332e+00 9.048352585911423773e+00 -6.817144178248150332e+00 9.644943387837386917e-01 -1.531568248111692654e+01 9.048352585911423773e+00 -1.531568248111692654e+01 -2.730692937643243567e+01
-3.030637855674344294e+01 -6.831412779208591246e+00 8.965097433103229818e+00 -6.831412779208591246e+00 1.331488693005542290e+00 -1.520626513408998015e+01 8.965097433103229818e+00 -1.520626513408998015e+01 -2.607764023360908823e+01
-2.967566557384705916e+01 -6.842007540129802834e+00 8.874253388496832429e+00 -6.842007540129802834e+00 1.716703809442109430e+00 -1.506387600044833519e+01 8.874253388496832429e+00 -1.506387600044833519e+01 -2.476400120786485459e+01
-2.899869560500219734e+01 -6.848928461011785096e+00 8.775467911886442707e+00 -6.848928461011785096e+00 2.116799833512323037e+00 -1.488784710927576604e+01 8.775467911886442707e+00 -1.488784710927576604e+01 -2.337367540998862125e+01
-8.022258747906818144e+00 -6.603646648493005422e+00 -1.004115346647486895e+01 -6.603646648493005422e+00 -2.942529130132897208e+01 -1.288141923077168371e+01 -1.004115346647486895e+01 -1.288141923077168371e+01 -2.865501484625643158e+01
-7.871293242301866222e+00 -6.610119248180490459e+00 -9.978690097571000450e+00 -6.610119248180490459e+00 -2.931657388193631775e+01 -1.289538446734668753e+01 -9.978690097571000450e+00 -1.289538446734668753e+01 -2.830994553455056462e+01
-7.683420936186611705e+00 -6.613754289838792211e+00 -9.897420951924697619e+00 -6.613754289838792211e+00 -2.915646513379288152e+01 -1.289302910872115682e+01 -9.897420951924697619e+00 -1.289302910872115682e+01 -2.785938583023033033e+01
-7.458882929262880879e+00 -6.614236489242443895e+00 -9.796863830132307882e+00 -6.614236489242443895e+00 -2.894453849588774830e+01 -1.287440879328781840e+01 -9.796863830132307882e+00 -1.287440879328781840e+01 -2.730405903240120224e+01
-7.199478196228916715e+00 -6.611343292820531126e+00 -9.676666355706547762e+00 -6.611343292820531126e+00 -2.868251875839551701e+01 -1.283957915943940264e+01 -9.676666355706547762e+00 -1.283957915943940264e+01 -2.664739617528147519e+01
-6.907024257913866983e+00 -6.604926331525774685e+00 -9.536513244421950475e+00 -6.604926331525774685e+00 -2.837209361922896989e+01 -1.278839183812863212e+01 -9.536513244421950475e+00 -1.278839183812863212e+01 -2.589336613088583405e+01
-6.583728103895988504e+00 -6.594670321132711344e+00 -9.375940843005771796e+00 -6.594670321132711344e+00 -2.801532169891908453e+01 -1.272067991417731925e+01 -9.375940843005771796e+00 -1.272067991417731925e+01 -2.504656833967986884e+01
-6.232260377026276110e+00 -6.580352708070423162e+00 -9.194504044316182956e+00 -6.580352708070423162e+00 -2.761478090966230425e+01 -1.263612810336000081e+01 -9.194504044316182956e+00 -1.263612810336000081e+01 -2.411239972575831558e+01
-5.855143351108449856e+00 -6.561713846506175507e+00 -8.991739195080439728e+00 -6.561713846506175507e+00 -2.717286370234598891e+01 -1.253430984466575104e+01 -8.991739195080439728e+00 -1.253430984466575104e+01 -2.309612739029952166e+01
-5.455418591611699952e+00 -6.538531182869051328e+00 -8.767108457502162722e+00 -6.538531182869051328e+00 -2.669263018857023440e+01 -1.241478003095273941e+01 -8.767108457502162722e+00 -1.241478003095273941e+01 -2.200414974846733074e+01
2.355798092294116941e+01 1.161482328580151346e+01 6.709329554011285168e+00 1.161482328580151346e+01 3.011068132101602046e+01 1.718457645342537088e-01 6.709329554011285168e+00 1.718457645342537088e-01 4.540664119415511735e+00
2.365465734384786600e+01 1.177747934329574520e+01 6.836913612935950013e+00 1.177747934329574520e+01 3.016552085384949677e+01 1.432048037785447758e-01 6.836913612935950013e+00 1.432048037785447758e-01 4.723913554827345429e+00
2.375270431379685476e+01 1.192585006269525749e+01 6.959384469664349204e+00 1.192585006269525749e+01 3.021510661535416631e+01 1.137028570860077609e-01 6.959384469664349204e+00 1.137028570860077609e-01 4.896145884476093890e+00
2.385138384484229235e+01 1.205886360436440796e+01 7.077392256434497320e+00 1.205886360436440796e+01 3.025913989612337218e+01 8.284793249274093052e-02 7.077392256434497320e+00 8.284793249274093052e-02 5.054778150551271665e+00
2.394932538794187593e+01 1.217550084209226036e+01 7.190901830963258412e+00 1.217550084209226036e+01 3.029667185451245004e+01 5.049946086620094726e-02 7.190901830963258412e+00 5.049946086620094726e-02 5.196946256977310163e+00
2.404478940008038279e+01 1.227502378793295534e+01 7.299965906675335070e+00 1.227502378793295534e+01 3.032645493947007154e+01 1.656958649854818610e-02 7.299965906675335070e+00 1.656958649854818610e-02 5.319223831148462089e+00
2.413603633824259020e+01 1.235678230964848545e+01 7.404619625853864129e+00 1.235678230964848545e+01 3.034738216907746278e+01 -1.908225974276069048e-02 7.404619625853864129e+00 -1.908225974276069048e-02 5.418325069591528376e+00
2.422127394598856753e+01 1.242033712869965179e+01 7.504933273065116595e+00 1.242033712869965179e+01 3.035813570771703596e+01 -5.645607785772568249e-02 7.504933273065116595e+00 -5.645607785772568249e-02 5.490647888285085543e+00
2.429874510916152630e+01 1.246530167997195804e+01 7.600906848309093355e+00 1.246530167997195804e+01 3.035748557547902138e+01 -9.563972355418640103e-02 7.600906848309093355e+00 -9.563972355418640103e-02 5.532695630057117064e+00
2.436641157533958335e+01 1.249155296547442973e+01 7.692522780444226882e+00 1.249155296547442973e+01 3.034390308304701733e+01 -1.366331968321428392e-01 7.692522780444226882e+00 -1.366331968321428392e-01 5.540321505497594501e+00
1.584928851675738493e+01 -9.396043995710597230e+00 1.463561006301647982e+00 -9.396043995710597230e+00 -3.522030175623941517e+01 5.164417293766997652e+00 1.463561006301647982e+00 5.164417293766997652e+00 -2.789059142196925478e+01
1.593372968271476608e+01 -9.423424351985293157e+00 1.495983175492519024e+00 -9.423424351985293157e+00 -3.511225239330592984e+01 5.147635785082505855e+00 1.495983175492519024e+00 5.147635785082505855e+00 -2.763713911865764672e+01
1.604869773782519005e+01 -9.440040253676187376e+00 1.531091858135074313e+00 -9.440040253676187376e+00 -3.494660859815483889e+01 5.121727490973115415e+00 1.531091858135074313e+00 5.121727490973115415e+00 -2.727734872467972238e+01
1.619406387664918512e+01 -9.445542086019020900e+00 1.568868653452246908e+00 -9.445542086019020900e+00 -3.472307595835307836e+01 5.087244434750815003e+00 1.568868653452246908e+00 5.087244434750815003e+00 -2.681374114649356954e+01
1.636868725100864452e+01 -9.439801043574327366e+00 1.609147954450440343e+00 -9.439801043574327366e+00 -3.444316333762008497e+01 5.044757040504662449e+00 1.609147954450440343e+00 5.044757040504662449e+00 -2.624896609599674591e+01
1.657111419951532838e+01 -9.422725122456773406e+00 1.651800955690190253e+00 -9.422725122456773406e+00 -3.410849000433769618e+01 4.994854133100779414e+00 1.651800955690190253e+00 4.994854133100779414e+00 -2.558646451850064807e+01
1.679954144601672894e+01 -9.394167116449832378e+00 1.696735653286164824e+00 -9.394167116449832378e+00 -3.372120884942268759e+01 4.938142938182354058e+00 1.696735653286164824e+00 4.938142938182354058e+00 -2.482986136708734648e+01
1.705190810348142705e+01 -9.354127025553498953e+00 1.743970448015430330e+00 -9.354127025553498953e+00 -3.328365677156245539e+01 4.875193879838443323e+00 1.743970448015430330e+00 4.875193879838443323e+00 -2.398373843524635873e+01
1.732596927710732260e+01 -9.302549647436579860e+00 1.793450137546787948e+00 -9.302549647436579860e+00 -3.279846508187750231e+01 4.806540580603972046e+00 1.793450137546787948e+00 4.806540580603972046e+00 -2.305271431802132653e+01
1.761940646898406726e+01 -9.239471783653206316e+00 1.845229924211436723e+00 -9.239471783653206316e+00 -3.226837549615070344e+01 4.732698262236795017e+00 1.845229924211436723e+00 4.732698262236795017e+00 -2.204126040423937383e+01
-3.837450415723923669e+01 6.799973064345292251e+00 3.506763498863253670e+00 6.799973064345292251e+00 -2.540518266175539353e+01 1.543472892464339452e+01 3.506763498863253670e+00 1.543472892464339452e+01 -3.861781112118340786e+01
-3.841359628109875501e+01 6.782200486799121464e+00 3.480500836502033568e+00 6.782200486799121464e+00 -2.529583036933755480e+01 1.544316240889300929e+01 3.480500836502033568e+00 1.544316240889300929e+01 -3.852440132136272410e+01
-3.838963537506516843e+01 6.760409269107160668e+00 3.450728939083925972e+00 6.760409269107160668e+00 -2.513480176067877991e+01 1.542978580859552018e+01 3.450728939083925972e+00 1.542978580859552018e+01 -3.828192449904490502e+01
-3.830271577341420652e+01 6.734769212965710850e+00 3.417334605478064447e+00 6.734769212965710850e+00 -2.492262510772311757e+01 1.539444818890977018e+01 3.417334605478064447e+00 1.539444818890977018e+01 -3.789390875614198961e+01
