2.236174025245103003e+00 1.446636169717522321e-04 3.673804884806133764e+00 1.446636169717522321e-04 -4.211338719568922251e-01 3.797419945508496162e-04 3.673804884806133764e+00 3.797419945508496162e-04 -2.918045983841457414e-01
2.168272540028986839e+00 9.502591339831974182e-02 3.739843825953739209e+00 9.502591339831974182e-02 -4.812416048086552434e-01 1.319693845824809753e-01 3.739843825953739209e+00 1.319693845824809753e-01 -4.826339921220084150e-01
2.109231701352390687e+00 1.902326563178541874e-01 3.808613292871684930e+00 1.902326563178541874e-01 -5.307165618129945361e-01 2.636856078352614041e-01 3.808613292871684930e+00 2.636856078352614041e-01 -6.614020567948512008e-01
2.059774827300172806e+00 2.850234913385948365e-01 3.880203700320580928e+00 2.850234913385948365e-01 -5.688896737414156357e-01 3.954560799444061803e-01 3.880203700320580928e+00 3.954560799444061803e-01 -8.265898244244708204e-01
2.019214765691717872e+00 3.787293492320473187e-01 3.954633131252547784e+00 3.787293492320473187e-01 -5.965927563915062182e-01 5.271361372929436184e-01 3.954633131252547784e+00 5.271361372929436184e-01 -9.790652767126976075e-01
1.987244106340960270e+00 4.706269119133529300e-01 4.032010083380313858e+00 4.706269119133529300e-01 -6.143140494705459087e-01 6.584907015032946953e-01 4.032010083380313858e+00 6.584907015032946953e-01 -1.118864579563774608e+00
1.963012950498192133e+00 5.600109442497743784e-01 4.112551552129336763e+00 5.600109442497743784e-01 -6.231385301058227633e-01 7.893751089584875036e-01 4.112551552129336763e+00 7.893751089584875036e-01 -1.247090793057111568e+00
1.945400155131881137e+00 6.461942940606957286e-01 4.196510698829317931e+00 6.461942940606957286e-01 -6.243681708500825600e-01 9.196627789936719921e-01 4.196510698829317931e+00 9.196627789936719921e-01 -1.365190553362425785e+00
1.933248411306253800e+00 7.284717262133798554e-01 4.284194933666321425e+00 7.284717262133798554e-01 -6.193953590166786372e-01 1.049281379800361957e+00 4.284194933666321425e+00 1.049281379800361957e+00 -1.475044487500350332e+00
1.925418493037657885e+00 8.062465032878181059e-01 4.376056330443383047e+00 8.062465032878181059e-01 -6.095763160147209536e-01 1.178122413665828816e+00 4.376056330443383047e+00 1.178122413665828816e+00 -1.578099231640602174e+00
-1.761580516786726491e+01 1.255715531053908762e+01 -2.265055399712078810e+00 1.255715531053908762e+01 1.118072226812263814e+01 1.241509824665070560e+01 -2.265055399712078810e+00 1.241509824665070560e+01 -9.103283557896615363e+00
-1.763029892631070084e+01 1.240769640271606988e+01 -2.297288059998867649e+00 1.240769640271606988e+01 1.113217273512279704e+01 1.227236663048256737e+01 -2.297288059998867649e+00 1.227236663048256737e+01 -9.193637101098723008e+00
-1.761217717047072640e+01 1.225344270436396599e+01 -2.321134394645428589e+00 1.225344270436396599e+01 1.108139900271402745e+01 1.210529643881506878e+01 -2.321134394645428589e+00 1.210529643881506878e+01 -9.253034164002771789e+00
-1.756136697577656491e+01 1.209514169233331593e+01 -2.336047469370877483e+00 1.209514169233331593e+01 1.102913031660417076e+01 1.191417936993135385e+01 -2.336047469370877483e+00 1.191417936993135385e+01 -9.280982505755964951e+00
-1.747868874364953484e+01 1.193377784832971322e+01 -2.341571505607810355e+00 1.193377784832971322e+01 1.097560368164828049e+01 1.169945297125612882e+01 -2.341571505607810355e+00 1.169945297125612882e+01 -9.277627975499875390e+00
-1.736547334750645888e+01 1.177024449834526898e+01 -2.337177800218039003e+00 1.177024449834526898e+01 1.092072794213287601e+01 1.146170063935566574e+01 -2.337177800218039003e+00 1.146170063935566574e+01 -9.243590432086167041e+00
-1.722321574104841702e+01 1.160541673722939748e+01 -2.322264725492589665e+00 1.160541673722939748e+01 1.086446663577256544e+01 1.120139638394006987e+01 -2.322264725492589665e+00 1.120139638394006987e+01 -9.179854357220435190e+00
-1.705375726968772554e+01 1.144016965983151657e+01 -2.296267116007883580e+00 1.144016965983151657e+01 1.080656452656960020e+01 1.091908713929022490e+01 -2.296267116007883580e+00 1.091908713929022490e+01 -9.087787086604889097e+00
-1.685908512797826475e+01 1.127528720528755635e+01 -2.258510419484161869e+00 1.127528720528755635e+01 1.074669345395545150e+01 1.061515575940274658e+01 -2.258510419484161869e+00 1.061515575940274658e+01 -8.968992960796791536e+00
-1.664131412847277858e+01 1.111151685044806214e+01 -2.208247159070882315e+00 1.111151685044806214e+01 1.068450702621889192e+01 1.029003979170234651e+01 -2.208247159070882315e+00 1.029003979170234651e+01 -8.825222169494971070e+00
-2.603731113682571774e+01 -4.716182607291553808e+00 2.154943393554903608e+01 -4.716182607291553808e+00 -3.565969533462744323e+01 9.726296413215768100e-01 2.154943393554903608e+01 9.726296413215768100e-01 -2.582076297875615722e+01
-2.607719910781965567e+01 -4.722927951465303309e+00 2.141661848560277903e+01 -4.722927951465303309e+00 -3.543444229105990928e+01 1.019074539054237727e+00 2.141661848560277903e+01 1.019074539054237727e+00 -2.555712930367486280e+01
-2.608006305283197079e+01 -4.726131047860659073e+00 2.126166398704155824e+01 -4.726131047860659073e+00 -3.515939051941634830e+01 1.060206065119308372e+00 2.126166398704155824e+01 1.060206065119308372e+00 -2.518378015618087673e+01
-2.604541308653162091e+01 -4.725791896477621989e+00 2.108490959124841879e+01 -4.725791896477621989e+00 -3.483514295548881989e+01 1.096250320438813430e+00 2.108490959124841879e+01 1.096250320438813430e+00 -2.470173299042331649e+01
-2.597364488553214557e+01 -4.721891655572687974e+00 2.088688286704141461e+01 -4.721891655572687974e+00 -3.446341419793601801e+01 1.127320355473765856e+00 2.088688286704141461e+01 1.127320355473765856e+00 -2.411400248536250857e+01
-2.586558748654763917e+01 -4.714373799915352770e+00 2.066813022498210728e+01 -4.714373799915352770e+00 -3.404674788213071679e+01 1.153717638120199007e+00 2.066813022498210728e+01 1.153717638120199007e+00 -2.342420625575085680e+01
-2.572218297675320287e+01 -4.703181804275109457e+00 2.042923575911905942e+01 -4.703181804275109457e+00 -3.358783837739372302e+01 1.175856686735159196e+00 2.042923575911905942e+01 1.175856686735159196e+00 -2.263648948515882964e+01
-2.554384587450588739e+01 -4.688353352138961760e+00 2.017085893047485357e+01 -4.688353352138961760e+00 -3.308932352781533126e+01 1.194208544906198322e+00 2.017085893047485357e+01 1.194208544906198322e+00 -2.175614670351050606e+01
-2.533334591610049813e+01 -4.669662342584884662e+00 1.989303742253648011e+01 -4.669662342584884662e+00 -3.255534851696599929e+01 1.209413831912387938e+00 1.989303742253648011e+01 1.209413831912387938e+00 -2.078634332371424165e+01
-2.509198318183867826e+01 -4.647127617356381357e+00 1.959629880412200720e+01 -4.647127617356381357e+00 -3.198971937703314339e+01 1.222094325289297068e+00 1.959629880412200720e+01 1.222094325289297068e+00 -1.973442762573585441e+01
3.872402823160548024e+01 1.502555671223689338e+01 -9.750871753021542077e+00 1.502555671223689338e+01 3.053602096776296193e+01 1.345580354507995402e+01 -9.750871753021542077e+00 1.345580354507995402e+01 5.586517064544989353e+01
3.871814343132283653e+01 1.495182362634269246e+01 -9.653374458927169499e+00 1.495182362634269246e+01 3.045306259201392862e+01 1.338201853447737832e+01 -9.653374458927169499e+00 1.338201853447737832e+01 5.573252032378483989e+01
3.862244619378550681e+01 1.485349553691430025e+01 -9.513593143978447131e+00 1.485349553691430025e+01 3.029280563372885737e+01 1.327848066597524301e+01 -9.513593143978447131e+00 1.327848066597524301e+01 5.537295902651580093e+01
3.843742114960499379e+01 1.473178402048049662e+01 -9.332064363495261361e+00 1.473178402048049662e+01 3.005625397060303072e+01 1.314522455604579498e+01 -9.332064363495261361e+00 1.314522455604579498e+01 5.478877144081133110e+01
3.816377793646243788e+01 1.458836797594543988e+01 -9.109722762228386728e+00 1.458836797594543988e+01 2.974437686385946122e+01 1.298218097174453689e+01 -9.109722762228386728e+00 1.298218097174453689e+01 5.398352306331326389e+01
3.780278005559499377e+01 1.442516861751905211e+01 -8.847918382595601372e+00 1.442516861751905211e+01 2.935864551356882401e+01 1.278938452954371563e+01 -8.847918382595601372e+00 1.278938452954371563e+01 5.296309869430424300e+01
3.735617563885131887e+01 1.424464371473113822e+01 -8.548260890556568015e+00 1.424464371473113822e+01 2.890025418802375157e+01 1.256704292827683922e+01 -8.548260890556568015e+00 1.256704292827683922e+01 5.173263887991350174e+01
3.682727055933137450e+01 1.404930296181988680e+01 -8.212861890918585317e+00 1.404930296181988680e+01 2.837268184268546278e+01 1.231534655854128779e+01 -8.212861890918585317e+00 1.231534655854128779e+01 5.030136890999587962e+01
3.621954377249636536e+01 1.384205414245435861e+01 -7.844196461447587865e+00 1.384205414245435861e+01 2.777859394591727238e+01 1.203490120860144863e+01 -7.844196461447587865e+00 1.203490120860144863e+01 4.868017566507425187e+01
3.553740887855826713e+01 1.362599543090100340e+01 -7.445085844632011174e+00 1.362599543090100340e+01 2.712153868612487173e+01 1.172653767379133960e+01 -7.445085844632011174e+00 1.172653767379133960e+01 4.688115760220028250e+01
1.323714326193286084e+01 -1.403812512160899573e+01 2.084957286881235916e+01 -1.403812512160899573e+01 1.328881835415140245e+01 1.499599700797223267e+00 2.084957286881235916e+01 1.499599700797223267e+00 -9.204316503946264660e+00
1.318968178757391740e+01 -1.388494666469609307e+01 2.068461421218134788e+01 -1.388494666469609307e+01 1.332751191730462992e+01 1.563539110530503429e+00 2.068461421218134788e+01 1.563539110530503429e+00 -9.216401518573361429e+00
1.316362907799947735e+01 -1.371918114507069220e+01 2.049238358633992974e+01 -1.371918114507069220e+01 1.339060860346599213e+01 1.627012332755913615e+00 2.049238358633992974e+01 1.627012332755913615e+00 -9.179088587654979037e+00
1.316041955631067673e+01 -1.354194024063617974e+01 2.027327545764091710e+01 -1.354194024063617974e+01 1.347896906649616788e+01 1.689445598232997670e+00 2.027327545764091710e+01 1.689445598232997670e+00 -9.090512961159632255e+00
1.317928222009065919e+01 -1.335456872304987108e+01 2.002788152561352675e+01 -1.335456872304987108e+01 1.359132025589289761e+01 1.750085834833657872e+00 2.002788152561352675e+01 1.750085834833657872e+00 -8.951571153525534896e+00
1.321939227605626321e+01 -1.315850101541290407e+01 1.975700865325215005e+01 -1.315850101541290407e+01 1.372608430624492470e+01 1.808072388697210320e+00 1.975700865325215005e+01 1.808072388697210320e+00 -8.764594102292040390e+00
1.327963804630410927e+01 -1.295518947111518671e+01 1.946135612181859287e+01 -1.295518947111518671e+01 1.388152197954212319e+01 1.862741839139378630e+00 1.946135612181859287e+01 1.862741839139378630e+00 -8.531607930089503355e+00
1.335865682888811712e+01 -1.274610437383538120e+01 1.914171286401848704e+01 -1.274610437383538120e+01 1.405575059546424477e+01 1.913251462588243079e+00 1.914171286401848704e+01 1.913251462588243079e+00 -8.255248389366268924e+00
1.345506799157343636e+01 -1.253273393754092346e+01 1.879877816111362776e+01 -1.253273393754092346e+01 1.424677989195845740e+01 1.958919908070762661e+00 1.879877816111362776e+01 1.958919908070762661e+00 -7.938491908057202728e+00
1.356722194779375812e+01 -1.231640500360036583e+01 1.843319750349953878e+01 -1.231640500360036583e+01 1.445235065264047236e+01 1.999065824613896369e+00 1.843319750349953878e+01 1.999065824613896369e+00 -7.584153541498290352e+00
-4.673930393701371599e+01 5.981972774260293058e+00 2.629470384072346012e-01 5.981972774260293058e+00 -4.054701597707015992e+01 1.128542295744684232e+01 2.629470384072346012e-01 1.128542295744684232e+01 -5.818264174583360671e+01
-4.672745791151059791e+01 6.029704153893391094e+00 3.738057721872602990e-01 6.029704153893391094e+00 -4.067566304230600593e+01 1.120126601405170419e+01 3.738057721872602990e-01 1.120126601405170419e+01 -5.838433287060499310e+01
-4.664723678114906846e+01 6.075313281400522847e+00 4.864201872714944974e-01 6.075313281400522847e+00 -4.073699612874644060e+01 1.110836925053781066e+01 4.864201872714944974e-01 1.110836925053781066e+01 -5.838693745275958946e+01
-4.649744436745812948e+01 6.118665104373672392e+00 6.009639224702435500e-01 6.118665104373672392e+00 -4.072960683270784443e+01 1.100659761449715113e+01 6.009639224702435500e-01 1.100659761449715113e+01 -5.819045549229738867e+01
-4.627991352454657914e+01 6.159605277203678675e+00 7.173019253754916447e-01 6.159605277203678675e+00 -4.065494214427612008e+01 1.089585463992399461e+01 7.173019253754916447e-01 1.089585463992399461e+01 -5.780017332633217109e+01
-4.599551244646593773e+01 6.197979454281379752e+00 8.353570231826578096e-01 6.197979454281379752e+00 -4.051365803229019491e+01 1.077588951520345972e+01 8.353570231826578096e-01 1.077588951520345972e+01 -5.721734501293836672e+01
-4.564522508647461052e+01 6.233498237589598645e+00 9.549941634837262328e-01 6.233498237589598645e+00 -4.030635258598557158e+01 1.064635496271493054e+01 9.549941634837262328e-01 1.064635496271493054e+01 -5.644337895579957376e+01
-4.522959165420467542e+01 6.265968695116884923e+00 1.076020414267245373e+00 6.265968695116884923e+00 -4.003362389459774562e+01 1.050694229124008316e+01 1.076020414267245373e+00 1.050694229124008316e+01 -5.548267400477688227e+01
-4.475268301509773750e+01 6.294985669639188153e+00 1.198474361935505605e+00 6.294985669639188153e+00 -3.969877109552253813e+01 1.035689906593426102e+01 1.198474361935505605e+00 1.035689906593426102e+01 -5.433771898281802493e+01
-4.421530948360190649e+01 6.320259763139334019e+00 1.322085901672474639e+00 6.320259763139334019e+00 -3.930237298479431018e+01 1.019570437036654198e+01 1.322085901672474639e+00 1.019570437036654198e+01 -5.301534368312837131e+01
-2.586657683234446381e+01 -8.484950572525972845e+00 1.341261005506778226e+01 -8.484950572525972845e+00 1.876039048638376983e+01 -7.452171531700137130e+00 1.341261005506778226e+01 -7.452171531700137130e+00 -1.770246052668975167e+01
-2.581503116734770131e+01 -8.460805690412513513e+00 1.350421427448005574e+01 -8.460805690412513513e+00 1.883251417590905064e+01 -7.485023204636329197e+00 1.350421427448005574e+01 -7.485023204636329197e+00 -1.752058737301238978e+01
-2.571287270779946610e+01 -8.431502583483906577e+00 1.358638003997524990e+01 -8.431502583483906577e+00 1.890791205778153383e+01 -7.500424712772338687e+00 1.358638003997524990e+01 -7.500424712772338687e+00 -1.727701672890419360e+01
-2.555990024634882118e+01 -8.397260750668456453e+00 1.365932685048166917e+01 -8.397260750668456453e+00 1.898663900673329508e+01 -7.498010224560992754e+00 1.365932685048166917e+01 -7.498010224560992754e+00 -1.697301071320292110e+01
-2.535669911347123673e+01 -8.358281399317107230e+00 1.372316445546346486e+01 -8.358281399317107230e+00 1.906781702705112025e+01 -7.477413908455118552e+00 1.372316445546346486e+01 -7.477413908455118552e+00 -1.661039848364443117e+01
-2.510440338696295370e+01 -8.314784028358165102e+00 1.377803918753950718e+01 -8.314784028358165102e+00 1.915040349882556114e+01 -7.438397973949050446e+00 1.377803918753950718e+01 -7.438397973949050446e+00 -1.619117382216083101e+01
-2.480447639301266705e+01 -8.267134469338801139e+00 1.382398762986451324e+01 -8.267134469338801139e+00 1.923304484533208125e+01 -7.380816088423925336e+00 1.382398762986451324e+01 -7.380816088423925336e+00 -1.571791584115968199e+01
-2.445849120727321591e+01 -8.215533929609962982e+00 1.386104636559320014e+01 -8.215533929609962982e+00 1.931457040561972249e+01 -7.304467044528791142e+00 1.386104636559320014e+01 -7.304467044528791142e+00 -1.519186836790137818e+01
-2.406818552959368773e+01 -8.160384823873540583e+00 1.388921539472556965e+01 -8.160384823873540583e+00 1.939353514507714848e+01 -7.209369133841009081e+00 1.388921539472556965e+01 -7.209369133841009081e+00 -1.461689092520860811e+01
-2.363564459979296117e+01 -8.101906651057838360e+00 1.390842155095218224e+01 -8.101906651057838360e+00 1.946853061224773995e+01 -7.095522356360580041e+00 1.390842155095218224e+01 -7.095522356360580041e+00 -1.399459317188892804e+01
-3.013393649284225617e+01 3.089301439571695340e+00 -9.321115629872910313e-01 3.089301439571695340e+00 7.027307603725478913e+00 2.038864384145387731e+01 -9.321115629872910313e-01 2.038864384145387731e+01 -2.342840689769307616e+01
-3.021141865872520071e+01 3.103088761609466673e+00 -9.097602283316811311e-01 3.103088761609466673e+00 7.086868096651699922e+00 2.023929041450656641e+01 -9.097602283316811311e-01 2.023929041450656641e+01 -2.347525057015875305e+01
-3.023279177642230309e+01 3.114716623569032450e+00 -8.786603118207787499e-01 3.114716623569032450e+00 7.158960840801007919e+00 2.004870421991216034e+01 -8.786603118207787499e-01 2.004870421991216034e+01 -2.344516578445384880e+01
-3.019748368129746297e+01 3.124277310069119462e+00 -8.389410119208016159e-01 3.124277310069119462e+00 7.243622750020893619e+00 1.981664531766196902e+01 -8.389410119208016159e-01 1.981664531766196902e+01 -2.333750654824726567e+01
-3.010639876261420156e+01 3.131733907262238326e+00 -7.907868978692028650e-01 3.131733907262238326e+00 7.339820236581619639e+00 1.954333519084093496e+01 -7.907868978692028650e-01 1.954333519084093496e+01 -2.315371250159114069e+01
-2.996103203119588088e+01 3.137141785919623782e+00 -7.344932804459080034e-01 3.137141785919623782e+00 7.446113660431048054e+00 1.922906915022898744e+01 -7.344932804459080034e-01 1.922906915022898744e+01 -2.289603538918241554e+01
-2.976315535172206594e+01 3.140537859888766548e+00 -6.703370135070971791e-01 3.140537859888766548e+00 7.560915726127078074e+00 1.887429016199601151e+01 -6.703370135070971791e-01 1.887429016199601151e+01 -2.256729912035411800e+01
-2.951490972734720586e+01 3.141995956864648498e+00 -5.985764939852051825e-01 3.141995956864648498e+00 7.682436112066413081e+00 1.847938582154066012e+01 -5.985764939852051825e-01 1.847938582154066012e+01 -2.217054908752423259e+01
-2.921863918738696597e+01 3.141571447618505708e+00 -5.195624034313935935e-01 3.141571447618505708e+00 7.808773755103283420e+00 1.804483600888031702e+01 -5.195624034313935935e-01 1.804483600888031702e+01 -2.170907062311943037e+01
-2.887687233039445900e+01 3.139411987540300597e+00 -4.335162249306065418e-01 3.139411987540300597e+00 7.938082962863153291e+00 1.757106523326111613e+01 -4.335162249306065418e-01 1.757106523326111613e+01 -2.118614905956638594e+01
-1.033836266225892153e+01 -1.146308100068074332e+01 -3.482932216465760983e-02 -1.146308100068074332e+01 -1.198336701143112393e+01 6.385897310945508387e+00 -3.482932216465760983e-02 6.385897310945508387e+00 -2.082736398375325138e+01
-1.036233083216293061e+01 -1.150183138289882123e+01 -5.172853873292171910e-03 -1.150183138289882123e+01 -1.181704411198203175e+01 6.522637377033815298e+00 -5.172853873292171910e-03 6.522637377033815298e+00 -2.063624452143112009e+01
-1.035205875934692621e+01 -1.153056741455792711e+01 3.210482973317276695e-02 -1.153056741455792711e+01 -1.161848752167125021e+01 6.647927211416828186e+00 3.210482973317276695e-02 6.647927211416828186e+00 -2.036456844505373098e+01
-1.030800666212704009e+01 -1.154919705199483815e+01 7.718781598118888698e-02 -1.154919705199483815e+01 -1.138885699065542667e+01 6.761785222827191966e+00 7.718781598118888698e-02 6.761785222827191966e+00 -2.001334823491657389e+01
-1.023059794135410883e+01 -1.155762825154632445e+01 1.300945136034013516e-01 -1.155762825154632445e+01 -1.112960680881352715e+01 6.863843236612002130e+00 1.300945136034013516e-01 6.863843236612002130e+00 -1.958486657386764662e+01
-1.012066098999716601e+01 -1.155576896954916322e+01 1.909169662630359754e-01 -1.155576896954916322e+01 -1.084244898828155357e+01 6.953788304316292468e+00 1.909169662630359754e-01 6.953788304316292468e+00 -1.908195840673430510e+01
-9.979245105816987760e+00 -1.154363761473599759e+01 2.597656263559638412e-01 -1.154363761473599759e+01 -1.052939008091782824e+01 7.031289068752449190e+00 2.597656263559638412e-01 7.031289068752449190e+00 -1.850779003553152080e+01
-9.807620491366087379e+00 -1.152119736964153773e+01 3.367141288127655230e-01 -1.152119736964153773e+01 -1.019241822984803214e+01 7.095977355267569564e+00 3.367141288127655230e-01 7.095977355267569564e+00 -1.786584071072922697e+01
-9.606965305533757160e+00 -1.148850346046371840e+01 4.220017871578282675e-01 -1.148850346046371840e+01 -9.833595213128418777e+00 7.147558624139328742e+00 4.220017871578282675e-01 7.147558624139328742e+00 -1.715962650026265024e+01
-9.378733838198964889e+00 -1.144559270466783296e+01 5.157574625196682527e-01 -1.144559270466783296e+01 -9.455038035013187070e+00 7.185683109447472461e+00 5.157574625196682527e-01 7.185683109447472461e+00 -1.639284755939347349e+01
2.578058574285207527e+01 -5.683800646247965993e+00 2.509600736952061695e+01 -5.683800646247965993e+00 4.103615765347210242e+01 -1.470092101809250451e+01 2.509600736952061695e+01 -1.470092101809250451e+01 3.580932290781932892e+01
2.537945227304051699e+01 -5.769751600653576951e+00 2.523035687633610991e+01 -5.769751600653576951e+00 4.084627167824382354e+01 -1.453624407304031152e+01 2.523035687633610991e+01 -1.453624407304031152e+01 3.506637030922514953e+01
2.494872256614377548e+01 -5.842436477024535613e+00 2.532842487839541690e+01 -5.842436477024535613e+00 4.059719322884518533e+01 -1.433016721517132197e+01 2.532842487839541690e+01 -1.433016721517132197e+01 3.419714623558461142e+01
2.449085136888479752e+01 -5.901176302863006207e+00 2.539038547121080924e+01 -5.901176302863006207e+00 4.029024543116941004e+01 -1.408349128384194948e+01 2.539038547121080924e+01 -1.408349128384194948e+01 3.320666463765097376e+01
2.400798005606445784e+01 -5.945553248939551061e+00 2.541639534074331408e+01 -5.945553248939551061e+00 3.992711701168546057e+01 -1.379741753808683669e+01 2.541639534074331408e+01 -1.379741753808683669e+01 3.209934754143576185e+01
2.350195404011276779e+01 -5.975393219741904183e+00 2.540680267801747050e+01 -5.975393219741904183e+00 3.950954892551601461e+01 -1.347354765661882325e+01 2.540680267801747050e+01 -1.347354765661882325e+01 3.088151461403424491e+01
2.297364379859106265e+01 -5.990835491679878722e+00 2.536214717912129757e+01 -5.990835491679878722e+00 3.903856833618342392e+01 -1.311369223276547658e+01 2.536214717912129757e+01 -1.311369223276547658e+01 2.955645626062824149e+01
2.242714057603758349e+01 -5.992123798470645468e+00 2.528328191206490771e+01 -5.992123798470645468e+00 3.851901509892868347e+01 -1.271952258344454556e+01 2.528328191206490771e+01 -1.271952258344454556e+01 2.813225051298687518e+01
2.186233991514496822e+01 -5.979902293509588240e+00 2.517116440216574702e+01 -5.979902293509588240e+00 3.795182932951803423e+01 -1.229342381717407129e+01 2.517116440216574702e+01 -1.229342381717407129e+01 2.661432915109285346e+01
2.128150505757268007e+01 -5.954902177948222963e+00 2.502690886070233134e+01 -5.954902177948222963e+00 3.734042329999186904e+01 -1.183757212785737956e+01 2.502690886070233134e+01 -1.183757212785737956e+01 2.500976045274415327e+01
-1.977241253844733748e+01 9.950927765890812182e+00 1.498202679180157659e+01 9.950927765890812182e+00 -2.298483281464690009e+01 1.411557538188755245e+01 1.498202679180157659e+01 1.411557538188755245e+01 -4.880825003511401405e+01
-1.976801954926093785e+01 9.915333289406142114e+00 1.499385407038034224e+01 9.915333289406142114e+00 -2.287399431825159724e+01 1.401299720703932472e+01 1.499385407038034224e+01 1.401299720703932472e+01 -4.865192344983561412e+01
-1.970169292192953847e+01 9.871103022213164380e+00 1.499246483448379053e+01 9.871103022213164380e+00 -2.269878163416329286e+01 1.388914870420737735e+01 1.499246483448379053e+01 1.388914870420737735e+01 -4.831978342981093988e+01
-1.957348897682731348e+01 9.818274511228004542e+00 1.497784031065385335e+01 9.818274511228004542e+00 -2.245930740313034946e+01 1.374374827152078815e+01 1.497784031065385335e+01 1.374374827152078815e+01 -4.781539693207167829e+01
-1.938451534797990305e+01 9.756904076824847394e+00 1.494984908468410367e+01 9.756904076824847394e+00 -2.215658539188810039e+01 1.357679590897955890e+01 1.494984908468410367e+01 1.357679590897955890e+01 -4.714178648336573474e+01
-1.913593598978711796e+01 9.687066812835936958e+00 1.490826587507780410e+01 9.687066812835936958e+00 -2.179200483633308849e+01 1.338831039004174528e+01 1.490826587507780410e+01 1.338831039004174528e+01 -4.630274432222155667e+01
-1.882955315422286802e+01 9.609100641506381990e+00 1.485297804108658504e+01 9.609100641506381990e+00 -2.136738676189728992e+01 1.317855454312021557e+01 1.485297804108658504e+01 1.317855454312021557e+01 -4.530223164829011040e+01
-1.846822040691250422e+01 9.523099430126489295e+00 1.478366643392339697e+01 9.523099430126489295e+00 -2.088596020336728998e+01 1.294760346204721202e+01 1.478366643392339697e+01 1.294760346204721202e+01 -4.414676285151875135e+01
-1.805541083759741028e+01 9.429532515147799998e+00 1.470016209246568906e+01 9.429532515147799998e+00 -2.035142353198120091e+01 1.269603912402264356e+01 1.470016209246568906e+01 1.269603912402264356e+01 -4.284495494915773151e+01
-1.759290792479343324e+01 9.328700271899293739e+00 1.460220218830060013e+01 9.328700271899293739e+00 -1.976601078924835520e+01 1.242431209203998499e+01 1.460220218830060013e+01 1.242431209203998499e+01 -4.140381044106399600e+01
1.901549417699623490e+01 1.373498640575986407e+01 -1.068878695526650935e+00 1.373498640575986407e+01 1.649766440359502084e+01 -1.064015911476584897e+01 -1.068878695526650935e+00 -1.064015911476584897e+01 4.482424481558634000e+01
1.877897963682201166e+01 1.367517063818749357e+01 -9.431510615365379380e-01 1.367517063818749357e+01 1.648381604032200443e+01 -1.065857074278149774e+01 -9.431510615365379380e-01 -1.065857074278149774e+01 4.449050983197637521e+01
1.848680736181387729e+01 1.359438851909490964e+01 -7.937261646937482373e-01 1.359438851909490964e+01 1.641062761661195424e+01 -1.064602616943495050e+01 -7.937261646937482373e-01 -1.064602616943495050e+01 4.399091162718045922e+01
1.814188445113220283e+01 1.349387336327742304e+01 -6.220311264042792665e-01 1.349387336327742304e+01 1.627831055785834380e+01 -1.060293062673038023e+01 -6.220311264042792665e-01 -1.060293062673038023e+01 4.332825158766222273e+01
1.774662467801922361e+01 1.337508752970660808e+01 -4.297925873815603426e-01 1.337508752970660808e+01 1.608674153258165163e+01 -1.052975982180311831e+01 -4.297925873815603426e-01 -1.052975982180311831e+01 4.250718107207824659e+01
1.730310705884418354e+01 1.323986337179263373e+01 -2.188781386013414765e-01 1.323986337179263373e+01 1.583518055190468310e+01 -1.042716564961640024e+01 -2.188781386013414765e-01 -1.042716564961640024e+01 4.153159383142514827e+01
1.681311109066886544e+01 1.309017419320799114e+01 8.809391395047150991e-03 1.309017419320799114e+01 1.552309905234374376e+01 -1.029609952444088705e+01 8.809391395047150991e-03 -1.029609952444088705e+01 4.040469648417071369e+01
1.627878626499367698e+01 1.292820472301865564e+01 2.512614613695348109e-01 1.292820472301865564e+01 1.515032084607092777e+01 -1.013758333567840886e+01 2.512614613695348109e-01 -1.013758333567840886e+01 3.913284941090218183e+01
1.570198255401157184e+01 1.275622778420454395e+01 5.065047676496309270e-01 1.275622778420454395e+01 1.471693402700019071e+01 -9.952868016907059356e+00 5.065047676496309270e-01 -9.952868016907059356e+00 3.772089777688680812e+01
1.508484944922293813e+01 1.257662191244232375e+01 7.726717192595855543e-01 1.257662191244232375e+01 1.422348477739801886e+01 -9.743345451967259763e+00 7.726717192595855543e-01 -9.743345451967259763e+00 3.617423292965838755e+01
-2.803481155985816287e+01 3.203974735895804837e+00 2.222344936791590087e+01 3.203974735895804837e+00 -2.807531723581856653e+01 4.366821299833994807e+00 2.222344936791590087e+01 4.366821299833994807e+00 2.515154559289871194e+00
-2.805818667152606238e+01 3.250780880551380925e+00 2.221621687722440086e+01 3.250780880551380925e+00 -2.794953154719418364e+01 4.272556595125413637e+00 2.221621687722440086e+01 4.272556595125413637e+00 2.669255076162689644e+00
-2.807248388894972990e+01 3.292218578508109506e+00 2.218628033070235261e+01 3.292218578508109506e+00 -2.781476116652519792e+01 4.167610918338917614e+00 2.218628033070235261e+01 4.167610918338917614e+00 2.835248193708649111e+00
-2.807755408860974811e+01 3.327970942287238998e+00 2.213390069450873554e+01 3.327970942287238998e+00 -2.767195675624787299e+01 4.051891067274872249e+00 2.213390069450873554e+01 4.051891067274872249e+00 3.009890475380529562e+00
-2.807360231534532247e+01 3.357683803530165711e+00 2.205926437304281507e+01 3.357683803530165711e+00 -2.752225538319772369e+01 3.925378401493354374e+00 2.205926437304281507e+01 3.925378401493354374e+00 3.191802528623765234e+00
-2.806116914191430922e+01 3.381152117397696166e+00 2.196248320894415329e+01 3.381152117397696166e+00 -2.736733468696813176e+01 3.788147482754066875e+00 2.196248320894415329e+01 3.788147482754066875e+00 3.379120309445701853e+00
-2.804103746679363240e+01 3.398170839050639991e+00 2.184376224705193081e+01 3.398170839050639991e+00 -2.720894686891221070e+01 3.640328794136496793e+00 2.184376224705193081e+01 3.640328794136496793e+00 3.569867931214124379e+00
-2.801404610977998288e+01 3.408572204529656702e+00 2.170315740868593934e+01 3.408572204529656702e+00 -2.704904917522222974e+01 3.481996897400351010e+00 2.170315740868593934e+01 3.481996897400351010e+00 3.761808541137846351e+00
-2.798103389067005864e+01 3.412318932954893747e+00 2.154074325560587866e+01 3.412318932954893747e+00 -2.688952429033078673e+01 3.313151792545629082e+00 2.154074325560587866e+01 3.313151792545629082e+00 3.953078095224212163e+00
-2.794317515717922618e+01 3.409317822126718411e+00 2.135646386649196771e+01 3.409317822126718411e+00 -2.673249722438949760e+01 3.133812120012257285e+00 2.135646386649196771e+01 3.133812120012257285e+00 4.141253336282770370e+00
1.092807913975678780e+01 1.104168991234710262e+01 1.789740197874694294e+00 1.104168991234710262e+01 -2.546432955808171172e+01 -1.524400765520581125e+01 1.789740197874694294e+00 -1.524400765520581125e+01 -6.912782770170043278e+00
1.103495633780801022e+01 1.095980745022088954e+01 1.637960304391577804e+00 1.095980745022088954e+01 -2.557583608862856295e+01 -1.526495858685598250e+01 1.637960304391577804e+00 -1.526495858685598250e+01 -6.909141516546999817e+00
1.114251055286452008e+01 1.086595825508226376e+01 1.500013515124644092e+00 1.086595825508226376e+01 -2.565561430871130710e+01 -1.525886543380837779e+01 1.500013515124644092e+00 -1.525886543380837779e+01 -6.872033665554383219e+00
1.125006476792102994e+01 1.076067296188131728e+01 1.376027914372191185e+00 1.076067296188131728e+01 -2.570291401029706435e+01 -1.522552692073710290e+01 1.376027914372191185e+00 -1.522552692073710290e+01 -6.803654948020157356e+00
1.135588069607206840e+01 1.064439071678364179e+01 1.266076693161817923e+00 1.064439071678364179e+01 -2.571833901936352618e+01 -1.516479666558695349e+01 1.266076693161817923e+00 -1.516479666558695349e+01 -6.706182797015387109e+00
1.145818345489836254e+01 1.051767875025313259e+01 1.169976873924527094e+00 1.051767875025313259e+01 -2.570260294842977444e+01 -1.507645509527514172e+01 1.169976873924527094e+00 -1.507645509527514172e+01 -6.581446988230045925e+00
1.155658879150501761e+01 1.038090301742778188e+01 1.087472288063722425e+00 1.038090301742778188e+01 -2.565519346030261616e+01 -1.496017285017746801e+01 1.087472288063722425e+00 -1.496017285017746801e+01 -6.428367954007049967e+00
1.164829714908637825e+01 1.023479542858357405e+01 1.018142087170711196e+00 1.023479542858357405e+01 -2.557861734767731932e+01 -1.481589503702323540e+01 1.018142087170711196e+00 -1.481589503702323540e+01 -6.251611622355826015e+00
1.173210087568706150e+01 1.007983172539990768e+01 9.614190407816020079e-01 1.007983172539990768e+01 -2.547375290288506378e+01 -1.464318250964684687e+01 9.614190407816020079e-01 -1.464318250964684687e+01 -6.052477134016253757e+00
1.180617019561709924e+01 9.916505947313073221e+00 9.166627274049049534e-01 9.916505947313073221e+00 -2.534233841283133160e+01 -1.444172420618101071e+01 9.166627274049049534e-01 -1.444172420618101071e+01 -5.833635961495689415e+00
2.792274687286818491e+01 3.690877742048757071e+00 7.302176881826128785e+00 3.690877742048757071e+00 2.935004179925809353e+01 8.980769879461265148e+00 7.302176881826128785e+00 8.980769879461265148e+00 5.034195514195609178e+00
2.814719618287836767e+01 3.812312964882516475e+00 7.586710411769271190e+00 3.812312964882516475e+00 2.944958982748084253e+01 9.112779221234911020e+00 7.586710411769271190e+00 9.112779221234911020e+00 5.465376766874102010e+00
2.837792662510409158e+01 3.931091462325389863e+00 7.872845014630099669e+00 3.931091462325389863e+00 2.955112600119478472e+01 9.229727921057572004e+00 7.872845014630099669e+00 9.229727921057572004e+00 5.891402916641802712e+00
2.861240463360967112e+01 4.046439089230363884e+00 8.159894516301035239e+00 4.046439089230363884e+00 2.965303165327434698e+01 9.331246500563626256e+00 8.159894516301035239e+00 9.331246500563626256e+00 6.307963382566477151e+00
2.884860687448814787e+01 4.157458540995218499e+00 8.446891235348310545e+00 4.157458540995218499e+00 2.975412797179112090e+01 9.416683974061269780e+00 8.446891235348310545e+00 9.416683974061269780e+00 6.711592105694452748e+00
2.908424610071424965e+01 4.263217324601960456e+00 8.732709142467179220e+00 4.263217324601960456e+00 2.985321855060881546e+01 9.485301384819262438e+00 8.732709142467179220e+00 9.485301384819262438e+00 7.098770244448397548e+00
2.931664799268919808e+01 4.362800541240483554e+00 9.016169425729234632e+00 4.362800541240483554e+00 2.994870231680974371e+01 9.536324587690589993e+00 9.016169425729234632e+00 9.536324587690589993e+00 7.465556696261697489e+00
2.954289191190382624e+01 4.455346074724340077e+00 9.296304403700711205e+00 4.455346074724340077e+00 3.003866150173426064e+01 9.568909060696693558e+00 9.296304403700711205e+00 9.568909060696693558e+00 7.807904793320420644e+00
2.976213333637955571e+01 4.539886243619763562e+00 9.572163989155727748e+00 4.539886243619763562e+00 3.012365912003474122e+01 9.581999151364373191e+00 9.572163989155727748e+00 9.581999151364373191e+00 8.126887782305651342e+00
2.996685953934878199e+01 4.615893221690155812e+00 9.842375833879124514e+00 4.615893221690155812e+00 3.019709734375367916e+01 9.574732743507180288e+00 9.842375833879124514e+00 9.574732743507180288e+00 8.407216296563881031e+00
-1.975610165950561736e+01 -3.142822602994353343e+00 1.628664427582287288e+01 -3.142822602994353343e+00 1.830724479739530963e+01 -1.367935398470914166e+00 1.628664427582287288e+01 -1.367935398470914166e+00 -3.556976382678161741e+01
-1.968157258853488401e+01 -3.122564762617447975e+00 1.624658650285334716e+01 -3.122564762617447975e+00 1.832140330608549661e+01 -1.381709264622300593e+00 1.624658650285334716e+01 -1.381709264622300593e+00 -3.543475429566210977e+01
-1.954200229588387216e+01 -3.102306922240541720e+00 1.619339593463044125e+01 -3.102306922240541720e+00 1.837201127440501836e+01 -1.391142164978635520e+00 1.619339593463044125e+01 -1.391142164978635520e+00 -3.516907619921815353e+01
-1.933761057728903054e+01 -3.082012449240893126e+00 1.612690772435180975e+01 -3.082012449240893126e+00 1.845905038604250237e+01 -1.396105885360318544e+00 1.612690772435180975e+01 -1.396105885360318544e+00 -3.477362703670694799e+01
-1.906967957454637386e+01 -3.061772925175358928e+00 1.604706692308333515e+01 -3.061772925175358928e+00 1.858167809067485621e+01 -1.396582109455978271e+00 1.604706692308333515e+01 -1.396582109455978271e+00 -3.425095277540913230e+01
-1.873967459256562407e+01 -3.041661615289425136e+00 1.595378194926816207e+01 -3.041661615289425136e+00 1.873868551175156227e+01 -1.392644102511100268e+00 1.595378194926816207e+01 -1.392644102511100268e+00 -3.360376422940769459e+01
-1.834878619158592628e+01 -3.021715152205835420e+00 1.584703448659491976e+01 -3.021715152205835420e+00 1.892904693583581377e+01 -1.384456711328029055e+00 1.584703448659491976e+01 -1.384456711328029055e+00 -3.283675037441374656e+01
-1.789974350200163755e+01 -3.001988484858703732e+00 1.572647652514754668e+01 -3.001988484858703732e+00 1.915052777294028274e+01 -1.372221415331850825e+00 1.572647652514754668e+01 -1.372221415331850825e+00 -3.195101018910957436e+01
-1.739525733789574602e+01 -2.982463296936658903e+00 1.559203479968055994e+01 -2.982463296936658903e+00 1.940094838201175875e+01 -1.356267908127253285e+00 1.559203479968055994e+01 -1.356267908127253285e+00 -3.095350387181636975e+01
-1.683758060556694858e+01 -2.963194537373815773e+00 1.544347119814612590e+01 -2.963194537373815773e+00 1.967825733617663886e+01 -1.336925883318923702e+00 1.544347119814612590e+01 -1.336925883318923702e+00 -2.984932335709540041e+01
-3.512900503395920282e+01 8.625398430420172957e+00 -9.614724189016909506e+00 8.625398430420172957e+00 -2.963324063139090114e+01 -8.042804903149793461e+00 -9.614724189016909506e+00 -8.042804903149793461e+00 -2.016404708095648957e+01
-3.501926833884682821e+01 8.504754002008223068e+00 -9.470154335232821907e+00 8.504754002008223068e+00 -2.964171814431803753e+01 -7.920521488905264640e+00 -9.470154335232821907e+00 -7.920521488905264640e+00 -2.002211467563861902e+01
-3.487322904948870672e+01 8.377346402172182849e+00 -9.307819382136980124e+00 8.377346402172182849e+00 -2.961945054369609309e+01 -7.783166940568049696e+00 -9.307819382136980124e+00 -7.783166940568049696e+00 -1.980552363980911323e+01
-3.469403326512667007e+01 8.243929187616682697e+00 -9.127606296223692794e+00 8.243929187616682697e+00 -2.956884921097990215e+01 -7.631193392160931843e+00 -9.127606296223692794e+00 -7.631193392160931843e+00 -1.951696793868703139e+01
-3.448275480406483240e+01 8.105105203705431194e+00 -8.929646949916266507e+00 8.105105203705431194e+00 -2.949042279694509006e+01 -7.465241366882845675e+00 -8.929646949916266507e+00 -7.465241366882845675e+00 -1.915797352459925662e+01
-3.424090077971246160e+01 7.961759879566375986e+00 -8.713903665379469032e+00 7.961759879566375986e+00 -2.938494369721390598e+01 -7.286026743603197353e+00 -8.713903665379469032e+00 -7.286026743603197353e+00 -1.873091410116538924e+01
-3.397035508383113722e+01 7.814646771904146583e+00 -8.480376442613305699e+00 7.814646771904146583e+00 -2.925365528034899754e+01 -7.094359595779466510e+00 -8.480376442613305699e+00 -7.094359595779466510e+00 -1.823816337200503312e+01
-3.367322767519383575e+01 7.664557115258612718e+00 -8.228876892441611801e+00 7.664557115258612718e+00 -2.909780091491300880e+01 -6.890955802281058418e+00 -8.228876892441611801e+00 -6.890955802281058418e+00 -1.768309350337141694e+01
-3.335191109633777984e+01 7.512376338757720262e+00 -7.959235464605851185e+00 7.512376338757720262e+00 -2.891896306998567923e+01 -6.676606597647835706e+00 -7.959235464605851185e+00 -6.676606597647835706e+00 -1.706920853394110082e+01
-3.300889208438825762e+01 7.358876838023716616e+00 -7.671113058588931999e+00 7.358876838023716616e+00 -2.871870537572911886e+01 -6.452027860749203647e+00 -7.671113058588931999e+00 -6.452027860749203647e+00 -1.640044579749578801e+01
-1.173953910605758821e+01 -7.506721751042943147e+00 -4.924225457712644527e+00 -7.506721751042943147e+00 1.418922161675020943e+00 1.244142723140093665e+01 -4.924225457712644527e+00 1.244142723140093665e+01 -5.939931026373619360e+00
-1.174183559797639553e+01 -7.530415715284603628e+00 -4.906181592636302824e+00 -7.530415715284603628e+00 1.180360394014177139e+00 1.234761735913030023e+01 -4.906181592636302824e+00 1.234761735913030023e+01 -6.293991756649388591e+00
-1.171779533733428025e+01 -7.545707435283643960e+00 -4.869054973282254117e+00 -7.545707435283643960e+00 9.526067192727986077e-01 1.223213662264171298e+01 -4.869054973282254117e+00 1.223213662264171298e+01 -6.617833569453871689e+00
-1.166783752503705429e+01 -7.552341745271309748e+00 -4.812645112260762303e+00 -7.552341745271309748e+00 7.376113329692373100e-01 1.209544067509367160e+01 -4.812645112260762303e+00 1.209544067509367160e+01 -6.909797887290150875e+00
